-0.025065793835156943
0.00914453499581389
-0.05294129446377436
-0.047943625157360135
-0.003503656787008767
-0.028789228321731426
-0.015919216946922693
-0.009554129152006083
-0.025136876641826178
-0.04934603308061094
-0.009554129152006083
-0.045998498894035886
-0.03439865871486488
-0.035228025936119005
-0.006828861918932308
-0.025937598891172427
-0.035228025936119005
0.00914453499581389
-0.04502543922727937
-0.016138371979431222
-0.0047282598289839235
-0.01756934073713838
-0.060660778475330364
-0.04140548142085819
-0.031821008420332794
-0.05132443864296033
-0.019025103815210883
0.004760995837552164
-0.01847953165930277
-0.0099134734071804
-0.017526683018017155
-0.03713898221062607
-0.03166296771780933
-0.018476061688251114
-0.010210365843325148
-0.035017433391481105
0.04303069914737456
0.010550017542098397
-0.0024242627933548813
-0.021300823264195974
-0.02413314702642072
-0.04945036161638926
-0.013658169139033671
-0.055708168502606244
0.04303069914737456
-0.014055866317314099
-0.047943625157360135
0.018773659846038324
-0.039012472394735966
0.011598932297641083
-0.05294129446377436
-0.03606794778878142
-0.02959927008628028
-0.02601274236473562
-0.05060832584939663
0.011598932297641083
0.059323080164174376
-0.04573540335795863
0.011500554554173037
-0.047402946543902466
-0.014319933751949643
-0.01563792832960034
-0.010210365843325148
0.004760995837552164
-0.020864440252769855
-0.0007282954716795531
-0.01563792832960034
-0.0007282954716795531
-0.015951723433103724
-0.025136876641826178
-0.025937598891172427
-0.02035103184087205
-0.007639286078202307
-0.01909437041929683
-0.009810112332239874
0.0005063781232376485
-0.026585330504375674
-0.08601165269461175
-0.0007282954716795531
-0.04140548142085819
0.011500554554173037
0.016921079589658942
0.007798946739524933
0.011598932297641083
-0.021575668531656936
-0.08601165269461175
-0.055741824429360605
-0.02173827936207605
-0.021575668531656936
-0.060660778475330364
-0.014355150926145508
0.0032022040131038047
-0.0024242627933548813
-0.03920189671808528
-0.04934603308061094
-0.021300823264195974
-0.04879515563224555
-0.015919216946922693
-0.018476061688251114
-0.008656927784012813
-0.046285341013136895
-0.006828861918932308
-0.02035103184087205
-0.021575668531656936
-0.016138371979431222
-0.023722570730812954
-0.037692686726839474
-0.02173827936207605
-0.028079705453517127
-0.039012472394735966
-0.007639286078202307
-0.030638039032756033
-0.031821008420332794
-0.0024242627933548813
-0.023321197030625882
-0.04179150048832459
-0.040331410350496616
-0.020864440252769855
-0.035144986778433814
-0.031201384124401568
-0.025369410016048068
-0.0609648146905851
-0.051298661162499336
-0.009554129152006083
-0.008656927784012813
-0.013658169139033671
-0.019781358641161907
-0.00213868373824796
-0.01756934073713838
-0.006828861918932308
0.011500554554173037
-0.055708168502606244
-0.009741943595384267
-0.05100885679054156
-0.047943625157360135
-0.035228025936119005
-0.0609648146905851
-0.05183787676582049
-0.051298661162499336
-0.016138371979431222
-0.008656927784012813
-0.0007282954716795531
-0.028325344666392558
-0.060660778475330364
-0.04179150048832459
0.010550017542098397
0.0098239043857048
-0.0007282954716795531
-0.025369410016048068
0.010550017542098397
0.04303069914737456
-0.02880476178849675
-0.02887207960546985
-0.040331410350496616
0.016011463698810582
-0.05294129446377436
0.016011463698810582
-0.016138371979431222
-0.03140994109798516
-0.04837060056579316
0.012419790536768454
-0.017546880438878962
-0.04837060056579316
-0.00603624160388812
-0.037692686726839474
-0.08601165269461175
-0.023722570730812954
-0.025937598891172427
0.04303069914737456
-0.02173827936207605
-0.04102107964401387
-0.01654683520469754
-0.04945036161638926
-0.08601165269461175
-0.014055866317314099
-0.08601165269461175
-0.019025103815210883
-0.028789228321731426
-0.019781358641161907
-0.039012472394735966
0.0066932877420306566
-0.04502543922727937
-0.04179150048832459
0.016011463698810582
-0.031821008420332794
-0.021575668531656936
-0.040973850272959356
0.04303069914737456
-0.030471444107577253
-0.055741824429360605
-0.015912552961346974
-0.029572439605686264
-0.0026058347862902907
-0.05666488728974004
-0.015951723433103724
-0.04945036161638926
-0.047943625157360135
0.010550017542098397
-0.04971867884482068
-0.026585330504375674
-0.0024242627933548813
-0.022697523297240788
-0.05183787676582049
0.04303069914737456
-0.009151338373724992
0.02197579156236909
-0.010210365843325148
-0.02822596417148131
-0.04502543922727937
0.02197579156236909
0.010550017542098397
-0.014319933751949643
-0.025065793835156943
-0.05100885679054156
-0.021300823264195974
0.011598932297641083
0.0009104805507879867
-0.018498471415511652
-0.03166296771780933
-0.003503656787008767
-0.04879515563224555
-0.02173827936207605
0.006546188244335169
-0.04945036161638926
-0.021575668531656936
-0.04201605560482614
-0.030638039032756033
-0.023722570730812954
-0.01654683520469754
-0.02959927008628028
-0.03166296771780933
0.0032022040131038047
-0.04945036161638926
-0.007295404697094438
-0.05306083014709923
0.0005063781232376485
0.007798946739524933
-0.027609151442882954
-0.08764837959237144
-0.025065793835156943
-0.014055866317314099
-0.04837060056579316
-0.011962549609680104
-0.02413314702642072
-0.04654809146876106
-0.0024242627933548813
-0.025136876641826178
-0.009741943595384267
0.004760995837552164
0.0032022040131038047
-0.060660778475330364
-0.015912552961346974
-0.003503656787008767
-0.023321197030625882
0.0066932877420306566
-0.0047282598289839235
-0.042498851954695646
-0.01909437041929683
-0.03329490273333055
-0.05666488728974004
-0.007639286078202307
-0.031821008420332794
-0.035017433391481105
0.04303069914737456
-0.022697523297240788
-0.04654809146876106
-0.042498851954695646
0.016921079589658942
-0.03439865871486488
-0.01970942182592238
-0.021300823264195974
-0.01756934073713838
-0.005551237663815029
-0.04971867884482068
-0.040973850272959356
-0.040973850272959356
-0.015912552961346974
-0.03920189671808528
-0.05060832584939663
-0.017546880438878962
-0.02277021003326403
-0.0609648146905851
-0.015919216946922693
-0.007295404697094438
-0.028325344666392558
-0.02035103184087205
-0.055741824429360605
-0.025322623625251447
-0.039012472394735966
-0.035228025936119005
-0.0047282598289839235
-0.020858687023289465
-0.04201605560482614
-0.003503656787008767
-0.04102107964401387
0.0005063781232376485
-0.0007282954716795531
-0.05183787676582049
-0.027609151442882954
-0.060660778475330364
-0.06539638588207959
-0.011962549609680104
-0.014319933751949643
-0.018476061688251114
-0.05137424169801202
-0.021575668531656936
-0.05666488728974004
-0.031821008420332794
-0.03606794778878142
-0.02035103184087205
-0.019025103815210883
-0.037692686726839474
-0.03329490273333055
-0.040331410350496616
-0.02822596417148131
-0.02880476178849675
-0.031821008420332794
-0.030638039032756033
-0.015912552961346974
0.04303069914737456
-0.02822596417148131
-0.02880476178849675
-0.009554129152006083
-0.04879515563224555
-0.04837060056579316
-0.023722570730812954
-0.02959927008628028
-0.01780021124094622
-0.05060832584939663
-0.0153221199050462
0.02197579156236909
0.011598932297641083
-0.05132443864296033
-0.011962549609680104
-0.07317215743962736
0.004760995837552164
-0.08764837959237144
-0.03713898221062607
-0.03439865871486488
-0.031201384124401568
-0.04201605560482614
-0.0047282598289839235
-0.031821008420332794
-0.025322623625251447
-0.011962549609680104
-0.047402946543902466
-0.05183787676582049
-0.003503656787008767
-0.011962549609680104
-0.017526683018017155
-0.047402946543902466
-0.0026058347862902907
-0.055708168502606244
0.016011463698810582
-0.039012472394735966
-0.009554129152006083
-0.02880476178849675
-0.00603624160388812
-0.02277021003326403
-0.04934603308061094
-0.0024242627933548813
-0.031201384124401568
-0.037692686726839474
0.04303069914737456
-0.012676412697486475
0.0098239043857048
-0.02413314702642072
-0.013021729760708041
-0.0007282954716795531
0.007798946739524933
-0.016138371979431222
-0.029572439605686264
-0.06539638588207959
-0.031201384124401568
-0.02185705740667881
-0.009554129152006083
-0.023321197030625882
-0.030638039032756033
-0.025937598891172427
-0.04971867884482068
-0.016138371979431222
-0.06539638588207959
-0.03606794778878142
-0.04934603308061094
-0.014319933751949643
-0.03920189671808528
-0.02413314702642072
-0.011962549609680104
-0.011962549609680104
-0.02277021003326403
-0.005551237663815029
-0.01756934073713838
-0.013021729760708041
-0.035017433391481105
0.011500554554173037
-0.006828861918932308
0.012419790536768454
-0.04140548142085819
-0.0099134734071804
-0.06539638588207959
-0.030638039032756033
0.004760995837552164
0.0098239043857048
0.011598932297641083
-0.01970942182592238
-0.006828861918932308
-0.04573540335795863
-0.02413314702642072
-0.025322623625251447
-0.015919216946922693
-0.08601165269461175
-0.011962549609680104
-0.017526683018017155
-0.013021729760708041
-0.011962549609680104
-0.0024242627933548813
-0.035017433391481105
-0.03166296771780933
-0.02887207960546985
-0.02277021003326403
-0.025369410016048068
-0.025369410016048068
-0.040973850272959356
-0.013658169139033671
-0.01970942182592238
0.02197579156236909
-0.023321197030625882
-0.022697523297240788
-0.026585330504375674
-0.04379769269639409
-0.01654683520469754
0.02197579156236909
0.0098239043857048
-0.00603624160388812
0.010550017542098397
-0.040331410350496616
-0.04179150048832459
-0.025065793835156943
-0.045998498894035886
-0.03713898221062607
-0.025065793835156943
-0.026585330504375674
-0.035017433391481105
-0.051298661162499336
-0.05666488728974004
-0.01909437041929683
-0.03606794778878142
-0.022697523297240788
0.0098239043857048
-0.030471444107577253
-0.006828861918932308
0.0032022040131038047
-0.024189338229567738
0.018773659846038324
-0.04573540335795863
0.0066932877420306566
0.011500554554173037
-0.02413314702642072
-0.008656927784012813
0.0032022040131038047
0.0308310124403993
-0.05306083014709923
0.0308310124403993
0.0098239043857048
-0.02035103184087205
-0.05132443864296033
-0.0026058347862902907
0.0005063781232376485
-0.02959927008628028
-0.006828861918932308
-0.014355150926145508
-0.02035103184087205
0.018773659846038324
-0.020858687023289465
-0.02601274236473562
-0.008656927784012813
-0.026585330504375674
-0.035228025936119005
-0.022697523297240788
-0.01654683520469754
-0.021300823264195974
-0.019025103815210883
-0.025136876641826178
-0.030638039032756033
-0.010210365843325148
0.0308310124403993
-0.0609648146905851
-0.020858687023289465
-0.013021729760708041
-0.021575668531656936
-0.010210365843325148
-0.047943625157360135
-0.023321197030625882
-0.02601274236473562
-0.04934603308061094
-0.0047282598289839235
-0.05060832584939663
-0.03920189671808528
-0.016138371979431222
-0.01756934073713838
-0.005551237663815029
-0.014319933751949643
-0.04140548142085819
-0.04201605560482614
-0.03713898221062607
-0.05060832584939663
-0.030471444107577253
-0.02601274236473562
-0.040331410350496616
-0.04201605560482614
0.011598932297641083
-0.04140548142085819
-0.03920189671808528
-0.02959927008628028
-0.0024242627933548813
-0.031821008420332794
-0.035228025936119005
-0.015951723433103724
0.004760995837552164
-0.018476061688251114
-0.0007282954716795531
-0.055741824429360605
-0.018476061688251114
-0.024189338229567738
-0.00603624160388812
-0.02413314702642072
-0.03559180563165789
-0.0026058347862902907
-0.03329490273333055
0.006546188244335169
-0.03920189671808528
-0.010210365843325148
-0.017546880438878962
-0.025322623625251447
-0.03166296771780933
-0.015912552961346974
0.007798946739524933
0.010550017542098397
-0.015951723433103724
-0.03140994109798516
-0.040973850272959356
-0.05100885679054156
-0.060660778475330364
-0.04502543922727937
0.0009104805507879867
-0.013021729760708041
-0.023321197030625882
-0.018476061688251114
-0.02959927008628028
-0.04179150048832459
-0.009151338373724992
-0.025065793835156943
-0.030638039032756033
-0.01847953165930277
-0.028325344666392558
-0.014355150926145508
-0.023722570730812954
-0.051298661162499336
-0.020864440252769855
-0.007639286078202307
-0.0609648146905851
-0.016138371979431222
-0.009151338373724992
-0.04654809146876106
-0.04837060056579316
-0.05183787676582049
-0.01847953165930277
-0.043448903037775696
-0.03920189671808528
-0.005551237663815029
0.004760995837552164
-0.018498471415511652
-0.03920189671808528
0.011598932297641083
-0.025369410016048068
-0.0007282954716795531
0.006546188244335169
-0.03713898221062607
-0.021300823264195974
-0.03920189671808528
-0.04573540335795863
-0.01780021124094622
-0.04837060056579316
-0.02277021003326403
-0.031821008420332794
-0.01756934073713838
0.0066932877420306566
-0.02887207960546985
-0.037692686726839474
0.00914453499581389
-0.05183787676582049
-0.00213868373824796
-0.05132443864296033
-0.05137424169801202
-0.025937598891172427
0.010550017542098397
-0.02887207960546985
-0.040331410350496616
-0.01970942182592238
-0.015951723433103724
-0.006828861918932308
-0.015919216946922693
0.02197579156236909
-0.014055866317314099
0.004760995837552164
-0.05337694394890596
-0.023548302430825625
0.0098239043857048
-0.019781358641161907
-0.046285341013136895
-0.0153221199050462
-0.03920189671808528
-0.04201605560482614
-0.01847953165930277
-0.028789228321731426
-0.042498851954695646
-0.03166296771780933
-0.007295404697094438
0.010550017542098397
-0.0609648146905851
-0.060660778475330364
-0.008656927784012813
0.011598932297641083
0.004760995837552164
-0.02880476178849675
-0.046285341013136895
-0.055741824429360605
-0.01970942182592238
-0.040973850272959356
-0.025322623625251447
-0.024189338229567738
-0.02959927008628028
-0.022697523297240788
-0.01847953165930277
-0.04654809146876106
0.007798946739524933
-0.009554129152006083
-0.030471444107577253
-0.047943625157360135
-0.05183787676582049
-0.05132443864296033
0.006546188244335169
0.011500554554173037
-0.005551237663815029
-0.01780021124094622
-0.028079705453517127
-0.00213868373824796
-0.02173827936207605
-0.035144986778433814
-0.017546880438878962
-0.025322623625251447
-0.02173827936207605
-0.02277021003326403
-0.01563792832960034
-0.05060832584939663
-0.04879515563224555
-0.007295404697094438
-0.030471444107577253
0.02197579156236909
-0.018476061688251114
-0.02185705740667881
-0.08764837959237144
-0.055708168502606244
0.004760995837552164
-0.05132443864296033
-0.05060832584939663
0.04303069914737456
-0.012676412697486475
-0.029572439605686264
-0.006828861918932308
-0.015919216946922693
-0.023321197030625882
-0.04837060056579316
-0.0007282954716795531
-0.021575668531656936
-0.0609648146905851
0.059323080164174376
-0.0609648146905851
0.0032022040131038047
-0.02887207960546985
-0.035017433391481105
-0.031821008420332794
-0.05132443864296033
-0.028079705453517127
-0.05666488728974004
-0.04102107964401387
-0.042498851954695646
-0.08764837959237144
-0.055708168502606244
-0.031821008420332794
-0.025065793835156943
-0.003503656787008767
-0.012676412697486475
-0.03329490273333055
-0.026585330504375674
-0.02173827936207605
-0.03439865871486488
-0.05666488728974004
-0.01909437041929683
0.04303069914737456
0.012419790536768454
-0.01780021124094622
-0.037692686726839474
-0.028079705453517127
-0.006828861918932308
-0.0007282954716795531
-0.0026058347862902907
-0.015919216946922693
-0.04837060056579316
-0.014413630944466883
-0.03713898221062607
-0.025322623625251447
-0.025322623625251447
-0.025369410016048068
-0.01970942182592238
-0.0153221199050462
-0.024189338229567738
-0.018476061688251114
-0.05183787676582049
-0.030471444107577253
0.0032022040131038047
-0.03920189671808528
-0.021575668531656936
-0.025065793835156943
-0.0034232906167496855
0.04303069914737456
-0.00603624160388812
0.0009104805507879867
-0.01970942182592238
-0.02601274236473562
-0.055708168502606244
-0.04945036161638926
-0.027609151442882954
-0.016138371979431222
-0.023548302430825625
-0.02822596417148131
-0.08601165269461175
0.0009104805507879867
-0.03166296771780933
-0.015912552961346974
-0.02601274236473562
-0.005551237663815029
-0.014413630944466883
-0.060660778475330364
0.0009104805507879867
0.004760995837552164
-0.03920189671808528
-0.006828861918932308
0.04303069914737456
-0.04879515563224555
-0.03559180563165789
-0.040331410350496616
-0.04102107964401387
-0.015912552961346974
-0.014413630944466883
-0.028789228321731426
-0.05294129446377436
0.006546188244335169
-0.035144986778433814
-0.014319933751949643
-0.030471444107577253
-0.018476061688251114
-0.009810112332239874
-0.015951723433103724
-0.02035103184087205
-0.03920189671808528
-0.00603624160388812
0.016921079589658942
-0.01756934073713838
0.04303069914737456
-0.031201384124401568
-0.009554129152006083
-0.02601274236473562
0.006546188244335169
0.004760995837552164
-0.013658169139033671
-0.04140548142085819
-0.05060832584939663
-0.04140548142085819
-0.028079705453517127
-0.043448903037775696
0.0009104805507879867
-0.02035103184087205
0.006546188244335169
-0.047402946543902466
-0.01563792832960034
-0.028079705453517127
-0.013658169139033671
-0.028789228321731426
-0.037692686726839474
-0.02601274236473562
-0.030471444107577253
0.012419790536768454
-0.04971867884482068
-0.0047282598289839235
-0.028789228321731426
-0.022697523297240788
0.007798946739524933
-0.02185705740667881
-0.05137424169801202
-0.02959927008628028
-0.060660778475330364
-0.039012472394735966
-0.05137424169801202
-0.025322623625251447
0.02197579156236909
-0.02413314702642072
0.011500554554173037
-0.012676412697486475
-0.05666488728974004
-0.05306083014709923
-0.009151338373724992
-0.016138371979431222
-0.03439865871486488
-0.010210365843325148
0.011598932297641083
0.011500554554173037
-0.00603624160388812
-0.014355150926145508
-0.04379769269639409
0.011500554554173037
-0.020864440252769855
-0.025322623625251447
-0.08764837959237144
0.0032022040131038047
-0.05060832584939663
-0.055708168502606244
-0.015919216946922693
-0.009554129152006083
-0.02277021003326403
-0.055708168502606244
-0.010210365843325148
0.016921079589658942
-0.040973850272959356
-0.014413630944466883
-0.047943625157360135
-0.02413314702642072
-0.016138371979431222
-0.07317215743962736
0.016921079589658942
0.0098239043857048
-0.03920189671808528
-0.027609151442882954
0.0005063781232376485
-0.04102107964401387
-0.0153221199050462
-0.05294129446377436
-0.028789228321731426
-0.028325344666392558
-0.0026058347862902907
0.0005063781232376485
-0.03559180563165789
-0.01563792832960034
-0.039012472394735966
0.010550017542098397
-0.04945036161638926
-0.055741824429360605
-0.018476061688251114
-0.015912552961346974
0.02197579156236909
-0.040973850272959356
-0.035144986778433814
-0.012676412697486475
-0.039012472394735966
-0.03920189671808528
-0.006828861918932308
-0.009810112332239874
-0.046285341013136895
-0.047943625157360135
-0.02601274236473562
-0.028325344666392558
-0.02880476178849675
-0.021575668531656936
-0.055708168502606244
-0.031201384124401568
-0.027609151442882954
-0.04502543922727937
-0.015919216946922693
0.012419790536768454
0.00914453499581389
-0.015951723433103724
-0.045998498894035886
-0.016138371979431222
-0.031201384124401568
-0.03606794778878142
-0.016138371979431222
-0.039012472394735966
-0.01654683520469754
-0.029572439605686264
0.012419790536768454
-0.02887207960546985
-0.023722570730812954
-0.025937598891172427
0.004760995837552164
-0.06539638588207959
-0.026585330504375674
-0.018498471415511652
-0.009741943595384267
-0.009151338373724992
-0.017546880438878962
-0.042498851954695646
-0.05294129446377436
-0.03166296771780933
0.04303069914737456
-0.05666488728974004
-0.027609151442882954
0.011598932297641083
-0.0099134734071804
-0.04945036161638926
-0.04502543922727937
-0.021300823264195974
-0.016138371979431222
-0.04502543922727937
-0.0026058347862902907
-0.028079705453517127
-0.06539638588207959
-0.05306083014709923
-0.014355150926145508
0.0032022040131038047
-0.016138371979431222
-0.018476061688251114
-0.04573540335795863
-0.02822596417148131
-0.04140548142085819
-0.009554129152006083
0.010550017542098397
-0.015912552961346974
0.0098239043857048
0.016921079589658942
-0.022697523297240788
0.00914453499581389
0.0032022040131038047
-0.060660778475330364
-0.013658169139033671
-0.02822596417148131
-0.00213868373824796
-0.01654683520469754
-0.01654683520469754
-0.020858687023289465
-0.022697523297240788
-0.05183787676582049
-0.04945036161638926
-0.03920189671808528
-0.023722570730812954
-0.06539638588207959
-0.05294129446377436
-0.0609648146905851
-0.05137424169801202
-0.013021729760708041
-0.013658169139033671
-0.035017433391481105
-0.0609648146905851
-0.04837060056579316
-0.02185705740667881
-0.040331410350496616
-0.01780021124094622
-0.0026058347862902907
-0.04102107964401387
-0.07317215743962736
-0.02185705740667881
-0.02822596417148131
-0.046285341013136895
-0.013021729760708041
-0.014355150926145508
-0.0047282598289839235
-0.016138371979431222
-0.03140994109798516
-0.030638039032756033
0.004760995837552164
-0.03713898221062607
0.011500554554173037
-0.0034232906167496855
-0.039012472394735966
-0.03920189671808528
-0.055741824429360605
-0.01970942182592238
-0.013021729760708041
-0.011962549609680104
0.006546188244335169
-0.014413630944466883
-0.015951723433103724
-0.012676412697486475
-0.030638039032756033
-0.015919216946922693
-0.009151338373724992
-0.017526683018017155
-0.013658169139033671
-0.051298661162499336
-0.020864440252769855
-0.05183787676582049
-0.047943625157360135
0.007798946739524933
-0.04502543922727937
-0.043448903037775696
-0.01563792832960034
-0.01847953165930277
0.0009104805507879867
-0.030638039032756033
-0.020864440252769855
0.007798946739524933
