-0.011601215699715783
-0.011447132407148128
-0.024536318227330312
-0.013451760458025253
-0.003770149015444503
-0.033316185602570395
-0.018957358050813205
2.279236727949858e-05
-0.018741762487179004
-0.056324272911142066
-0.027408097658585016
-0.01368649766367551
0.0032656445443253164
-0.02411837266547107
-0.014800351846398097
-0.05746703467051714
-0.0006559554318077832
-0.010711379537368405
-0.04535370253647077
-0.04724732853222251
-0.03407404523994724
-0.02288854518981955
-0.003770149015444503
-0.02052760195747935
0.014053350673696355
-0.007005010320436002
-0.027626848870140202
-0.011527632371757704
-0.021876262282907954
0.008535766355990786
-0.011858482107298967
0.008743478842462208
-0.01434740452687539
-0.04671429090543274
-0.05737606168388055
0.007059112138428468
0.0032656445443253164
-0.034700482493457356
0.0063214367398953236
-0.020953935660576194
-0.00017057945570452955
-0.02325340116866301
0.0008093787017330392
-0.020953935660576194
-0.015829588999057915
-0.019593438925391567
-0.02211467782877446
-0.013839883957092711
-0.009891957871417851
-0.011249703088276747
-0.01368649766367551
-0.009139743710988557
-0.05746703467051714
-0.015829588999057915
-0.007945244939561962
-0.0029605571315565694
-0.01141428192262583
-0.02411837266547107
0.006356355128345997
-0.015727187109176033
-0.019302825790522758
-0.011671003020562476
0.014053350673696355
-0.03958654692677121
0.00014463950053053017
-0.03754608148029623
0.004139367317322087
-0.041318256446550655
0.015715325154083307
-0.01784440485557941
-0.03459861131970009
-0.028954678140943647
-0.011838119433994881
0.0012567434801098595
-0.01669627601313248
-0.03677776278162803
-0.03792700114916157
-0.027408097658585016
-0.016531150777036152
-0.014039722491804256
0.004139367317322087
-0.01973078872100972
-0.009891957871417851
-0.010346907037588313
-0.028078825210750405
-0.04316110346949277
-0.019404651016390145
-0.051528294347125726
-0.0169250714556522
0.017300365803205483
-0.03362801565217777
-0.02074855230491527
-0.06022354557194697
-0.019593438925391567
-0.019320083175150726
0.015238561985334024
-0.028954678140943647
-0.004725919366426328
-0.013451760458025253
-0.025740255342857652
-0.021925131802240094
-0.022841533980327042
-0.019418791746727115
-0.01636683145542154
-0.022043677895788507
-0.02983298582914952
0.0052473512575185064
-0.019302825790522758
-0.08335479248915802
-0.015727187109176033
-0.018741762487179004
0.004139367317322087
-0.0028699647963572406
-0.007186559295977455
0.004139367317322087
-0.046587543813214866
-0.02121519081604011
-0.04535370253647077
-0.012698259657865927
-0.0007442255577411349
-0.046587543813214866
-0.007945244939561962
-0.03273256616143194
-0.005272893274540763
-0.029774631779162845
-0.017816154647358556
-0.029182229595498665
-0.01711058158090178
0.005476418516695054
-0.009994031042349907
-0.014532983303085157
-0.041318256446550655
-0.027408097658585016
-0.015730319410674556
-0.006208406134351913
-0.009139743710988557
-0.01442920507767559
-0.008511134445962456
-0.03493062408502855
-0.02052760195747935
-0.022161095126551077
-0.002646145078684104
0.0033051256733659627
-0.02121519081604011
-0.013436436914642708
-0.009634960627119868
-0.006763424407699484
-0.047271414430471136
-0.013436436914642708
-0.01973078872100972
-0.011601215699715783
-0.02995183783211726
0.011373007293281667
-0.01309040608907994
0.015715325154083307
-0.013451760458025253
-0.0016748197682225298
-0.004707758978020649
-0.011858482107298967
0.018278676704464248
0.006164227009264583
-0.023706797771853156
-0.014039722491804256
-0.01293991390416932
0.004249958560141042
-0.02411837266547107
-0.009891957871417851
-0.021876262282907954
-0.012741239462625792
-0.03534532998290507
-0.02356778149209318
0.005476418516695054
-0.01434740452687539
0.006415122982300549
-0.0011918947319798062
-0.024967140826721936
-0.014476165457250112
-0.03301053138152512
-0.022691901757781283
-0.011403765854772057
-0.0367760143284717
-0.04944213786932184
-0.021925131802240094
-0.05748326970854755
0.0016698631819157745
-0.047043734868410333
-0.033316185602570395
-0.03792700114916157
-0.046587543813214866
-0.022161095126551077
-0.012150699309066643
-0.008451404726649873
0.0012567434801098595
-0.019418791746727115
0.0025941210409748715
-0.019302825790522758
-0.012150699309066643
-0.02211467782877446
-0.0634192256685964
-0.027708431853039363
-0.08335479248915802
-0.004707758978020649
-0.011838119433994881
-0.009994031042349907
-0.04671429090543274
-0.03534532998290507
-0.0006559554318077832
0.006415122982300549
-0.02946378263033603
-0.01681569751105958
-0.009994031042349907
-0.03466987065135443
-0.06760244833228557
-0.011447132407148128
-0.02057259367130283
0.0015578415882593162
0.007059112138428468
0.0012730985486837823
-0.014039722491804256
-0.01368649766367551
0.004249958560141042
-0.01711058158090178
-0.03130795651395199
-0.027408097658585016
-0.047271414430471136
-0.0007944314169056878
-0.029774631779162845
0.00023031268904379762
-0.015337031813339794
0.010293453022874358
-0.014552696673552933
-0.022043677895788507
-0.009634960627119868
-0.00047070949412933124
-0.03754608148029623
-0.05748326970854755
-0.009816830049967194
-0.0367760143284717
-0.016531150777036152
-0.04174261287883279
-0.03534532998290507
-0.004630591140995352
0.007059112138428468
-0.009891957871417851
-0.013436436914642708
-0.017045116695062926
-0.015869789922776916
-0.016310191947691347
-0.009603879314182903
0.008824016468342154
0.00484665026022406
-0.01105426171681309
-0.011858482107298967
-0.014532983303085157
-0.014552696673552933
-0.05746703467051714
0.005329528579717419
-0.04032112129376826
-0.052900718502593376
-0.029182229595498665
0.0014121013486656608
-0.030992974339404265
-0.03273256616143194
-0.052900718502593376
-0.005272893274540763
-0.023706797771853156
-0.033071785294345936
0.0025941210409748715
-0.0036267032120773403
-0.011527632371757704
-0.021378372806853833
-0.02121519081604011
0.008743478842462208
0.00883963603407767
-0.0016748197682225298
-0.047271414430471136
-0.019593438925391567
-0.053647447904840495
-0.013436436914642708
-0.04062010068132935
-0.03130795651395199
-0.04724732853222251
0.010293453022874358
-0.020959852289142867
-0.018741762487179004
-0.032805268464113885
-0.023581773528631316
-0.010362902797359116
-0.009279245882630006
-0.015869789922776916
-0.013839883957092711
-0.033071785294345936
-0.03958654692677121
-0.022043677895788507
-0.015829588999057915
-0.02673177521611379
-0.012523337949139127
-0.021876262282907954
-0.041318256446550655
-0.02557180740901222
-0.01053669777898102
0.011373007293281667
-0.011671003020562476
-0.012741239462625792
-0.009816830049967194
-0.002977961216714026
-0.03226166296761236
-0.009464314565469326
-0.01958335582212549
0.004139367317322087
-0.009891957871417851
-0.02488502023062539
-0.01711058158090178
-0.020959852289142867
0.005329528579717419
-0.023896591652364272
-0.053647447904840495
-0.01512733821994014
-0.002646145078684104
-0.03677776278162803
-0.013451760458025253
-0.033316185602570395
-0.023513335877798098
-0.019593438925391567
0.017300365803205483
-0.05746703467051714
-0.020953935660576194
-0.017045116695062926
-0.01784440485557941
-0.01958335582212549
-0.011601215699715783
-0.024723141548278954
0.008824016468342154
-0.003788681621945246
0.006415122982300549
-0.05737606168388055
-0.03459861131970009
-0.028954678140943647
0.004654457189389603
-0.018733275799046854
-0.0011918947319798062
-0.01711058158090178
-0.019663953617043747
-0.023581773528631316
-0.027642438441766434
-0.015730319410674556
-0.006763424407699484
-0.03301053138152512
-0.05205713132189545
0.004654457189389603
-0.002977961216714026
-0.017732097402963505
-0.03509204180733309
-0.008511134445962456
-0.025499559409734203
-0.009279245882630006
-0.02673177521611379
0.015238561985334024
2.279236727949858e-05
-0.013436436914642708
-0.022841533980327042
-0.025499559409734203
-0.010346907037588313
-0.018957358050813205
-0.015730319410674556
-0.030560307613639686
-0.009464314565469326
0.0015578415882593162
0.0014121013486656608
-0.02599318794970085
-0.009891957871417851
-0.016307447509846997
0.008824016468342154
-0.04535370253647077
0.0014121013486656608
-0.011447132407148128
-0.01053669777898102
-0.01672596766233759
-0.011527632371757704
-0.01293991390416932
-0.014800351846398097
-0.020990985807334092
-0.05737606168388055
-0.025496445079253544
-0.02093190774788018
-0.04316110346949277
-0.030992974339404265
0.008805742165135015
0.0010249004494791696
-0.06022354557194697
0.0052473512575185064
-0.04062010068132935
-0.002977961216714026
-0.036184468132678414
-0.03196112127979075
-0.009891957871417851
-0.006248253038698095
-0.032009120450153215
-0.003770149015444503
-0.02093190774788018
-0.03216658446717305
-0.03459861131970009
-0.02673177521611379
0.008627888001084827
-0.03216658446717305
-0.019418791746727115
0.0012730985486837823
-0.024536318227330312
-0.011447132407148128
0.008535766355990786
-0.023447730641514782
0.014053350673696355
-0.0036521852024615966
-0.010782141158562204
0.004249958560141042
-0.01636683145542154
-0.01681569751105958
-0.023706797771853156
0.0033051256733659627
-0.011601215699715783
-0.008512924553239425
-0.03196112127979075
0.00484665026022406
-0.02288854518981955
-0.01672596766233759
-0.021378372806853833
-0.016307447509846997
-0.010711379537368405
-0.014039722491804256
-0.018741762487179004
-0.02325340116866301
-0.04174261287883279
0.015715325154083307
-0.028954678140943647
-0.01309040608907994
-0.025740255342857652
-0.02093190774788018
-0.02673177521611379
-0.018733275799046854
0.0021083092524462462
-0.033316185602570395
-0.03536818897624117
-0.013285052365452032
-0.02983298582914952
-0.01842582687723308
-0.0007944314169056878
-0.03792700114916157
0.004654457189389603
-0.02052760195747935
0.0063214367398953236
-0.02121519081604011
-0.024612114808049784
-0.004630591140995352
-0.03792700114916157
-0.004630591140995352
-0.025740255342857652
-0.02093190774788018
-0.02074855230491527
-0.02093190774788018
-0.051528294347125726
0.00883963603407767
-0.02057259367130283
-0.023447730641514782
-0.03466987065135443
-0.03466987065135443
-0.008451404726649873
-0.024723141548278954
-0.02288854518981955
-0.024612114808049784
-0.052900718502593376
-0.08335479248915802
0.005329528579717419
-0.03493062408502855
-0.019593438925391567
-0.03088926284521203
0.010293453022874358
-0.052900718502593376
-0.01681569751105958
0.0032656445443253164
-0.02356778149209318
-0.03534532998290507
-0.01669627601313248
-0.06022354557194697
-0.0367760143284717
-0.012150699309066643
-0.01842582687723308
-0.010711379537368405
-0.01681569751105958
0.006164227009264583
-0.01902075763298673
0.004654457189389603
0.004654457189389603
-0.02919632735913612
-0.025740255342857652
-0.011403765854772057
0.011373007293281667
-0.03196112127979075
-0.017487725098219956
-0.029774631779162845
-0.034700482493457356
-0.024787873148846513
-0.011892613182906719
-0.01681569751105958
-0.015730319410674556
-0.025496445079253544
-0.01105426171681309
-0.008511134445962456
-0.022691901757781283
-0.014800351846398097
0.006164227009264583
0.00023031268904379762
-0.02995183783211726
-0.04865013452864713
-0.011858482107298967
-0.018394466084266467
-0.013769103157798028
-0.0006559554318077832
-0.007681713091035136
-0.004707758978020649
-0.00017057945570452955
-0.05205713132189545
-0.04174261287883279
0.005329528579717419
0.010293453022874358
-0.013451760458025253
-0.0634192256685964
-0.0026899810191090543
-0.00017057945570452955
-0.00047070949412933124
-0.041318256446550655
-0.03686886040218854
-0.017487725098219956
-0.014476165457250112
-0.017732097402963505
-0.008512924553239425
-0.01843481410705057
-0.019302825790522758
-0.007681713091035136
-0.0036521852024615966
-0.002977961216714026
-0.05737606168388055
-0.01309040608907994
-0.014039722491804256
-0.033316185602570395
-0.015869789922776916
-0.0037873795207451705
-0.005272893274540763
-0.011601215699715783
-0.036184468132678414
-0.02052760195747935
-0.0026899810191090543
-0.0169250714556522
-0.06022354557194697
-0.05737606168388055
-0.016310191947691347
-0.013769103157798028
-0.007681713091035136
0.0015578415882593162
-0.04062010068132935
-0.02121519081604011
-0.02052760195747935
-0.01309040608907994
-0.012150699309066643
-0.003770149015444503
-0.014800351846398097
-0.009891957871417851
-0.05205713132189545
-0.056324272911142066
-0.04316110346949277
0.015238561985334024
-0.034700482493457356
-0.006763424407699484
0.015238561985334024
-0.01902075763298673
0.008535766355990786
-0.025740255342857652
-0.022099606112038712
-0.01105426171681309
-0.0003712405563570835
-0.01309040608907994
-0.04944213786932184
-0.0028699647963572406
-0.032009120450153215
0.00883963603407767
0.008824016468342154
0.0001062412055185428
-0.010362902797359116
-0.014532983303085157
-0.020008468874759155
-0.029774631779162845
-0.012684959148865386
-0.011249703088276747
-0.017045116695062926
0.0025941210409748715
-0.020008468874759155
-0.01973078872100972
-0.016531150777036152
-0.02288854518981955
-0.028954678140943647
0.008743478842462208
-0.03536818897624117
-0.012741239462625792
-0.010711379537368405
-0.014800351846398097
-0.03534532998290507
-0.008916564958151357
-0.028954678140943647
-0.0367760143284717
-0.008378169117350688
-0.04671429090543274
-0.02995183783211726
-0.010711379537368405
-0.01293991390416932
-0.027708431853039363
0.006415122982300549
-0.012189328782458627
0.005476418516695054
-0.004725919366426328
-0.006208406134351913
-0.014476165457250112
-0.008916564958151357
-0.012523337949139127
-0.015829588999057915
-0.023998273378998132
-0.019404651016390145
-0.013343551817212557
-0.003788681621945246
0.0021083092524462462
-0.01309040608907994
-0.03958654692677121
-0.02121519081604011
-0.03466987065135443
-0.034700482493457356
-0.032805268464113885
-0.0333714680664474
-0.03932763292708889
-0.0011918947319798062
-0.047043734868410333
-0.003788681621945246
-0.03273256616143194
-0.012698259657865927
-0.003099948865565958
-0.015829588999057915
-0.018733275799046854
-0.033316185602570395
-0.009816830049967194
-0.02057259367130283
-0.01843481410705057
0.004249958560141042
-0.023998273378998132
0.017300365803205483
-0.015869789922776916
0.0016698631819157745
-0.025496445079253544
2.279236727949858e-05
-0.02946378263033603
-0.03273256616143194
-0.02057259367130283
0.0015578415882593162
-0.014532983303085157
-0.03792700114916157
-0.0028699647963572406
-0.0006559554318077832
0.0008093787017330392
-0.019663953617043747
-0.02288854518981955
-0.022043677895788507
-0.04316110346949277
-0.022841533980327042
-0.004725919366426328
-0.007830486306514907
0.0063214367398953236
-0.05748326970854755
-0.01711058158090178
-0.0007944314169056878
0.018278676704464248
-0.04438319760972909
-0.01309040608907994
-0.019404651016390145
-0.03226166296761236
-0.01632553013181779
-0.02946378263033603
0.00014463950053053017
-0.0006559554318077832
-0.011403765854772057
-0.02121519081604011
-0.04316110346949277
-0.011447132407148128
0.018278676704464248
-0.009603879314182903
-0.017045116695062926
-0.01902075763298673
-0.014800351846398097
-0.028954678140943647
-0.008378169117350688
-0.023896591652364272
0.0033051256733659627
-0.01672596766233759
-0.025499559409734203
-0.023998273378998132
0.0021083092524462462
-0.020990985807334092
-0.03686886040218854
-0.048784322522496745
-0.01434740452687539
-0.047271414430471136
-0.023447730641514782
0.014053350673696355
-0.011858482107298967
-0.01141428192262583
-0.05737606168388055
-0.023581773528631316
-0.016310191947691347
-0.008451404726649873
-0.052900718502593376
0.015238561985334024
0.0025277529052429686
-0.019418791746727115
-0.0036267032120773403
-0.025496445079253544
0.002778970707659881
0.006415122982300549
-0.03792700114916157
-0.036184468132678414
-0.019663953617043747
-0.012741239462625792
-0.004630591140995352
-0.021378372806853833
-0.013436436914642708
-0.014476165457250112
-0.0035974528118344917
-0.014476165457250112
0.011373007293281667
-0.009771756368814506
-0.01842582687723308
-0.022841533980327042
-0.019320083175150726
-0.009891957871417851
-0.025496445079253544
-0.025001201655119154
-0.01368649766367551
-0.018957358050813205
-0.03509204180733309
-0.03226166296761236
-0.019418791746727115
-0.009891957871417851
-0.011671003020562476
-0.047043734868410333
-0.0003712405563570835
0.0012567434801098595
-0.03493062408502855
-0.018957358050813205
-0.003099948865565958
-0.030560307613639686
-0.025001201655119154
-0.0037873795207451705
-0.0169250714556522
-0.03792700114916157
-0.019663953617043747
-0.022691901757781283
-0.06022354557194697
-0.032009120450153215
0.004139367317322087
-0.024967140826721936
-0.024612114808049784
-0.04438319760972909
-0.01897122041066194
-0.012381950109386423
-0.023998273378998132
-0.01309040608907994
0.006415122982300549
0.00014463950053053017
0.017300365803205483
0.008743478842462208
-0.024612114808049784
-0.007681713091035136
-0.018586115683033037
-0.014552696673552933
-0.027626848870140202
0.006415122982300549
-0.014039722491804256
-0.007830486306514907
0.0014121013486656608
0.008743478842462208
0.0052473512575185064
0.0001062412055185428
-0.007681713091035136
-0.006248253038698095
-0.019320083175150726
-0.03285819650073487
-0.0007944314169056878
-0.04316110346949277
-0.003788681621945246
-0.004725919366426328
0.006164227009264583
-0.02484387893347588
-0.01636683145542154
-0.01368649766367551
-0.022099606112038712
-0.0007944314169056878
0.0015578415882593162
-0.03509204180733309
-0.03285819650073487
-0.03754608148029623
-0.0333714680664474
-0.016310191947691347
0.015238561985334024
-0.014532983303085157
-0.015730319410674556
-0.003788681621945246
0.008535766355990786
-0.002646145078684104
-0.008564855296503682
-0.030992974339404265
-0.007681713091035136
-0.03686886040218854
-0.03273256616143194
-0.021925131802240094
-0.02052760195747935
-0.032805268464113885
-0.012189328782458627
-0.022149471974910313
-0.013343551817212557
0.008743478842462208
-0.011838119433994881
-0.03216658446717305
-0.01368649766367551
-0.025001201655119154
-0.03754608148029623
-0.030560307613639686
-0.007681713091035136
-0.016310191947691347
-0.012150699309066643
-0.08335479248915802
-0.05746703467051714
-0.03754608148029623
0.005329528579717419
-0.022691901757781283
-0.010362902797359116
-0.0007442255577411349
-0.007005010320436002
-0.021674057045264983
-0.014800351846398097
-0.01973078872100972
-0.024536318227330312
-0.007005010320436002
-0.01784440485557941
-0.0169250714556522
-0.032009120450153215
-0.052900718502593376
-0.025740255342857652
-0.022161095126551077
-0.022739097506487865
-0.018957358050813205
-0.04032112129376826
-0.022161095126551077
-0.02288854518981955
0.008535766355990786
-0.02995183783211726
-0.024892762131073352
-0.022161095126551077
-0.0029605571315565694
-0.032009120450153215
0.002778970707659881
-0.05737606168388055
-0.019418791746727115
-0.011858482107298967
-0.019663953617043747
-0.01672596766233759
-0.018733275799046854
-0.019418791746727115
-0.02211467782877446
-0.028954678140943647
0.010157956019571441
-0.03407404523994724
-0.009139743710988557
-0.017045116695062926
-0.03273256616143194
-0.03407404523994724
-0.023513335877798098
-0.01681569751105958
-0.003788681621945246
0.0052473512575185064
-0.019320083175150726
-0.0037873795207451705
-0.02211467782877446
-0.027626848870140202
-0.008511134445962456
-0.015337031813339794
-0.03196112127979075
-0.02488502023062539
-0.04438319760972909
-0.019320083175150726
-0.015727187109176033
-0.03754608148029623
-0.04671429090543274
0.00014463950053053017
-0.008511134445962456
-0.004725919366426328
-0.022099606112038712
-0.04724732853222251
-0.053647447904840495
-0.017816154647358556
-0.01843481410705057
-0.024536318227330312
-0.02288854518981955
-0.02946378263033603
-0.006763424407699484
-0.028078825210750405
-0.024723141548278954
-0.024536318227330312
-0.01309040608907994
-0.03792700114916157
-0.01442920507767559
-0.009563545117887892
-0.019302825790522758
-0.020008468874759155
-0.007681713091035136
-0.04671429090543274
-0.0011918947319798062
-0.011447132407148128
0.00023031268904379762
-0.013436436914642708
-0.023513335877798098
-0.018586115683033037
-0.010782141158562204
-0.0007442255577411349
-0.027626848870140202
0.002778970707659881
-0.056324272911142066
-0.014039722491804256
-0.06760244833228557
-0.010782141158562204
-0.02325340116866301
-0.014039722491804256
-0.024536318227330312
-0.03459861131970009
0.010293453022874358
0.00484665026022406
-0.03958654692677121
-0.009771756368814506
-0.01293991390416932
-0.027408097658585016
-0.03493062408502855
0.0001062412055185428
0.0034392598369008195
-0.02557180740901222
-0.04032112129376826
-0.03434214487337469
-0.01512733821994014
0.004139367317322087
-0.020008468874759155
-0.015727187109176033
-0.04724732853222251
-0.006248253038698095
-0.020953935660576194
-0.011858482107298967
0.00883963603407767
-0.010711379537368405
-0.01636683145542154
-0.018957358050813205
-0.009279245882630006
-0.02121519081604011
-0.020953935660576194
-0.014039722491804256
-0.016531150777036152
-0.01105426171681309
-0.025001201655119154
-0.024787873148846513
0.011373007293281667
-0.012698259657865927
-0.027220182752196176
-0.02052760195747935
-0.02946378263033603
-0.012381950109386423
0.006415122982300549
-0.018741762487179004
0.0063214367398953236
-0.03407404523994724
-0.023706797771853156
0.006356355128345997
0.0014121013486656608
0.0016698631819157745
-0.017732097402963505
0.005329528579717419
-0.03301053138152512
-0.01309040608907994
-0.01293991390416932
-0.014476165457250112
-0.007005010320436002
-0.053647447904840495
-0.022691901757781283
-0.021925131802240094
-0.053647447904840495
-0.01842582687723308
-0.015829588999057915
-0.03273256616143194
-0.009139743710988557
-0.02356778149209318
-0.02484387893347588
