-0.005994098797194708
-0.03116644819094817
-0.0017691936617500793
-0.030595343655981145
0.01311248788809897
-0.012276547610351319
-0.02425965553772806
-0.030595343655981145
-0.00517705258264429
-0.010926441763155721
-0.0017691936617500793
0.008068157179326001
-0.002281964074072779
-0.0017691936617500793
-0.009795448715553275
0.0008468177606261024
-0.030595343655981145
-0.0017691936617500793
0.0008468177606261024
0.008532050459427235
-0.010926441763155721
0.008532050459427235
-0.00517705258264429
-0.03116644819094817
0.008532050459427235
-0.002281964074072779
-0.02848775742545359
-0.015780511542002662
-0.018964048176088696
0.0094821562882281
-0.022833727810990526
-0.02425965553772806
-0.0237514192855542
-0.015780511542002662
0.007142018587360683
-0.010926441763155721
0.008068157179326001
-0.03116644819094817
-0.030595343655981145
-0.015780511542002662
-0.010926441763155721
-0.03116644819094817
-0.009353328685070541
-0.02848775742545359
-0.030595343655981145
0.01311248788809897
-0.0031107599236309875
-0.003121687357171214
-0.0031107599236309875
-0.006007903631927213
-0.010628823562675272
-0.009353328685070541
-0.022833727810990526
-0.015612514599838204
0.007142018587360683
-0.015612514599838204
-0.02425965553772806
-0.009353328685070541
0.008068157179326001
0.01311248788809897
-0.015780511542002662
0.008532050459427235
-0.018964048176088696
0.008532050459427235
-0.009353328685070541
-0.010201572468048417
-0.02425965553772806
0.0008468177606261024
-0.010926441763155721
-0.0031107599236309875
-0.009795448715553275
-0.010628823562675272
-0.005994098797194708
-0.010926441763155721
-0.02425965553772806
0.0008468177606261024
-0.010628823562675272
0.0008468177606261024
-0.010926441763155721
-0.030595343655981145
0.001639617455261766
-0.0237514192855542
0.01311248788809897
-0.030595343655981145
-0.01272647865972773
-0.012276547610351319
-0.010201572468048417
-0.01272647865972773
0.001639617455261766
0.0094821562882281
-0.0031107599236309875
-0.0237514192855542
-0.015612514599838204
0.008532050459427235
-0.015780511542002662
0.006687283031887289
0.008532050459427235
-0.022833727810990526
-0.015780511542002662
-0.0017691936617500793
-0.003121687357171214
0.01311248788809897
-0.01272647865972773
-0.01272647865972773
-0.007622171073386728
-0.01894985832968799
-0.015612514599838204
-0.015780511542002662
-0.02848775742545359
0.007142018587360683
-0.005994098797194708
-0.0017691936617500793
-0.003121687357171214
0.006687283031887289
-0.015780511542002662
-0.015780511542002662
-0.01894985832968799
-0.010926441763155721
-0.02425965553772806
-0.027049720460506292
-0.009795448715553275
-0.010628823562675272
-0.01894985832968799
-0.01272647865972773
-0.009353328685070541
-0.009795448715553275
-0.0017691936617500793
0.006687283031887289
0.0035788877309650465
-0.018964048176088696
-0.006007903631927213
-0.018964048176088696
0.01311248788809897
-0.015780511542002662
-0.02848775742545359
-0.0237514192855542
-0.02848775742545359
-0.009353328685070541
0.0008906372343805899
0.001639617455261766
-0.0017691936617500793
0.001639617455261766
-0.0017691936617500793
-0.010628823562675272
-0.015780511542002662
-0.009353328685070541
0.001639617455261766
-0.015780511542002662
-0.03116644819094817
-0.006007903631927213
-0.02848775742545359
-0.0237514192855542
-0.022833727810990526
0.006687283031887289
0.01311248788809897
-0.030595343655981145
-0.030595343655981145
-0.006007903631927213
0.007142018587360683
-0.0031107599236309875
-0.002281964074072779
0.007142018587360683
0.006687283031887289
-0.00517705258264429
0.008532050459427235
0.008068157179326001
-0.006007903631927213
-0.03116644819094817
-0.022833727810990526
-0.012276547610351319
-0.03116644819094817
0.0008906372343805899
0.0094821562882281
-0.009795448715553275
-0.006007903631927213
-0.012276547610351319
-0.007622171073386728
-0.022833727810990526
-0.00517705258264429
-0.009795448715553275
-0.009353328685070541
0.0094821562882281
-0.002281964074072779
-0.010201572468048417
-0.03116644819094817
0.008068157179326001
-0.027049720460506292
0.001639617455261766
-0.005994098797194708
-0.018964048176088696
-0.002281964074072779
-0.0017691936617500793
-0.003121687357171214
-0.02848775742545359
-0.0017691936617500793
-0.006007903631927213
0.0008906372343805899
-0.009795448715553275
0.001639617455261766
0.008068157179326001
-0.0031107599236309875
0.01311248788809897
-0.030595343655981145
0.0008906372343805899
-0.02848775742545359
-0.002281964074072779
-0.009795448715553275
-0.02848775742545359
0.008532050459427235
-0.009795448715553275
0.0008468177606261024
-0.006007903631927213
-0.010201572468048417
-0.02848775742545359
-0.003121687357171214
-0.022833727810990526
-0.005994098797194708
-0.0237514192855542
-0.022833727810990526
-0.009353328685070541
-0.02425965553772806
-0.02425965553772806
-0.01272647865972773
0.0008468177606261024
0.006687283031887289
-0.002281964074072779
-0.006007903631927213
-0.0017691936617500793
0.001639617455261766
0.0008906372343805899
-0.007622171073386728
-0.007622171073386728
0.008532050459427235
-0.03116644819094817
-0.009353328685070541
-0.03116644819094817
-0.018964048176088696
-0.010926441763155721
-0.022833727810990526
-0.01894985832968799
-0.015612514599838204
-0.005994098797194708
0.01311248788809897
-0.0017691936617500793
-0.003121687357171214
-0.0017691936617500793
-0.0017691936617500793
-0.010201572468048417
0.0008468177606261024
0.006687283031887289
-0.0031107599236309875
0.007142018587360683
0.008068157179326001
0.0008468177606261024
-0.009795448715553275
-0.015612514599838204
0.001639617455261766
-0.030595343655981145
-0.027049720460506292
-0.007622171073386728
-0.027049720460506292
-0.002281964074072779
-0.009353328685070541
-0.01272647865972773
0.0094821562882281
-0.01894985832968799
-0.0031107599236309875
-0.002281964074072779
-0.02425965553772806
-0.01894985832968799
0.008068157179326001
0.0094821562882281
-0.007622171073386728
0.0094821562882281
0.008532050459427235
0.001639617455261766
-0.007622171073386728
0.008532050459427235
-0.02425965553772806
0.008532050459427235
0.0035788877309650465
-0.01272647865972773
-0.02425965553772806
0.0008468177606261024
-0.006007903631927213
-0.022833727810990526
-0.009353328685070541
-0.030595343655981145
-0.009353328685070541
-0.02848775742545359
-0.015612514599838204
-0.0017691936617500793
-0.03116644819094817
0.006687283031887289
-0.00517705258264429
-0.010201572468048417
-0.03116644819094817
-0.02848775742545359
-0.007622171073386728
-0.030595343655981145
-0.027049720460506292
0.0008468177606261024
0.008068157179326001
0.0008906372343805899
-0.02848775742545359
-0.007622171073386728
-0.00517705258264429
-0.010926441763155721
-0.02425965553772806
-0.030595343655981145
-0.03116644819094817
-0.02848775742545359
-0.00517705258264429
-0.007622171073386728
0.007142018587360683
-0.007622171073386728
-0.006007903631927213
-0.003121687357171214
-0.010926441763155721
-0.010628823562675272
-0.0237514192855542
-0.01894985832968799
0.0008468177606261024
0.007142018587360683
-0.005994098797194708
-0.010926441763155721
-0.007622171073386728
-0.010628823562675272
-0.002281964074072779
0.006687283031887289
-0.030595343655981145
0.0008468177606261024
-0.01894985832968799
-0.010628823562675272
-0.01894985832968799
-0.00517705258264429
-0.003121687357171214
-0.015780511542002662
-0.007622171073386728
-0.02425965553772806
-0.007622171073386728
-0.009353328685070541
0.0094821562882281
-0.003121687357171214
-0.006007903631927213
-0.003121687357171214
-0.006007903631927213
0.008532050459427235
0.008532050459427235
-0.005994098797194708
-0.027049720460506292
0.001639617455261766
-0.018964048176088696
-0.022833727810990526
0.008068157179326001
0.0035788877309650465
0.0008906372343805899
-0.0237514192855542
0.0035788877309650465
0.006687283031887289
0.001639617455261766
0.006687283031887289
-0.015780511542002662
0.01311248788809897
-0.006007903631927213
-0.01272647865972773
-0.01894985832968799
-0.009795448715553275
-0.030595343655981145
-0.006007903631927213
-0.0237514192855542
-0.003121687357171214
-0.018964048176088696
-0.010926441763155721
-0.010926441763155721
0.0008906372343805899
0.006687283031887289
0.006687283031887289
-0.010628823562675272
-0.03116644819094817
-0.012276547610351319
0.0008468177606261024
0.0008468177606261024
-0.015780511542002662
-0.027049720460506292
-0.010926441763155721
-0.00517705258264429
-0.00517705258264429
-0.0031107599236309875
-0.03116644819094817
-0.012276547610351319
0.006687283031887289
-0.022833727810990526
-0.007622171073386728
-0.027049720460506292
-0.02848775742545359
0.0035788877309650465
-0.010926441763155721
0.008068157179326001
-0.010628823562675272
-0.003121687357171214
-0.022833727810990526
-0.006007903631927213
-0.009353328685070541
-0.015612514599838204
-0.002281964074072779
-0.0031107599236309875
-0.0237514192855542
-0.01272647865972773
0.0008906372343805899
0.006687283031887289
0.01311248788809897
0.0094821562882281
-0.01894985832968799
0.0094821562882281
-0.018964048176088696
-0.010201572468048417
-0.012276547610351319
0.01311248788809897
0.008068157179326001
-0.002281964074072779
-0.030595343655981145
-0.009795448715553275
-0.022833727810990526
-0.02848775742545359
-0.009795448715553275
-0.007622171073386728
-0.015612514599838204
-0.02848775742545359
-0.03116644819094817
0.007142018587360683
-0.022833727810990526
-0.0237514192855542
-0.002281964074072779
-0.01894985832968799
-0.009795448715553275
-0.009353328685070541
0.006687283031887289
-0.002281964074072779
0.01311248788809897
-0.002281964074072779
-0.030595343655981145
0.007142018587360683
-0.02848775742545359
-0.030595343655981145
-0.03116644819094817
-0.006007903631927213
0.0094821562882281
0.008068157179326001
-0.009353328685070541
-0.01272647865972773
-0.018964048176088696
-0.002281964074072779
-0.012276547610351319
-0.00517705258264429
0.0008906372343805899
0.0035788877309650465
-0.005994098797194708
-0.02848775742545359
-0.010628823562675272
0.0035788877309650465
0.0094821562882281
-0.002281964074072779
-0.010628823562675272
-0.006007903631927213
-0.005994098797194708
-0.03116644819094817
-0.015780511542002662
-0.018964048176088696
-0.0031107599236309875
-0.007622171073386728
-0.02848775742545359
-0.0237514192855542
-0.0031107599236309875
-0.010628823562675272
-0.027049720460506292
0.008068157179326001
-0.015780511542002662
0.008068157179326001
-0.006007903631927213
-0.010926441763155721
-0.009795448715553275
-0.010201572468048417
-0.0237514192855542
0.007142018587360683
0.008532050459427235
-0.015780511542002662
-0.01272647865972773
-0.010201572468048417
-0.009795448715553275
0.001639617455261766
-0.010201572468048417
-0.00517705258264429
-0.02848775742545359
-0.002281964074072779
-0.030595343655981145
-0.02848775742545359
-0.012276547610351319
-0.030595343655981145
0.008532050459427235
-0.012276547610351319
-0.01894985832968799
0.01311248788809897
-0.02848775742545359
-0.02848775742545359
0.0008468177606261024
-0.006007903631927213
-0.0237514192855542
0.0094821562882281
-0.027049720460506292
-0.003121687357171214
-0.015612514599838204
-0.015612514599838204
0.001639617455261766
-0.015780511542002662
-0.009795448715553275
-0.01894985832968799
-0.027049720460506292
-0.009353328685070541
-0.015780511542002662
-0.0237514192855542
-0.003121687357171214
0.01311248788809897
-0.018964048176088696
-0.010628823562675272
-0.015612514599838204
-0.010628823562675272
-0.003121687357171214
-0.027049720460506292
0.001639617455261766
-0.002281964074072779
-0.03116644819094817
-0.01272647865972773
0.007142018587360683
0.006687283031887289
-0.010926441763155721
-0.02848775742545359
-0.010926441763155721
-0.015612514599838204
-0.02848775742545359
-0.002281964074072779
-0.010201572468048417
0.001639617455261766
-0.006007903631927213
-0.022833727810990526
-0.015780511542002662
-0.010201572468048417
-0.015612514599838204
-0.0031107599236309875
-0.030595343655981145
-0.002281964074072779
0.01311248788809897
-0.012276547610351319
0.008068157179326001
0.0008906372343805899
-0.010201572468048417
-0.009795448715553275
-0.03116644819094817
0.0008468177606261024
0.0008468177606261024
0.006687283031887289
0.01311248788809897
0.001639617455261766
-0.027049720460506292
-0.010926441763155721
-0.03116644819094817
0.0008468177606261024
-0.018964048176088696
-0.006007903631927213
-0.009353328685070541
-0.006007903631927213
-0.018964048176088696
-0.009795448715553275
-0.0031107599236309875
-0.022833727810990526
0.006687283031887289
0.001639617455261766
0.0094821562882281
-0.012276547610351319
0.0094821562882281
-0.002281964074072779
-0.022833727810990526
-0.012276547610351319
-0.027049720460506292
-0.022833727810990526
-0.009795448715553275
-0.0017691936617500793
0.008532050459427235
0.0094821562882281
-0.010628823562675272
-0.003121687357171214
0.008068157179326001
-0.01894985832968799
-0.005994098797194708
0.008532050459427235
-0.010201572468048417
-0.010201572468048417
-0.02425965553772806
-0.0017691936617500793
-0.003121687357171214
-0.010201572468048417
-0.03116644819094817
-0.003121687357171214
-0.003121687357171214
-0.03116644819094817
-0.02425965553772806
-0.027049720460506292
-0.012276547610351319
-0.018964048176088696
0.001639617455261766
0.0094821562882281
-0.006007903631927213
-0.030595343655981145
-0.005994098797194708
0.001639617455261766
-0.0237514192855542
-0.0031107599236309875
-0.018964048176088696
0.0094821562882281
-0.0017691936617500793
-0.01894985832968799
0.0008468177606261024
-0.015612514599838204
-0.03116644819094817
-0.007622171073386728
-0.010628823562675272
0.0035788877309650465
-0.003121687357171214
-0.006007903631927213
-0.010926441763155721
-0.00517705258264429
-0.01894985832968799
-0.0017691936617500793
0.008532050459427235
-0.015612514599838204
-0.012276547610351319
0.001639617455261766
0.006687283031887289
-0.03116644819094817
-0.02848775742545359
-0.010201572468048417
0.008532050459427235
-0.006007903631927213
0.0008468177606261024
-0.0017691936617500793
0.001639617455261766
-0.002281964074072779
-0.018964048176088696
0.0008906372343805899
0.008532050459427235
0.007142018587360683
-0.0017691936617500793
-0.015780511542002662
-0.006007903631927213
-0.002281964074072779
0.008068157179326001
-0.02425965553772806
-0.00517705258264429
-0.002281964074072779
-0.02848775742545359
-0.01272647865972773
-0.010628823562675272
0.01311248788809897
-0.0017691936617500793
-0.0031107599236309875
0.0008906372343805899
0.01311248788809897
-0.009795448715553275
-0.00517705258264429
-0.003121687357171214
-0.03116644819094817
-0.0017691936617500793
0.006687283031887289
-0.018964048176088696
-0.022833727810990526
-0.00517705258264429
0.0094821562882281
-0.02848775742545359
-0.02425965553772806
0.008068157179326001
-0.0237514192855542
-0.009353328685070541
-0.0031107599236309875
-0.0017691936617500793
0.0008468177606261024
-0.002281964074072779
0.008068157179326001
-0.018964048176088696
-0.002281964074072779
-0.005994098797194708
0.007142018587360683
0.0035788877309650465
-0.009795448715553275
0.007142018587360683
-0.010201572468048417
-0.018964048176088696
-0.00517705258264429
-0.022833727810990526
-0.018964048176088696
-0.010628823562675272
0.008532050459427235
-0.005994098797194708
-0.015612514599838204
-0.002281964074072779
0.006687283031887289
-0.030595343655981145
-0.01894985832968799
-0.02848775742545359
0.0008906372343805899
-0.010926441763155721
-0.03116644819094817
-0.009353328685070541
0.008068157179326001
-0.02425965553772806
-0.009353328685070541
0.001639617455261766
-0.00517705258264429
-0.010926441763155721
-0.018964048176088696
-0.012276547610351319
-0.0031107599236309875
-0.030595343655981145
-0.010926441763155721
-0.027049720460506292
0.0035788877309650465
0.008532050459427235
-0.010926441763155721
-0.015780511542002662
-0.012276547610351319
0.0094821562882281
-0.03116644819094817
-0.009795448715553275
-0.006007903631927213
-0.003121687357171214
0.0008468177606261024
-0.006007903631927213
-0.012276547610351319
0.0008468177606261024
-0.015780511542002662
0.008068157179326001
-0.00517705258264429
0.01311248788809897
-0.012276547610351319
-0.00517705258264429
-0.027049720460506292
0.008068157179326001
0.0008906372343805899
0.006687283031887289
-0.02848775742545359
-0.00517705258264429
-0.02425965553772806
-0.007622171073386728
0.0035788877309650465
-0.012276547610351319
0.0008906372343805899
-0.0031107599236309875
-0.015612514599838204
-0.02425965553772806
-0.0237514192855542
0.0035788877309650465
-0.01272647865972773
-0.010926441763155721
0.0008906372343805899
-0.02425965553772806
-0.027049720460506292
-0.015780511542002662
0.001639617455261766
0.0035788877309650465
-0.010628823562675272
0.001639617455261766
-0.02425965553772806
-0.02848775742545359
-0.010628823562675272
0.01311248788809897
-0.0031107599236309875
-0.002281964074072779
-0.0237514192855542
0.0094821562882281
-0.003121687357171214
0.0008906372343805899
0.0008906372343805899
-0.010628823562675272
-0.003121687357171214
-0.01894985832968799
-0.015612514599838204
-0.018964048176088696
-0.01272647865972773
-0.010201572468048417
-0.022833727810990526
-0.010926441763155721
-0.02425965553772806
0.006687283031887289
-0.012276547610351319
-0.01894985832968799
-0.003121687357171214
0.007142018587360683
-0.002281964074072779
-0.007622171073386728
-0.0237514192855542
-0.030595343655981145
-0.0031107599236309875
0.001639617455261766
-0.0017691936617500793
-0.0031107599236309875
0.008068157179326001
-0.006007903631927213
-0.006007903631927213
-0.0017691936617500793
-0.018964048176088696
0.0008906372343805899
-0.030595343655981145
-0.005994098797194708
-0.010628823562675272
0.01311248788809897
-0.010628823562675272
0.0035788877309650465
-0.007622171073386728
0.0094821562882281
-0.012276547610351319
-0.03116644819094817
-0.0017691936617500793
0.007142018587360683
0.0008468177606261024
-0.015780511542002662
0.008532050459427235
-0.00517705258264429
0.006687283031887289
0.008068157179326001
0.0008906372343805899
-0.015612514599838204
-0.03116644819094817
-0.005994098797194708
-0.0017691936617500793
0.006687283031887289
0.006687283031887289
-0.02425965553772806
0.0008906372343805899
-0.02425965553772806
-0.02425965553772806
0.001639617455261766
-0.02848775742545359
0.007142018587360683
-0.007622171073386728
-0.010201572468048417
-0.009353328685070541
-0.010926441763155721
-0.005994098797194708
-0.003121687357171214
-0.010201572468048417
0.01311248788809897
0.01311248788809897
0.0008468177606261024
0.0035788877309650465
-0.012276547610351319
-0.027049720460506292
-0.00517705258264429
-0.0017691936617500793
-0.022833727810990526
-0.007622171073386728
0.0008468177606261024
-0.002281964074072779
-0.01894985832968799
-0.009795448715553275
-0.010926441763155721
-0.02425965553772806
-0.02848775742545359
0.0035788877309650465
-0.007622171073386728
-0.00517705258264429
-0.018964048176088696
-0.003121687357171214
-0.003121687357171214
-0.02425965553772806
-0.015780511542002662
-0.005994098797194708
-0.015780511542002662
0.0008468177606261024
0.001639617455261766
-0.030595343655981145
0.01311248788809897
-0.03116644819094817
-0.010628823562675272
-0.00517705258264429
-0.005994098797194708
-0.010201572468048417
-0.010201572468048417
-0.002281964074072779
-0.022833727810990526
-0.015780511542002662
-0.03116644819094817
-0.009795448715553275
0.001639617455261766
-0.003121687357171214
-0.010926441763155721
-0.00517705258264429
-0.02425965553772806
-0.005994098797194708
0.0094821562882281
-0.009353328685070541
-0.007622171073386728
-0.007622171073386728
-0.015780511542002662
-0.002281964074072779
0.0035788877309650465
0.01311248788809897
0.01311248788809897
-0.007622171073386728
-0.02848775742545359
0.0094821562882281
0.01311248788809897
-0.015780511542002662
0.01311248788809897
-0.015612514599838204
-0.007622171073386728
-0.012276547610351319
-0.030595343655981145
-0.006007903631927213
-0.0237514192855542
-0.027049720460506292
0.008068157179326001
-0.030595343655981145
0.001639617455261766
-0.002281964074072779
-0.006007903631927213
-0.03116644819094817
0.0008468177606261024
-0.007622171073386728
0.0008906372343805899
-0.012276547610351319
-0.015612514599838204
-0.005994098797194708
-0.005994098797194708
-0.02425965553772806
0.008532050459427235
0.0008468177606261024
-0.01894985832968799
0.008068157179326001
0.0035788877309650465
-0.007622171073386728
-0.03116644819094817
0.0008906372343805899
0.0035788877309650465
0.007142018587360683
-0.010926441763155721
-0.022833727810990526
0.001639617455261766
-0.02425965553772806
-0.0017691936617500793
-0.02425965553772806
0.0008468177606261024
-0.009353328685070541
-0.018964048176088696
-0.009795448715553275
-0.00517705258264429
-0.03116644819094817
-0.018964048176088696
-0.003121687357171214
-0.009353328685070541
0.006687283031887289
0.008068157179326001
0.01311248788809897
-0.01894985832968799
-0.009795448715553275
0.0008906372343805899
-0.0237514192855542
-0.002281964074072779
-0.015780511542002662
-0.012276547610351319
0.0008906372343805899
0.0035788877309650465
0.0094821562882281
0.0094821562882281
0.008068157179326001
0.001639617455261766
-0.002281964074072779
-0.01272647865972773
-0.01272647865972773
0.007142018587360683
-0.010628823562675272
-0.027049720460506292
0.007142018587360683
-0.01894985832968799
-0.015612514599838204
0.007142018587360683
-0.010628823562675272
-0.0237514192855542
0.01311248788809897
-0.027049720460506292
-0.015612514599838204
-0.03116644819094817
-0.022833727810990526
-0.009795448715553275
-0.002281964074072779
-0.030595343655981145
0.0094821562882281
-0.006007903631927213
-0.010926441763155721
-0.010926441763155721
-0.010628823562675272
-0.010201572468048417
