-0.004878733950181218
-0.003273057657247341
-0.014918957105366901
-0.03057899746731042
-0.010654408483395965
0.015251194011853958
-0.024349118097897048
-0.029621634961140793
-0.05385486236145139
0.00832247431389707
0.0024195970559057335
-0.020682843094926684
-0.018909945433879177
-0.021450107384239026
-0.010260685371663796
-0.04221618546536039
-0.019146910160374973
-0.017652893137648677
-0.014810442315961665
-0.011085320245624593
-0.0020995355989165947
-0.020158598321863206
-0.00938746778993645
-0.014488968375176929
-0.026364506185961378
-0.021699170716976895
-0.004878733950181218
0.015251194011853958
-0.004948182886894777
-0.01893051131366144
0.007430084551613097
-0.039912878264001805
-0.01787883041355432
-0.03016442521709869
-0.010195701110587504
-0.02020605862439785
-0.01893051131366144
-0.008809332682890577
-0.004241569983545854
-0.03602789590027392
0.013874781642533114
-0.00837491481273302
-0.00700843439756918
-0.03894746647580799
0.0044253328797501145
-0.004241569983545854
-0.01509112666947247
-0.0016327735554982918
-0.01330837163218621
-0.008809332682890577
-0.04348103230974667
-0.020158598321863206
-0.026560196419233743
-0.03604967399585617
-0.03199888135560454
-0.02020605862439785
-0.019900495105346125
-0.016887921200815684
-0.005072350066981924
-0.04556161498909817
-0.01787883041355432
-0.019900495105346125
-0.02553628548282741
0.005055348550386623
-0.03585123773269186
-0.03763849177698215
-0.03276237986129952
-0.03585123773269186
-0.008809332682890577
-0.03602789590027392
-0.019635036727884164
-0.03000662999986695
-0.004111846052481906
-0.024349118097897048
0.00832247431389707
-0.00837491481273302
-0.011551915910357808
0.030838184899798133
-0.00700843439756918
-0.046476868755525994
-0.019469001586100987
-0.011486776581428989
-0.028357780715666584
-0.002034874627608063
-0.004878733950181218
-0.01117691458074241
-0.0033430165365738542
-0.003273057657247341
-0.04556161498909817
-0.028478786764689616
-0.029856408679858643
-0.00967843490686542
-0.02402753059679949
-0.010260685371663796
-0.018177320536046482
0.013874781642533114
-0.018167169823105466
-0.05211508960680187
-0.03114508075682549
-0.00967843490686542
-0.014810442315961665
-0.007671733705654344
-0.020158598321863206
-0.05040591762835596
0.005415100205313774
-0.016520658606402058
-0.04348103230974667
-0.03016442521709869
-0.009194890676989722
-0.013530867121039906
-0.026364506185961378
-0.017504577515993373
-0.016520658606402058
0.025671789549239633
-0.004296827051069363
-0.014918957105366901
-0.03748950208770893
-0.017504577515993373
-0.01509112666947247
-0.01910115321964147
-0.053663829997481684
-0.010195701110587504
-0.019146910160374973
-0.028478786764689616
-0.01509112666947247
-0.046476868755525994
-0.03027077182393265
-0.0016327735554982918
-0.020682843094926684
-0.019146910160374973
-0.020682843094926684
-0.015356199137799002
-0.016887921200815684
-0.03276237986129952
-0.029621634961140793
-0.04596318658309775
-0.0033430165365738542
-0.03894746647580799
-0.008477166324660421
-0.00903497826397667
0.001464522693107675
-0.028539283342497127
-0.032248009616111885
-0.020682843094926684
0.00832247431389707
-0.01910115321964147
-0.010654408483395965
-0.020495783551507395
-0.016520658606402058
-0.01323773466096071
-0.032248009616111885
0.040807889910751016
-0.003660977079974196
-0.01323773466096071
-0.024349118097897048
-0.010602477290569262
-0.014488968375176929
-0.010260685371663796
-0.018595345566420302
-0.005072350066981924
-0.018177320536046482
-0.03094365140864228
-0.02020605862439785
-0.003273057657247341
-0.006846431296032188
0.018337516795474344
-0.03763849177698215
0.0010875203395170313
-0.029621634961140793
-0.01323773466096071
-0.019635036727884164
-0.01129085710164493
-0.029644597693105647
-0.003660977079974196
0.0029817101269222846
0.005415100205313774
-0.04596318658309775
-0.06829140817855049
-0.00837491481273302
-0.010260685371663796
-0.01991732900583399
-0.03057899746731042
-0.014795042819120204
-0.0016327735554982918
-0.011085320245624593
-0.04556161498909817
-0.008633341122893318
-0.015356314693455594
-0.017431971198657855
-0.006985685907475508
0.0010875203395170313
-0.027299366821671098
-0.02238773997926477
-0.019900495105346125
-0.006846431296032188
-0.020582123802315888
-0.05211508960680187
-0.002912574706606614
-0.0033430165365738542
-0.017504577515993373
-0.00040947724744716616
-0.004111846052481906
-0.03763849177698215
-0.017504577515993373
-0.01910115321964147
-0.03065085934063072
-0.03114508075682549
1.7224305240994898e-05
-0.03235926548593099
-0.020158598321863206
-0.03585123773269186
-0.027299366821671098
-0.01817271279029539
0.010769550657521203
-0.02238773997926477
-0.019635036727884164
-0.006846431296032188
-0.01787883041355432
-0.020682843094926684
-0.0020995355989165947
-0.024349118097897048
-0.03057899746731042
-0.02402753059679949
-0.004948182886894777
-0.020682843094926684
-0.006985685907475508
-0.05424834051467547
-0.02402753059679949
-0.00967843490686542
-0.017622510289104696
-0.05077037642857642
-0.014795042819120204
-0.021699170716976895
-0.04348103230974667
-0.021699170716976895
-0.019635036727884164
0.007430084551613097
-0.014591893940917987
-0.004241569983545854
-0.01711629254484371
-0.031124896775676307
-0.004241569983545854
-0.04221618546536039
-0.029644597693105647
-0.032248009616111885
-0.03027077182393265
-0.01129085710164493
-0.03276237986129952
-0.00967843490686542
-0.003660977079974196
-0.014843152145377323
0.010994723205125536
-0.018167169823105466
-0.032248009616111885
-0.014810442315961665
-0.032248009616111885
0.030838184899798133
-0.03199888135560454
-0.002912574706606614
0.005415100205313774
-0.0031010760022133427
-0.03602789590027392
-0.03057899746731042
-0.021699170716976895
-0.00837491481273302
-0.01323773466096071
-0.017116904907984867
0.0010875203395170313
0.015251194011853958
-0.00967843490686542
-0.020384182472653434
0.040807889910751016
-0.03497870592028496
-0.030126230621551543
-0.04062407873744395
-0.025773616383221606
-0.015356199137799002
-0.018167169823105466
-0.020158598321863206
-0.02402753059679949
0.0044253328797501145
-0.028539283342497127
-0.03027077182393265
-0.010260685371663796
-0.025207103505217283
-0.01817271279029539
-0.00967843490686542
-0.03724638716364823
-0.019378913585430108
-0.028478786764689616
-0.0364118590615505
-0.03602789590027392
0.0010875203395170313
-0.019378913585430108
-0.02402753059679949
-0.010195701110587504
-0.01330837163218621
-0.03027077182393265
-0.03235926548593099
-0.018177320536046482
-0.016520658606402058
-0.017652893137648677
-0.05900382437695691
-0.01117691458074241
-0.026560196419233743
-0.03094365140864228
-0.003660977079974196
-0.009414351497495154
-0.018167169823105466
-0.01323773466096071
-0.029088355903559578
-0.06829140817855049
-0.01129085710164493
0.010994723205125536
-0.01509112666947247
-0.009194890676989722
-0.01117691458074241
-0.014488968375176929
-0.018167169823105466
-0.01576375414239433
-0.010485540749439002
0.001464522693107675
-0.020495783551507395
-0.018909945433879177
-0.021450107384239026
0.015251194011853958
-0.01330837163218621
-0.03604967399585617
-0.014810442315961665
-0.004241569983545854
-0.027554098890337192
0.013874781642533114
-0.04070020020783114
-0.010260685371663796
-0.016887921200815684
1.7224305240994898e-05
-0.046476868755525994
-0.05385486236145139
-0.014488968375176929
-0.024349118097897048
-0.03497870592028496
-0.026560196419233743
-0.04556161498909817
-0.01991732900583399
-0.0031010760022133427
-0.03000662999986695
-0.031181962814430596
-0.008477166324660421
-0.033855229892764356
-0.025773616383221606
-0.04596318658309775
-0.00837491481273302
-0.029856408679858643
-0.03027077182393265
-0.00967843490686542
-0.004296827051069363
-0.025207103505217283
-0.04070020020783114
-0.031181962814430596
-0.010654408483395965
0.005055348550386623
-0.005351790379368689
-0.018177320536046482
-0.004111846052481906
-0.029706269989472806
0.0044253328797501145
-0.01893051131366144
-0.017116904907984867
-0.017116904907984867
-0.03497870592028496
-0.018595345566420302
-0.026364506185961378
-0.04556161498909817
-0.031124896775676307
-0.027476907944258805
-0.027299366821671098
-0.008633341122893318
-0.03027077182393265
-0.02020605862439785
-0.01576375414239433
-0.0020995355989165947
-0.029621634961140793
0.040807889910751016
-0.014677380168496344
0.0010875203395170313
0.005415100205313774
-0.03585123773269186
-0.03000662999986695
-0.01747169178264211
-0.029088355903559578
-0.026560196419233743
-0.014843152145377323
0.001464522693107675
-0.020682843094926684
-0.01817271279029539
-0.018909945433879177
-0.024349118097897048
0.01636995968586394
-0.027554098890337192
-0.01509112666947247
-0.010195701110587504
-0.003273057657247341
0.0024195970559057335
-0.01323773466096071
-0.025773616383221606
-0.00837491481273302
-0.03016442521709869
-0.029621634961140793
0.030838184899798133
-0.029644597693105647
-0.033855229892764356
-0.014795042819120204
-0.0364118590615505
-0.017622510289104696
0.007430084551613097
-0.00837491481273302
-0.06829140817855049
-0.03497870592028496
-0.014918957105366901
-0.00967843490686542
-0.0364118590615505
-0.017622510289104696
-0.05385486236145139
-0.019900495105346125
-0.03094365140864228
-0.004241569983545854
-0.01129085710164493
-0.009194890676989722
-0.008969083003580835
-0.026364506185961378
-0.020229044081876417
-0.019378913585430108
-0.016520658606402058
-0.011551915910357808
-0.027554098890337192
-0.00938746778993645
-0.046476868755525994
0.0010875203395170313
0.016815082475306563
-0.021450107384239026
-0.002034874627608063
0.005055348550386623
-0.007671733705654344
-0.017431971198657855
-0.029088355903559578
-0.03000662999986695
-0.00837491481273302
-0.014677380168496344
-0.027554098890337192
-0.053663829997481684
-0.01817271279029539
-0.026560196419233743
-0.027554098890337192
-0.028357780715666584
-0.053663829997481684
-0.04062407873744395
-0.03114508075682549
-0.021699170716976895
0.005415100205313774
-0.019900495105346125
-0.017622510289104696
-0.04221618546536039
-0.027476907944258805
-0.05424834051467547
-0.005072350066981924
-0.010260685371663796
-0.03894746647580799
-0.017431971198657855
-0.03027077182393265
-0.029644597693105647
-0.00967843490686542
0.000552726160363129
-0.004948182886894777
0.013874781642533114
-0.05385486236145139
-0.03790463960177832
-0.020682843094926684
-0.020495783551507395
-0.019635036727884164
-0.03027077182393265
-0.030126230621551543
0.01636995968586394
-0.017431971198657855
-0.01822200466219336
-0.019900495105346125
-0.01991732900583399
-0.06829140817855049
-0.03276237986129952
0.0044253328797501145
-0.019635036727884164
0.01636995968586394
-0.03016442521709869
-0.005072350066981924
-0.04556161498909817
-0.010195701110587504
-0.018595345566420302
0.013874781642533114
-0.027554098890337192
-0.027554098890337192
-0.027476907944258805
-0.029706269989472806
-0.004111846052481906
-0.03790463960177832
-0.029856408679858643
-0.01910115321964147
-0.03763849177698215
-0.01711629254484371
0.00832247431389707
-0.011486776581428989
0.01636995968586394
-0.06829140817855049
-0.046476868755525994
-0.004948182886894777
-0.016520658606402058
-0.005351790379368689
-0.03763849177698215
-0.03748950208770893
0.013874781642533114
-0.014677380168496344
-0.02020605862439785
-0.032248009616111885
-0.027554098890337192
-0.028357780715666584
-0.03790463960177832
-0.027554098890337192
-0.010260685371663796
0.010769550657521203
-0.029856408679858643
-0.01117691458074241
-0.05077037642857642
-0.027476907944258805
-0.006985685907475508
-0.006985685907475508
-0.03065085934063072
-0.017116904907984867
-0.05211508960680187
-0.005351790379368689
-0.019378913585430108
-0.015356314693455594
-0.05424834051467547
-0.01991732900583399
-0.00700843439756918
-0.025207103505217283
-0.028539283342497127
-0.014543140193230036
0.010994723205125536
-0.019378913585430108
-0.004948182886894777
-0.04221618546536039
-0.02402753059679949
-0.004878733950181218
-0.014795042819120204
-0.03057899746731042
-0.01330837163218621
-0.02553628548282741
-0.002034874627608063
-0.01330837163218621
-0.028539283342497127
-0.029856408679858643
-0.02238773997926477
-0.025773616383221606
-0.008477166324660421
-0.03016442521709869
-0.025207103505217283
-0.004948182886894777
-0.020384182472653434
-0.03763849177698215
-0.014488968375176929
-0.011796156779182944
-0.05040591762835596
-0.03748950208770893
-0.0031010760022133427
-0.01910115321964147
0.013874781642533114
-0.006846431296032188
-0.014488968375176929
-0.00730188932638184
-0.010485540749439002
-0.00730188932638184
-0.004948182886894777
-0.029621634961140793
-0.011551915910357808
-0.03027077182393265
-0.04062407873744395
0.001464522693107675
-0.009194890676989722
-0.03763849177698215
-0.010602477290569262
-0.029621634961140793
-0.05040591762835596
-0.01747169178264211
0.016815082475306563
-0.013530867121039906
-0.006846431296032188
0.007430084551613097
-0.028539283342497127
-0.03585123773269186
-0.025207103505217283
0.010994723205125536
-0.018177320536046482
0.010769550657521203
-0.004296827051069363
0.007430084551613097
0.030838184899798133
-0.016887921200815684
-0.06829140817855049
-0.015356314693455594
-0.007671733705654344
-0.028478786764689616
-0.00730188932638184
-0.027299366821671098
-0.01747169178264211
-0.03790463960177832
-0.03604967399585617
-0.01323773466096071
-0.028478786764689616
-0.020158598321863206
-0.01991732900583399
-0.013530867121039906
-0.005072350066981924
-0.03000662999986695
-0.026364506185961378
-0.018595345566420302
-0.019635036727884164
-0.004111846052481906
0.015251194011853958
-0.029706269989472806
-0.010195701110587504
0.00832247431389707
-0.029088355903559578
-0.004296827051069363
-0.002034874627608063
-0.026364506185961378
0.0010875203395170313
-0.020384182472653434
-0.013530867121039906
-0.014795042819120204
-0.029088355903559578
-0.016520658606402058
0.00832247431389707
-0.018595345566420302
-0.009194890676989722
-0.010260685371663796
-0.00837491481273302
-0.03585123773269186
-0.015356199137799002
-0.046476868755525994
-0.003273057657247341
-0.020682843094926684
0.040807889910751016
-0.003273057657247341
-0.011796156779182944
-0.04221618546536039
0.013874781642533114
-0.01725317389735082
-0.04062407873744395
-0.033855229892764356
-0.009414351497495154
-0.018595345566420302
-0.020582123802315888
0.010769550657521203
-0.028478786764689616
-0.031124896775676307
-0.014677380168496344
-0.01117691458074241
-0.03497870592028496
-0.020495783551507395
-0.02402753059679949
-0.015356199137799002
-0.014591893940917987
-0.017116904907984867
-0.03235926548593099
-0.024349118097897048
-0.03602789590027392
-0.04556161498909817
0.016815082475306563
-0.017652893137648677
-0.03790463960177832
-0.01991732900583399
-0.003273057657247341
-0.009194890676989722
-0.03057899746731042
-0.03724638716364823
-0.01330837163218621
-0.04556161498909817
-0.06829140817855049
-0.019469001586100987
-0.0020995355989165947
-0.010602477290569262
-0.01129085710164493
-0.02238773997926477
-0.0016327735554982918
-0.04596318658309775
-0.014918957105366901
-0.027299366821671098
-0.019635036727884164
-0.03724638716364823
-0.04070020020783114
-0.004241569983545854
-0.01817271279029539
0.007430084551613097
-0.03065085934063072
-0.019469001586100987
-0.04748337085426144
-0.018595345566420302
-0.029706269989472806
-0.046476868755525994
-0.05900382437695691
-0.018595345566420302
-0.03604967399585617
-0.016520658606402058
-0.006985685907475508
-0.020682843094926684
-0.03604967399585617
-0.009414351497495154
-0.002034874627608063
-0.008633341122893318
-0.018177320536046482
-0.018595345566420302
-0.03027077182393265
-0.03748950208770893
-0.008969083003580835
-0.004241569983545854
-0.027476907944258805
-0.00837491481273302
-0.004111846052481906
-0.0031010760022133427
-0.05077037642857642
-0.029644597693105647
-0.008809332682890577
-0.01817271279029539
0.015251194011853958
-0.00040947724744716616
-0.011551915910357808
0.0024195970559057335
-0.03276237986129952
-0.02402753059679949
-0.05077037642857642
-0.014918957105366901
-0.014795042819120204
-0.005351790379368689
-0.015356199137799002
-0.03763849177698215
-0.02020605862439785
-0.019378913585430108
-0.014810442315961665
-0.046476868755525994
-0.014918957105366901
-0.039912878264001805
0.003509990491928417
-0.004948182886894777
-0.002912574706606614
-0.03027077182393265
0.018337516795474344
-0.020229044081876417
-0.018595345566420302
-0.029088355903559578
-0.019469001586100987
-0.03199888135560454
-0.031181962814430596
-0.01117691458074241
-0.01576375414239433
-0.02402753059679949
-0.027299366821671098
-0.024349118097897048
-0.006846431296032188
-0.016520658606402058
-0.046476868755525994
-0.03065085934063072
-0.017622510289104696
0.018337516795474344
0.040807889910751016
-0.005351790379368689
-0.017116904907984867
-0.014677380168496344
-0.011796156779182944
-0.009194890676989722
-0.025207103505217283
-0.04556161498909817
-0.019469001586100987
-0.04070020020783114
-0.020495783551507395
-0.019900495105346125
-0.020384182472653434
-0.020158598321863206
-0.01817271279029539
-0.011551915910357808
-0.009414351497495154
-0.01910115321964147
-0.029706269989472806
-0.008969083003580835
-0.015356314693455594
0.0029817101269222846
-0.00040947724744716616
-0.003660977079974196
-0.011085320245624593
-0.031124896775676307
-0.014677380168496344
-0.003660977079974196
-0.027476907944258805
-0.019146910160374973
-0.026364506185961378
-0.03094365140864228
-0.01576375414239433
-0.020384182472653434
-0.03065085934063072
-0.019378913585430108
-0.003273057657247341
-0.01822200466219336
-0.021450107384239026
-0.03604967399585617
-0.03114508075682549
-0.046476868755525994
-0.03604967399585617
-0.011551915910357808
-0.026364506185961378
-0.00967843490686542
0.000552726160363129
-0.030126230621551543
-0.03763849177698215
-0.02020605862439785
-0.01991732900583399
-0.004241569983545854
-0.01509112666947247
-0.020682843094926684
-0.01323773466096071
-0.027299366821671098
0.025671789549239633
-0.027299366821671098
-0.014488968375176929
-0.05077037642857642
-0.029856408679858643
-0.0033430165365738542
-0.00837491481273302
-0.011551915910357808
0.0029817101269222846
-0.03604967399585617
-0.025773616383221606
-0.014843152145377323
-0.031181962814430596
-0.021450107384239026
-0.03114508075682549
-0.00837491481273302
-0.01330837163218621
-0.026560196419233743
0.000552726160363129
-0.01787883041355432
-0.033855229892764356
-0.03894746647580799
-0.028539283342497127
-0.003660977079974196
0.005055348550386623
-0.025773616383221606
-0.008477166324660421
-0.00967843490686542
-0.01711629254484371
-0.008969083003580835
-0.029644597693105647
0.0029817101269222846
-0.03763849177698215
-0.020682843094926684
-0.04062407873744395
-0.02020605862439785
-0.004241569983545854
-0.02303972490305639
-0.002034874627608063
-0.014677380168496344
-0.014677380168496344
-0.006985685907475508
-0.005351790379368689
-0.020229044081876417
-0.011796156779182944
-0.003273057657247341
-0.01817271279029539
-0.020384182472653434
-0.014488968375176929
-0.018595345566420302
-0.05385486236145139
-0.01323773466096071
-0.01330837163218621
-0.022015555850398646
-0.00967843490686542
-0.04221618546536039
-0.017652893137648677
-0.005351790379368689
-0.013530867121039906
-0.03114508075682549
-0.018167169823105466
-0.018909945433879177
-0.019635036727884164
0.003509990491928417
-0.0364118590615505
-0.032248009616111885
-0.017652893137648677
-0.007671733705654344
-0.01117691458074241
-0.03497870592028496
-0.013530867121039906
-0.029706269989472806
-0.0033430165365738542
-0.02303972490305639
-0.024349118097897048
-0.017652893137648677
-0.046476868755525994
-0.018595345566420302
-0.03763849177698215
-0.00967843490686542
-0.03094365140864228
-0.01725317389735082
-0.014795042819120204
-0.014843152145377323
0.015251194011853958
-0.03497870592028496
-0.02303972490305639
-0.03199888135560454
-0.04348103230974667
-0.009414351497495154
-0.011085320245624593
-0.010195701110587504
-0.020384182472653434
-0.003273057657247341
-0.00903497826397667
-0.015356199137799002
-0.029621634961140793
0.010769550657521203
-0.018595345566420302
-0.04221618546536039
-0.010654408483395965
-0.004111846052481906
0.0010875203395170313
-0.00967843490686542
-0.017431971198657855
-0.019900495105346125
-0.013530867121039906
-0.009414351497495154
-0.015356314693455594
-0.046476868755525994
-0.05211508960680187
0.00832247431389707
-0.00700843439756918
-0.026364506185961378
0.00832247431389707
0.0029817101269222846
-0.015356314693455594
-0.04748337085426144
-0.017652893137648677
-0.029621634961140793
-0.015356314693455594
-0.009414351497495154
-0.020582123802315888
-0.01787883041355432
-0.053663829997481684
-0.019146910160374973
0.0029817101269222846
-0.05211508960680187
-0.04556161498909817
-0.03199888135560454
-0.029644597693105647
-0.013530867121039906
-0.020384182472653434
-0.01711629254484371
0.0044253328797501145
-0.03000662999986695
-0.03199888135560454
-0.025207103505217283
-0.020495783551507395
-0.01822200466219336
0.0024195970559057335
-0.009194890676989722
-0.024349118097897048
0.005415100205313774
0.0024195970559057335
-0.014677380168496344
-0.019378913585430108
0.013874781642533114
-0.01910115321964147
0.000552726160363129
-0.025773616383221606
-0.010485540749439002
-0.03724638716364823
-0.019635036727884164
0.005055348550386623
-0.028478786764689616
-0.016520658606402058
-0.01910115321964147
-0.04221618546536039
-0.010602477290569262
-0.014543140193230036
-0.01910115321964147
-0.0016327735554982918
-0.014677380168496344
-0.021450107384239026
-0.014488968375176929
-0.026364506185961378
-0.03114508075682549
-0.02020605862439785
-0.019900495105346125
-0.027476907944258805
-0.03114508075682549
-0.028478786764689616
