-0.035726025366796324
-0.015657540726095192
-0.006733069602705834
-0.031238424857657925
-0.030404412453458658
-0.01906989137095905
-0.020713126268661005
-0.0495060476080478
-0.031238424857657925
-0.008540011978486254
-0.0026972419860403145
-0.005811647909439013
0.00820459406734273
-0.01334817968470345
-0.03063854000640638
-0.021749586287274015
-0.023470147133594226
-0.028231123245878495
-0.02781375091509529
-0.009095916808506086
-0.012474425509250736
-0.008116249505068193
-0.00034905830324325637
-0.00010436054839068098
-0.04845632361394015
-0.00446199764799774
-0.00425857912892852
0.012504632148795653
-0.034816288659307935
-0.006420873227121252
0.006829794595023181
-0.014871776653059847
-0.015962669239398816
-0.00973496803903842
-0.005811647909439013
-0.009492393885152557
0.004579257883691843
-0.013156969309248869
-0.07922823234937752
-0.0035313319676103646
-0.04413293991691509
0.009653363476307639
0.007278992109263571
-0.024684896503435104
0.0060009887137831945
-0.017471809206738066
-0.02198031820823296
-0.01563325518489546
-0.042607760778478734
-0.0656673806397688
0.001188889945963802
-0.02499628331025062
-0.027327597651427588
-0.034816288659307935
-0.006733069602705834
-0.01266164719673032
-0.00034905830324325637
0.0019678588884918338
-0.014693265021144541
0.006112558117334858
-0.01096077375089235
-0.015119322476604923
0.011548386332067397
-0.008116249505068193
-0.0038480864512157884
-0.015657540726095192
-0.0017458315554967235
-0.02138212353376523
-0.03230657222032968
-0.042607760778478734
-0.004159522613793966
-0.014888761246749432
0.02087305699119145
-0.02358104393868669
0.0018204307741068835
0.026778854307823386
-0.02516835769587469
-0.003083990821949228
-0.02180578287269233
-0.016162725396899988
-0.027327597651427588
-0.0075017848782204435
-0.008985680229355843
-0.031698117527733306
0.0027558676338691555
0.006881380352216475
-0.003083990821949228
-0.02198031820823296
-0.011936435591295761
0.038839990984608976
-0.01044998979354324
-0.07922823234937752
-0.015872146488086256
-0.00010436054839068098
-0.02166865458925765
-0.01044998979354324
0.00040236898257723963
-0.0016595110036035348
-0.031698117527733306
-0.05257194260553265
-0.01563325518489546
-0.004494889603958773
-0.01906989137095905
0.001188889945963802
0.0065103659334350755
-0.014888761246749432
0.00917829481881613
-0.01906989137095905
0.0027999497222942283
0.009653363476307639
-0.0006172846987275175
-0.03063854000640638
-0.007549165593593973
-0.01576475435197191
-0.007198909483841922
0.0018204307741068835
-0.008046218018596453
-0.0040976696802645105
0.018379221980556224
-0.020713126268661005
-0.049145217985417856
-0.026841117250219156
-0.013343680154312993
-0.005647551792161821
-0.04845632361394015
-0.02198031820823296
-0.008543753695487285
-0.02803604753357606
0.001188889945963802
-0.039322341502985414
-0.01745181029912903
-0.017971078525851072
-0.0040976696802645105
-0.028326737302759808
0.026778854307823386
-0.07922823234937752
-0.002902948921592736
-0.028326737302759808
0.026574131009963455
0.010155015528150336
0.0027999497222942283
-0.022702456751932217
-0.011522837745774915
-0.029380481035760374
0.003648917609029657
-0.014969931732897474
-0.0003181881589388618
0.007454632861670459
-0.012360608934892403
-0.0026972419860403145
-0.011417612177767265
-0.004159522613793966
-0.01751063134789231
-0.02803604753357606
-0.025151686168975652
-0.006522261281964443
-0.0006172846987275175
-0.021749586287274015
0.0065103659334350755
-0.018274168772914042
0.006502699283589565
-0.006420873227121252
0.010470613145542642
-0.025757091955519274
-0.03717534434093202
-0.02516835769587469
0.004717046934449366
-0.0040976696802645105
-0.07922823234937752
-0.02180578287269233
-0.000542582753820119
-0.015119322476604923
-0.007617641611290467
-0.030885282896203885
-0.009199414643563414
-0.017232432124891877
-0.001777227955549143
-0.003083990821949228
0.004649149771027808
-0.006348254113494242
-0.023470147133594226
-0.014465032042983713
-0.012453252832911906
-0.012453252832911906
0.004717046934449366
-0.0040976696802645105
-0.0040976696802645105
0.002983565360999229
-0.02781375091509529
-0.015035189050151382
-0.011522837745774915
-0.009592190850833363
-0.009592190850833363
-0.008284927923900075
-0.006522261281964443
-0.014465032042983713
-0.031238424857657925
-0.012444603487812527
-0.006733069602705834
0.004692471325144547
-0.008116249505068193
0.012504632148795653
-0.031238424857657925
-0.012360608934892403
-0.01618725501936538
-0.017673383747996117
-0.02570042876849396
-0.025795957886350456
-0.013343680154312993
0.025192487252774533
-0.0627486956304557
-0.017232432124891877
-0.018274168772914042
-0.012360608934892403
0.00020534008425518338
-0.003083990821949228
-0.003083990821949228
0.003755223735963035
0.004717046934449366
0.007278992109263571
-0.02803604753357606
0.02118563056070824
-0.004222983430688681
-0.017254299288461263
0.0147788845975389
-0.012360608934892403
-0.031698117527733306
-0.008046218018596453
0.009547195265256665
0.038839990984608976
0.021717698032321073
-0.01576475435197191
0.00020534008425518338
-0.0423049515495635
-0.009643661019707286
-0.02478883218174331
-0.02052601037263884
0.025431735852365463
-0.056397083302571434
0.021987291177600246
-0.02522471225969904
0.011578772275512109
-0.0014102758580342486
0.006881380352216475
-0.025757091955519274
-0.006733069602705834
0.012504632148795653
-0.01096077375089235
-0.005186578158066619
-0.029316750625523056
-0.0014102758580342486
-0.0015356845911098404
-0.031833228757459586
-0.007054273396357858
-0.01751063134789231
-0.007851647139880225
-0.022082162909178353
-0.02522471225969904
0.003648917609029657
-0.02198031820823296
0.0018204307741068835
0.006502699283589565
-0.015119322476604923
-0.015962669239398816
-0.013598540302224271
-0.008540011978486254
-0.004159522613793966
-0.008543753695487285
0.004649149771027808
-0.029316750625523056
-0.017094360666583725
-0.013343680154312993
0.0018204307741068835
0.004232828219181652
-0.056397083302571434
-0.02522471225969904
-0.004494889603958773
-0.04845632361394015
-0.023470147133594226
0.004649149771027808
-0.0627486956304557
-0.017971078525851072
-0.01576475435197191
0.001188889945963802
0.006881380352216475
-0.013957932553296578
0.018379221980556224
-0.015872146488086256
-0.004222983430688681
-0.015872146488086256
-0.022702456751932217
0.004717046934449366
-0.0008529141725672688
0.009547195265256665
-0.023799451070411
-0.0023715669725720653
-0.048625835273694906
-0.01745181029912903
-0.02781375091509529
-0.014888761246749432
-0.013482036250636587
-0.014871776653059847
0.00590308841004776
0.02118563056070824
-0.033100361557415504
-0.05376029166497917
-0.02138212353376523
0.00820459406734273
0.00590308841004776
0.005149360106113344
-0.01435158566081705
-0.006522261281964443
-0.02516835769587469
-0.028231123245878495
-0.007617641611290467
0.0060009887137831945
-0.018274168772914042
-0.01576475435197191
-0.02570042876849396
0.03254200254477475
-0.02516835769587469
0.025192487252774533
0.009653997531617556
-0.009643661019707286
-0.018274168772914042
-0.007549165593593973
0.0008956105688638434
-0.02358104393868669
-0.028135667313129678
-0.015886335629429895
-0.010206766318909355
-0.0028484446483306976
-0.007054273396357858
0.03254200254477475
-0.013156969309248869
-0.019158443754284406
-0.012453112783867031
-0.03284218318978953
0.02087305699119145
-0.000542582753820119
-0.009492393885152557
-0.023470147133594226
-0.009592190850833363
-0.004222983430688681
0.006829794595023181
-0.02904048993274558
-0.016162725396899988
-0.026123565927394544
0.02087305699119145
-0.0495060476080478
-0.014616416602023808
-0.013156969309248869
-0.02180578287269233
-0.015119322476604923
-0.017471809206738066
-0.015035189050151382
-0.007851647139880225
-0.0003181881589388618
-0.019158443754284406
-0.0038480864512157884
-0.015962669239398816
-0.05708987961766071
-0.008046218018596453
-0.0011789828897978165
-0.0495060476080478
-0.015035189050151382
-0.004494889603958773
-0.048625835273694906
0.021987291177600246
-0.04697728620563546
-0.0075017848782204435
-0.006522261281964443
0.004579257883691843
0.018379221980556224
-0.02166865458925765
-0.010206766318909355
-0.023304762062043703
-0.006348254113494242
-0.027327597651427588
-0.001777227955549143
0.00437797537732823
-0.019493026557896125
-0.012453112783867031
-0.030727438380376275
-0.0011789828897978165
-0.04550841558637906
0.021987291177600246
-0.023470147133594226
0.018379221980556224
0.0027999497222942283
0.00437797537732823
-0.007053221470945301
-0.02138212353376523
-0.01576475435197191
-0.02516835769587469
-0.01266164719673032
-0.011417612177767265
-0.0006172846987275175
-0.01044998979354324
-0.019158443754284406
-0.000542582753820119
-0.007198909483841922
-0.031833228757459586
-0.0018792450899350823
-0.012474425509250736
-0.011522837745774915
-0.029380481035760374
-0.02052601037263884
-0.06587705481287609
0.0018204307741068835
0.004232828219181652
-0.008284927923900075
-0.031238424857657925
-0.015872146488086256
0.0011977733878539862
-0.01334817968470345
-0.008046218018596453
-0.008375232087948834
-0.02358104393868669
-0.008543753695487285
-0.0075017848782204435
0.0060009887137831945
-0.012453252832911906
-0.021749586287274015
-0.00010436054839068098
-0.007054273396357858
-0.052922601773163255
-0.007054273396357858
0.007278992109263571
-0.006798351999318736
-0.017232432124891877
-0.02166865458925765
-0.020228434292375665
0.001188889945963802
-0.008046218018596453
-0.017064292701860804
0.003990150537272568
-0.0016595110036035348
-0.011936435591295761
0.001188889945963802
-0.024684896503435104
-0.026123565927394544
-0.023799451070411
-0.005536474998070701
0.004692471325144547
-0.0016595110036035348
-0.05257194260553265
-0.017064292701860804
-0.013598540302224271
-0.017094360666583725
-0.0075017848782204435
0.021717698032321073
-0.013343680154312993
-0.01745181029912903
-0.0656673806397688
-0.014465032042983713
-0.019493026557896125
-0.016675260728826344
-0.011371710091834516
-0.019158443754284406
-0.02358104393868669
-0.04550841558637906
-0.0038480864512157884
-0.028231123245878495
-0.014465032042983713
-0.02522471225969904
0.008767613193659346
-0.035726025366796324
-0.018159403835155595
-0.02358104393868669
0.006502699283589565
-0.023304762062043703
-0.01906989137095905
-0.028231123245878495
-0.005647551792161821
-0.013482036250636587
-0.02522471225969904
-0.039322341502985414
-0.020228434292375665
-0.025476995441249685
-0.001777227955549143
0.018379221980556224
0.02087305699119145
-0.010206766318909355
0.00020534008425518338
-0.011311023782236487
0.007454632861670459
0.003990150537272568
-0.0008529141725672688
-0.001777227955549143
-0.004494889603958773
-0.011936435591295761
-0.025476995441249685
-0.011580188713244286
-0.02904048993274558
0.004232828219181652
-0.015872146488086256
-0.031698117527733306
0.02087305699119145
-0.022702456751932217
-0.014693265021144541
-0.007889257140397614
-0.020713126268661005
-0.02522471225969904
-0.031833228757459586
-0.0495060476080478
-0.01654166001186251
0.004649149771027808
0.006829794595023181
-0.028135667313129678
-0.026913690190118543
-0.03284218318978953
-0.028231123245878495
-0.034471692130985374
-0.028326737302759808
0.003990150537272568
-0.017064292701860804
-0.011580188713244286
-0.05257194260553265
-0.02522471225969904
0.004232828219181652
-0.0627486956304557
-0.012444603487812527
-0.015657540726095192
-0.011580188713244286
-0.006733069602705834
0.021717698032321073
-0.014871776653059847
-0.031740793004710485
-0.012463952718433874
0.010954659991561592
-0.01576475435197191
0.005149360106113344
0.010155015528150336
-0.012463952718433874
-0.03230657222032968
-0.017094360666583725
-0.01745181029912903
-0.031238424857657925
0.004717046934449366
-0.01742621227395144
0.00046354742920179013
-0.0016595110036035348
-0.01742621227395144
-0.006522261281964443
-0.022702456751932217
-0.009643661019707286
-0.0019196728968770053
-0.01742621227395144
0.002481178863419543
-0.01745181029912903
-0.008375232087948834
0.0018204307741068835
-0.02052601037263884
-0.0075017848782204435
-0.0006172846987275175
-0.02180578287269233
-0.013627481753256055
-0.02516835769587469
-0.007961404312685202
0.02569741890189383
-0.035578082480163004
-0.02138212353376523
-0.0495060476080478
0.02569741890189383
0.011548386332067397
-0.012360608934892403
0.02087305699119145
-0.005647551792161821
-0.020228434292375665
-0.013598540302224271
-0.013627481753256055
-0.018159403835155595
0.038839990984608976
-0.02803604753357606
-0.02499628331025062
-0.019493026557896125
-0.020228434292375665
-0.009665295628117505
-0.011580188713244286
0.009653997531617556
-0.04550841558637906
0.038839990984608976
-0.010206766318909355
-0.0008529141725672688
-0.00425857912892852
-0.00034905830324325637
-0.0163734871539893
-0.007851647139880225
0.010155015528150336
-0.006522261281964443
-0.0011789828897978165
-0.010220238674639393
0.010155015528150336
0.00884924249867623
-0.022082162909178353
0.00590308841004776
-0.02522471225969904
0.009653997531617556
-0.016162725396899988
0.0027999497222942283
-0.0423049515495635
-0.00010436054839068098
0.011548386332067397
0.008767613193659346
-0.014969931732897474
-0.031740793004710485
-0.018159403835155595
-0.008375232087948834
-0.013957932553296578
0.006502699283589565
0.003770810902474233
-0.014969931732897474
0.010470613145542642
0.006502699283589565
0.010155015528150336
0.026778854307823386
0.012504632148795653
-0.025151686168975652
-0.009492393885152557
-0.006798351999318736
-0.007549165593593973
-0.02466174404142078
0.004692471325144547
-0.013482036250636587
0.019503558909506013
-0.04413293991691509
-0.007923254840648994
0.0019678588884918338
-0.0656673806397688
0.00590308841004776
-0.009665295628117505
-0.00425857912892852
-0.039322341502985414
-0.0017458315554967235
-0.02052601037263884
-0.02781375091509529
-0.018274168772914042
0.007454632861670459
-0.0016595110036035348
-0.023470147133594226
-0.0017458315554967235
0.006502699283589565
-0.01435158566081705
0.009547195265256665
-0.017064292701860804
-0.017254299288461263
0.007278992109263571
-0.014616416602023808
0.004176424741433072
0.004649149771027808
-0.0011789828897978165
-0.011371710091834516
-0.02358104393868669
-0.006420873227121252
-0.006348254113494242
0.02569741890189383
-0.0026972419860403145
0.027820204100993177
-0.01906989137095905
-0.05708987961766071
-0.006733069602705834
0.0027558676338691555
-0.007549165593593973
-0.007054273396357858
-0.012463952718433874
-0.00034905830324325637
0.021717698032321073
-0.01654166001186251
-0.00034905830324325637
-0.017232432124891877
-0.013156969309248869
-0.0495060476080478
-0.035578082480163004
-0.017673383747996117
-0.011311023782236487
-0.011936435591295761
-0.019939647629618727
0.0011977733878539862
0.004176424741433072
0.00437797537732823
-0.007617641611290467
-0.009643661019707286
-0.033100361557415504
-0.03615303209307496
-0.013343680154312993
-0.01742621227395144
-0.0024323962068261364
0.02087305699119145
-0.029316750625523056
-0.014048441210280128
-0.007617641611290467
-0.0040976696802645105
-0.025476995441249685
-0.0423049515495635
0.00046354742920179013
0.03254200254477475
-0.0038480864512157884
-0.002902948921592736
-0.01654166001186251
0.0008956105688638434
-0.015886335629429895
-0.019158443754284406
-0.0627486956304557
-0.014871776653059847
-0.01435158566081705
-0.0062358891949393595
-0.0163734871539893
-0.026913690190118543
-0.012453112783867031
-0.042607760778478734
0.003770810902474233
-0.028231123245878495
0.0065103659334350755
-0.001777227955549143
-0.015886335629429895
-0.014871776653059847
0.038839990984608976
-0.016162725396899988
-0.019158443754284406
-0.026123565927394544
-0.0075017848782204435
0.010470613145542642
0.010155015528150336
-0.02198031820823296
-0.04550841558637906
-0.01654166001186251
0.003990150537272568
-0.01025407210263454
-0.07922823234937752
-0.017064292701860804
-0.038734180324481525
-0.031740793004710485
-0.014048441210280128
-0.01096077375089235
-0.038734180324481525
-0.015657540726095192
-0.01025407210263454
-0.011311023782236487
-0.0495060476080478
-0.017673383747996117
-0.0003181881589388618
-0.033100361557415504
-0.022702456751932217
-0.017254299288461263
-0.023470147133594226
-0.02180578287269233
0.003755223735963035
-0.014693265021144541
-0.03717534434093202
0.018379221980556224
-0.02781375091509529
-0.03615303209307496
-0.0040976696802645105
-0.006733069602705834
-0.000542582753820119
-0.013627481753256055
-0.019493026557896125
-0.01654166001186251
0.0027558676338691555
0.00884924249867623
-0.02358104393868669
0.02569741890189383
-0.017094360666583725
-0.013598540302224271
-0.02516835769587469
-0.011417612177767265
-0.006733069602705834
-0.0028484446483306976
-0.009199414643563414
-0.014048441210280128
0.010470613145542642
-0.031238424857657925
-0.0656673806397688
-0.0006172846987275175
-0.020713126268661005
-0.011580188713244286
0.0065103659334350755
0.00046354742920179013
-0.025476995441249685
-0.0016595110036035348
0.019503558909506013
-0.006798351999318736
-0.007705413565725878
-0.034471692130985374
-0.006348254113494242
-0.011311023782236487
-0.011271223493328774
-0.016162725396899988
-0.014465032042983713
0.0018204307741068835
-0.015781619162542497
0.018379221980556224
-0.048625835273694906
-0.015886335629429895
-0.013627481753256055
-0.01025407210263454
-0.008284927923900075
-0.042607760778478734
-0.056397083302571434
-0.010206766318909355
0.026574131009963455
0.00020534008425518338
-0.008046218018596453
-0.04550841558637906
-0.00446199764799774
0.038839990984608976
0.00917829481881613
0.004692471325144547
-0.019939647629618727
0.02118563056070824
-0.05257194260553265
-0.031698117527733306
0.025192487252774533
-0.03717534434093202
-0.01745181029912903
-0.017094360666583725
0.010470613145542642
0.00020534008425518338
0.00437797537732823
-0.0656673806397688
0.00020534008425518338
-0.030404412453458658
-0.034471692130985374
-0.031238424857657925
-0.035726025366796324
-0.011311023782236487
-0.023304762062043703
-0.013627481753256055
-0.026913690190118543
-0.0014102758580342486
-0.0019196728968770053
-0.017094360666583725
-0.013343680154312993
-0.02358104393868669
-0.0017458315554967235
-0.0038480864512157884
0.003770810902474233
-0.02499628331025062
-0.011371710091834516
-0.014969931732897474
0.025431735852365463
0.002983565360999229
0.004232828219181652
0.03254200254477475
0.0018204307741068835
-0.03904869364617536
0.00820459406734273
-0.05376029166497917
-0.0032761445626076097
-0.011522837745774915
0.026574131009963455
0.07051857798936574
-0.0040976696802645105
0.011578772275512109
-0.015872146488086256
-0.03284218318978953
-0.03284218318978953
-0.005811647909439013
-0.034816288659307935
-0.011936435591295761
-0.009492393885152557
-0.01334817968470345
-0.030727438380376275
0.0060009887137831945
-0.02522471225969904
-0.005929574491734358
-0.01906989137095905
-0.02358104393868669
-0.0038480864512157884
0.010470613145542642
-0.004494889603958773
-0.035726025366796324
0.02087305699119145
-0.038734180324481525
-0.015962669239398816
-0.014616416602023808
0.00437797537732823
-0.020228434292375665
-0.007705413565725878
-0.002902948921592736
-0.01618725501936538
-0.023470147133594226
-0.01751063134789231
-0.007053221470945301
-0.0016243237451503737
0.0027558676338691555
-0.014871776653059847
-0.02516835769587469
-0.009095916808506086
-0.02180578287269233
-0.01618725501936538
-0.016162725396899988
-0.009592190850833363
0.022115253750056997
-0.031698117527733306
-0.020499145864497314
-0.00034905830324325637
-0.000542582753820119
-0.003083990821949228
-0.028231123245878495
-0.009199414643563414
0.00046354742920179013
-0.01044998979354324
0.00020534008425518338
-0.03615303209307496
-0.0015356845911098404
0.026574131009963455
-0.009095916808506086
-0.015872146488086256
-0.014871776653059847
-0.038734180324481525
0.004176424741433072
-0.02522471225969904
-0.0038480864512157884
0.004717046934449366
0.018379221980556224
0.07051857798936574
0.038839990984608976
-0.017064292701860804
-0.01266164719673032
0.003648917609029657
0.009653997531617556
-0.008284927923900075
-0.025757091955519274
-0.02466174404142078
-0.03904869364617536
0.00820459406734273
-0.02522471225969904
-0.017254299288461263
0.006829794595023181
-0.009199414643563414
-0.013343680154312993
-0.0024323962068261364
0.025192487252774533
-0.02198031820823296
-0.04845632361394015
0.0027999497222942283
-0.03063854000640638
0.004232828219181652
0.011548386332067397
0.002983565360999229
-0.02423993205592765
-0.025757091955519274
-0.013156969309248869
-0.049145217985417856
0.021987291177600246
-0.0040976696802645105
0.004579257883691843
-0.014693265021144541
-0.03904869364617536
0.006881380352216475
-0.008985680229355843
-0.008116249505068193
0.0021679852584712105
-0.05257194260553265
-0.0656673806397688
-0.05376029166497917
-0.008116249505068193
0.001188889945963802
-0.027327597651427588
-0.009492393885152557
-0.04845632361394015
-0.03717534434093202
-0.024684896503435104
-0.07922823234937752
0.004232828219181652
-0.023470147133594226
-0.027327597651427588
-0.0032761445626076097
-0.02904048993274558
-0.013598540302224271
0.012504632148795653
-0.0035313319676103646
0.012504632148795653
-0.02358104393868669
-0.07922823234937752
0.007454632861670459
-0.048625835273694906
0.0060009887137831945
-0.013957932553296578
-0.034471692130985374
-0.009665295628117505
0.008767613193659346
-0.0038480864512157884
-0.009492393885152557
-0.008375232087948834
0.02087305699119145
-0.007923254840648994
-0.01654166001186251
-0.033100361557415504
-0.028326737302759808
-0.006420873227121252
0.0027999497222942283
-0.0040976696802645105
-0.00973496803903842
-0.013957932553296578
0.003990150537272568
-0.02138212353376523
-0.010206766318909355
