-0.026966395525535543
-0.00462801128736278
-0.00017676417047192156
0.001626609671749171
-0.01240960315384641
-0.013830832580310374
-0.010598308005244146
0.0027924590227598697
-0.002722202735249857
0.012767787639409493
0.002169724320905161
-0.0012999837829451473
-0.01362941041436149
0.0027924590227598697
0.012767787639409493
0.00913728063057797
-0.010680984489929587
-0.025575237815283723
-0.00814561546699915
-0.01240960315384641
-0.03177906802077444
0.0076128410396666775
-0.028266957992863828
-0.015941470365294648
-0.005551695662979462
-0.007771023928382586
-0.0010847640894041564
-0.0010847640894041564
-0.007204021690925379
-0.014881284871722375
-0.01240960315384641
-0.016828105219461417
-0.014881284871722375
-0.0077289347558966
-0.0018739514772697628
0.006491565871320971
-0.010589107874758964
-0.00956391944296776
-0.00956391944296776
-0.010871835312074012
0.016799879956945315
0.002245504937151647
0.0035649340040904546
-0.028266957992863828
-0.01110746541608411
-0.020637478480490284
-0.012198827302535268
-0.0077289347558966
0.0008465855817348149
-0.006852403401719317
-0.009552156796309559
-0.02133616545736261
-0.011656529878531567
0.0017045520608760915
-0.016258508823291443
-0.001878758720145771
-0.015941470365294648
-0.013271526336842641
-0.00956391944296776
-0.007204021690925379
-0.005551695662979462
-0.010871835312074012
0.002169724320905161
0.010931048273811108
-0.008453980853624291
-0.008962005287603405
-0.02134804426258304
-0.026966395525535543
-0.016828105219461417
-0.0231945362159215
-0.00497876596130304
-0.039685584248468735
-0.009805379965190455
-0.03177906802077444
-0.018626263418220445
-0.005676522978644453
-0.00462801128736278
-0.009043991741503858
-0.03374925941889438
-0.006102209103245115
-0.006709231863048638
-0.004879585996677485
-0.041602039383447025
-0.010402766649068178
0.009228065803475941
-0.010598308005244146
-0.03374925941889438
0.0030433965485796954
-0.0231945362159215
-0.004843501853158982
-0.012198827302535268
-0.023725906801802317
-0.016828105219461417
-0.010402766649068178
-0.002630155835285129
-0.0018739514772697628
0.0016543799448048401
-0.016828105219461417
-0.018626263418220445
-0.010906236283245847
0.010931048273811108
-0.004843501853158982
-0.00791619170650955
-0.02100292491401411
-0.015941470365294648
-0.03177906802077444
0.0009365919738572132
-0.0071340567343629434
-0.019760676288821284
-0.0012999837829451473
-0.010598308005244146
-0.009166039433113496
-0.0017530955571739598
0.0016543799448048401
0.0022867060977062896
-0.001878758720145771
-0.017438511739067204
-0.004274585357559657
-0.007481267061031891
-0.014881284871722375
-0.00956391944296776
0.002245504937151647
-0.00258088800134164
-0.012198827302535268
0.0076128410396666775
-0.025575237815283723
-0.004867449068012037
-0.02216707509402165
0.009657813219516212
-0.017438511739067204
-0.025305035967261184
-0.041602039383447025
-0.009130784897877992
-0.022901526267409714
-0.023725906801802317
0.0005841983231928547
-0.00814561546699915
-0.00258088800134164
-0.004879585996677485
-0.00814561546699915
-0.00017676417047192156
-0.01603092247478977
-0.0071340567343629434
-0.02358004346247462
-0.006551354104222109
-0.0159031740061591
-0.0017530955571739598
0.010931048273811108
-0.0353474883232154
-0.012095248645644317
-0.0012871341039227826
-0.022559031849979167
-0.010680984489929587
0.010931048273811108
0.012101798035294356
-0.00462801128736278
-0.030780464733977764
0.0022867060977062896
0.010931048273811108
-0.002722202735249857
-0.0077289347558966
-0.022901526267409714
-0.017885784164887498
-0.028266957992863828
-0.019760676288821284
-0.009612077131340777
0.0005841983231928547
-0.001878758720145771
0.00020641909643094543
0.0030433965485796954
-0.03751412246173876
0.012101798035294356
-0.0030761537662828487
0.009657813219516212
-0.02216707509402165
-0.00017676417047192156
-0.025305035967261184
-0.011656529878531567
0.0016543799448048401
-0.014881284871722375
-0.001878758720145771
0.0022867060977062896
-0.002630155835285129
0.009657813219516212
0.00020641909643094543
-0.017438511739067204
-0.009162031957278216
-0.010871835312074012
-0.004274585357559657
-0.03177906802077444
-0.007771023928382586
-0.00017676417047192156
-0.011656529878531567
-0.01362941041436149
0.010784565622128789
-0.0041615206876730315
-0.019760676288821284
-0.0231945362159215
-0.02077976190122553
-0.0418634153311608
-0.025305035967261184
-0.0077289347558966
-0.01240960315384641
-0.002630155835285129
-0.009162031957278216
-0.01603092247478977
-0.009043991741503858
-0.007424544421075043
-0.0030761537662828487
-0.010589107874758964
0.012767787639409493
-0.006118422293366169
0.016799879956945315
-0.010598308005244146
-0.010402766649068178
-0.010589107874758964
-0.014413710403569232
-0.007481267061031891
0.011162256061054109
-0.03751412246173876
-0.023725906801802317
-0.011656529878531567
0.0008465855817348149
-0.013271526336842641
-0.02751240754327637
-0.010598308005244146
-0.010680984489929587
-0.00017676417047192156
0.001626609671749171
-0.011656529878531567
-0.0018739514772697628
-0.004867449068012037
-0.007771023928382586
-0.006118422293366169
-0.015759615922756435
0.0035649340040904546
-0.008453980853624291
-0.017438511739067204
-0.006709231863048638
-0.011566987444232285
0.002169724320905161
-0.0030761537662828487
-0.00462801128736278
-0.02075097130896577
0.00020641909643094543
-0.013271526336842641
-0.009043991741503858
-0.01362941041436149
-0.012927569022869843
-0.009612077131340777
-0.016083647027493306
0.0016543799448048401
-0.030780464733977764
-0.019760676288821284
0.0030433965485796954
-0.020258378141670863
-0.0041615206876730315
0.006491565871320971
-0.020637478480490284
-0.00956391944296776
-0.02474460951362493
-0.0012871341039227826
-0.025258487249505877
-0.041602039383447025
-0.02216707509402165
-0.02751240754327637
-0.004274585357559657
0.011162256061054109
-0.013271526336842641
0.0030433965485796954
-0.02100292491401411
0.0027924590227598697
-0.0010847640894041564
-0.00814561546699915
0.0027924590227598697
-0.022901526267409714
-0.0012999837829451473
0.00913728063057797
0.0008465855817348149
-0.02751240754327637
-0.03312790839017108
-0.010680984489929587
-0.014881284871722375
-0.0071340567343629434
0.006491565871320971
-0.017656911534201573
-0.008962005287603405
-0.005740021796373888
-0.019747787787543745
-0.030780464733977764
0.008232934970873523
-0.01603092247478977
-0.005676522978644453
-0.02625222550469099
-0.010402766649068178
0.011162256061054109
-0.0159031740061591
-0.006551354104222109
-0.016083647027493306
-0.004452052772865168
-0.00857052874764164
0.0025213873734594677
-0.004274585357559657
-0.020637478480490284
-0.009612077131340777
-0.00462801128736278
-0.010589107874758964
-0.004274585357559657
-0.0012999837829451473
-0.008793585200273712
-0.009612077131340777
0.0027924590227598697
-0.002722202735249857
-0.010871835312074012
-0.03374925941889438
-0.041602039383447025
0.02694334501836698
-0.007481267061031891
-0.02089711006709841
-0.0012999837829451473
-0.025258487249505877
-0.0030761537662828487
-0.022901526267409714
0.010931048273811108
-0.002722202735249857
0.002245504937151647
0.011162256061054109
-0.022901526267409714
0.008232934970873523
-0.005740021796373888
-0.028266957992863828
-0.026652597075899214
-0.02134804426258304
-0.011153387561950653
-0.005563356477835374
-0.005271471677900804
-0.0018739514772697628
-0.02216707509402165
-0.006551354104222109
-0.00497876596130304
-0.006102209103245115
0.0027924590227598697
-0.004867449068012037
-0.024993078969526603
-0.017656911534201573
-0.007424544421075043
-0.011566987444232285
-0.007771023928382586
0.0076128410396666775
-0.010871835312074012
-0.016258508823291443
-0.0017530955571739598
-0.0046645557155548635
-0.020637478480490284
0.010784565622128789
-0.00956391944296776
-0.030780464733977764
0.0008465855817348149
-0.03177906802077444
-0.00462801128736278
-0.025305035967261184
-0.014413710403569232
-0.012198827302535268
-0.009552156796309559
-0.017656911534201573
-0.010598308005244146
-0.008962005287603405
-0.023725906801802317
-0.002630155835285129
0.0022867060977062896
-0.013271526336842641
0.0016543799448048401
-0.02474460951362493
-0.03177906802077444
-0.01240960315384641
-0.013271526336842641
0.00020641909643094543
-0.030780464733977764
-0.018607812755929147
-0.009612077131340777
0.009228065803475941
-0.00857052874764164
-0.0231945362159215
0.002169724320905161
-0.0012999837829451473
-0.03751412246173876
0.009228065803475941
-0.00956391944296776
-0.01362941041436149
-0.02216707509402165
-0.010598308005244146
-0.005551695662979462
-0.006709231863048638
-0.007795287044247992
-0.025305035967261184
0.010931048273811108
0.006491565871320971
-0.008962005287603405
-0.004452052772865168
-0.0353474883232154
0.008232934970873523
0.009657813219516212
-0.041602039383447025
-0.00814561546699915
-0.008453980853624291
0.008232934970873523
-0.0418634153311608
-0.00017676417047192156
0.0017045520608760915
-0.008453980853624291
-0.017885784164887498
-0.030780464733977764
-0.010402766649068178
0.016799879956945315
-0.013271526336842641
-0.009130784897877992
-0.0046645557155548635
0.011162256061054109
-0.02077976190122553
-0.010402766649068178
0.0022867060977062896
0.002245504937151647
-0.020258378141670863
-0.00857052874764164
-0.02100292491401411
0.0027924590227598697
-0.02358004346247462
-0.030780464733977764
-0.004452052772865168
-0.014881284871722375
0.0076128410396666775
-0.007424544421075043
0.02694334501836698
-0.02133616545736261
-0.01110746541608411
0.0030433965485796954
-0.013271526336842641
-0.012927569022869843
-0.03177906802077444
-0.016258508823291443
-0.020637478480490284
-0.006551354104222109
-0.0353474883232154
0.0027924590227598697
-0.0041615206876730315
-0.004452052772865168
0.012101798035294356
-0.005740021796373888
-0.004843501853158982
-0.006691333688292252
-0.004274585357559657
-0.02077976190122553
-0.01603092247478977
-0.026966395525535543
0.0022867060977062896
-0.00956391944296776
-0.002630155835285129
-0.005676522978644453
-0.017885784164887498
-0.041602039383447025
-0.02134804426258304
-0.023683677611880206
-0.010871835312074012
-0.015941470365294648
0.008232934970873523
-0.009552156796309559
-0.02075097130896577
-0.0018739514772697628
-0.016083647027493306
-0.039685584248468735
-0.00497876596130304
0.0030433965485796954
-0.0018739514772697628
0.00556252144850407
-0.007481267061031891
-0.02075097130896577
0.009657813219516212
-0.002630155835285129
-0.023725906801802317
0.0008465855817348149
-0.009552156796309559
0.012767787639409493
-0.010589107874758964
-0.025305035967261184
0.012767787639409493
-0.002722202735249857
-0.03177906802077444
-0.007795287044247992
0.006491565871320971
0.0076128410396666775
-0.007795287044247992
-0.02075097130896577
-0.016083647027493306
0.0017045520608760915
-0.011566987444232285
-0.02100292491401411
-0.0353474883232154
-0.0041615206876730315
-0.00497876596130304
-0.025575237815283723
0.00913728063057797
-0.011656529878531567
0.011162256061054109
-0.010680984489929587
-0.013830832580310374
-0.005563356477835374
-0.016258508823291443
-0.016828105219461417
-0.03751412246173876
0.016799879956945315
0.002169724320905161
-0.006691333688292252
-0.00857052874764164
-0.039685584248468735
-0.00791619170650955
-0.00814561546699915
-0.02624534680347291
0.016799879956945315
-0.026966395525535543
-0.002630155835285129
-0.02133616545736261
-0.020258378141670863
-0.0231945362159215
0.009657813219516212
-0.015941470365294648
-0.01110746541608411
0.0035649340040904546
-0.041602039383447025
-0.0231945362159215
-0.006709231863048638
-0.0012999837829451473
-0.015759615922756435
-0.007424544421075043
0.008232934970873523
-0.02077976190122553
-0.016828105219461417
0.00913728063057797
0.00556252144850407
0.012101798035294356
-0.02077976190122553
0.012101798035294356
-0.014881284871722375
-0.010589107874758964
0.0076128410396666775
0.0027924590227598697
-0.02089711006709841
-0.009130784897877992
0.0025213873734594677
-0.022559031849979167
-0.03312790839017108
-0.018607812755929147
0.012101798035294356
-0.0041615206876730315
-0.015759615922756435
-0.006551354104222109
-0.0046645557155548635
-0.0231945362159215
-0.03374925941889438
-0.018607812755929147
-0.018986517474964246
-0.02751240754327637
-0.03374925941889438
-0.0353474883232154
-0.006102209103245115
-0.017885784164887498
-0.006691333688292252
-0.007771023928382586
-0.025305035967261184
-0.00857052874764164
-0.008453980853624291
-0.009552156796309559
-0.016258508823291443
-0.017656911534201573
-0.012198827302535268
0.006491565871320971
0.0027924590227598697
-0.03374925941889438
0.0017045520608760915
-0.01240960315384641
-0.017438511739067204
-0.02751240754327637
-0.0418634153311608
-0.020258378141670863
-0.02089711006709841
-0.00462801128736278
-0.00497876596130304
-0.006691333688292252
-0.008962005287603405
-0.020637478480490284
-0.009166039433113496
0.00556252144850407
0.0022867060977062896
-0.019747787787543745
-0.006118422293366169
-0.005551695662979462
0.0009365919738572132
0.012767787639409493
-0.017656911534201573
-0.00814561546699915
-0.009612077131340777
-0.01362941041436149
-0.02100292491401411
0.006491565871320971
-0.015759615922756435
-0.02624534680347291
-0.024993078969526603
-0.010402766649068178
-0.002630155835285129
-0.007795287044247992
-0.005551695662979462
-0.0010847640894041564
0.0009365919738572132
0.0017045520608760915
-0.017656911534201573
0.012101798035294356
-0.00956391944296776
-0.0353474883232154
-0.020637478480490284
0.002169724320905161
-0.023683677611880206
0.012101798035294356
-0.006118422293366169
0.002169724320905161
0.016799879956945315
0.002245504937151647
-0.006852403401719317
-0.009166039433113496
-0.02134804426258304
0.009657813219516212
-0.02134804426258304
0.0017045520608760915
-0.012095248645644317
-0.0018739514772697628
-0.009043991741503858
-0.014413710403569232
-0.0018739514772697628
-0.004274585357559657
-0.017438511739067204
-0.018607812755929147
-0.01240960315384641
0.0076128410396666775
0.016799879956945315
-0.02751240754327637
0.0016543799448048401
-0.028266957992863828
-0.00791619170650955
-0.018607812755929147
-0.026966395525535543
-0.018607812755929147
0.0008465855817348149
-0.009612077131340777
-0.020258378141670863
-0.022901526267409714
-0.016083647027493306
-0.020637478480490284
-0.02134804426258304
-0.00497876596130304
-0.03374925941889438
0.0005841983231928547
0.016799879956945315
-0.009805379965190455
-0.018986517474964246
0.02694334501836698
0.009228065803475941
-0.004879585996677485
-0.02358004346247462
-0.014881284871722375
-0.00791619170650955
-0.002630155835285129
0.002169724320905161
0.0030433965485796954
-0.03312790839017108
-0.006691333688292252
-0.0010847640894041564
0.016799879956945315
-0.010598308005244146
-0.030780464733977764
-0.016828105219461417
-0.02625222550469099
-0.016083647027493306
-0.030780464733977764
0.002169724320905161
0.008232934970873523
-0.007481267061031891
-0.010402766649068178
-0.00857052874764164
-0.0231945362159215
-0.01603092247478977
-0.00017676417047192156
-0.005563356477835374
-0.023725906801802317
-0.008453980853624291
-0.02751240754327637
-0.005271471677900804
-0.00791619170650955
-0.03374925941889438
-0.012927569022869843
-0.00462801128736278
-0.01240960315384641
-0.028266957992863828
-0.01110746541608411
-0.005563356477835374
-0.017885784164887498
-0.00791619170650955
-0.018626263418220445
-0.013271526336842641
-0.022559031849979167
-0.0046645557155548635
-0.005740021796373888
-0.004843501853158982
-0.007481267061031891
-0.026966395525535543
-0.0018739514772697628
-0.001878758720145771
-0.039685584248468735
-0.004867449068012037
-0.006691333688292252
-0.010589107874758964
-0.024993078969526603
0.00913728063057797
-0.017885784164887498
-0.0353474883232154
0.02694334501836698
-0.023725906801802317
-0.008962005287603405
-0.022901526267409714
-0.011566987444232285
-0.00258088800134164
-0.009130784897877992
-0.026652597075899214
-0.02358004346247462
-0.02089711006709841
-0.00497876596130304
-0.03751412246173876
0.016799879956945315
-0.004867449068012037
-0.00258088800134164
-0.006551354104222109
-0.03177906802077444
-0.025258487249505877
-0.00857052874764164
-0.02100292491401411
-0.011153387561950653
0.0030433965485796954
0.0005841983231928547
0.0005841983231928547
0.02694334501836698
-0.007771023928382586
-0.041602039383447025
-0.014413710403569232
-0.0012871341039227826
-0.005551695662979462
-0.009552156796309559
-0.018626263418220445
-0.00956391944296776
0.0027924590227598697
-0.018986517474964246
0.00020641909643094543
-0.020258378141670863
-0.007795287044247992
-0.011566987444232285
-0.019760676288821284
-0.012927569022869843
-0.023725906801802317
0.0016543799448048401
-0.022559031849979167
0.012101798035294356
-0.0010847640894041564
-0.005740021796373888
-0.0353474883232154
-0.0159031740061591
-0.001878758720145771
0.008232934970873523
-0.016258508823291443
-0.004452052772865168
-0.03374925941889438
-0.02358004346247462
-0.00497876596130304
-0.015941470365294648
0.0027924590227598697
-0.017438511739067204
-0.026652597075899214
-0.009166039433113496
-0.02625222550469099
0.002245504937151647
-0.00497876596130304
-0.00462801128736278
0.02694334501836698
0.016799879956945315
-0.02625222550469099
0.002245504937151647
0.012767787639409493
-0.008453980853624291
-0.0018739514772697628
-0.01240960315384641
-0.01110746541608411
-0.02216707509402165
-0.041602039383447025
-0.010906236283245847
-0.030780464733977764
-0.0231945362159215
-0.025575237815283723
-0.001878758720145771
-0.005676522978644453
0.00913728063057797
-0.004843501853158982
-0.013830832580310374
-0.03177906802077444
-0.019747787787543745
-0.012927569022869843
-0.011566987444232285
-0.00497876596130304
0.00020641909643094543
-0.001878758720145771
-0.007424544421075043
-0.0010847640894041564
-0.023725906801802317
-0.001878758720145771
-0.010680984489929587
-0.007424544421075043
-0.004879585996677485
-0.02624534680347291
-0.02134804426258304
-0.020258378141670863
0.012767787639409493
0.002245504937151647
-0.004274585357559657
-0.0012871341039227826
-0.025305035967261184
-0.006691333688292252
-0.019747787787543745
-0.017438511739067204
0.016799879956945315
0.010931048273811108
-0.023683677611880206
-0.039685584248468735
0.001626609671749171
0.012101798035294356
-0.0046645557155548635
0.0017045520608760915
0.009228065803475941
-0.0159031740061591
-0.019747787787543745
-0.008793585200273712
0.012767787639409493
-0.008962005287603405
-0.00462801128736278
0.0076128410396666775
0.0030433965485796954
0.0017045520608760915
-0.0159031740061591
-0.015941470365294648
-0.025305035967261184
0.008232934970873523
-0.007771023928382586
-0.039685584248468735
-0.001878758720145771
-0.001878758720145771
-0.0012871341039227826
-0.011153387561950653
-0.02100292491401411
0.001626609671749171
-0.03751412246173876
-0.015759615922756435
0.006491565871320971
-0.009043991741503858
-0.0041615206876730315
0.011162256061054109
-0.0159031740061591
-0.00462801128736278
0.00913728063057797
-0.023683677611880206
-0.0231945362159215
-0.025258487249505877
0.006491565871320971
-0.0012999837829451473
-0.039685584248468735
0.00020641909643094543
-0.009552156796309559
-0.018607812755929147
-0.001878758720145771
-0.010680984489929587
0.001626609671749171
-0.001878758720145771
-0.006691333688292252
-0.03751412246173876
-0.005563356477835374
-0.006852403401719317
-0.0012871341039227826
-0.006118422293366169
-0.006118422293366169
0.0005841983231928547
-0.00814561546699915
-0.025258487249505877
-0.030780464733977764
-0.008962005287603405
-0.03312790839017108
-0.0077289347558966
-0.028266957992863828
-0.030780464733977764
-0.023683677611880206
-0.004274585357559657
0.002169724320905161
-0.009166039433113496
-0.020637478480490284
-0.007481267061031891
-0.002722202735249857
-0.013830832580310374
-0.007481267061031891
-0.03312790839017108
-0.03751412246173876
0.0009365919738572132
-0.02358004346247462
-0.009130784897877992
-0.015941470365294648
-0.023683677611880206
-0.009805379965190455
0.006491565871320971
-0.017885784164887498
-0.009162031957278216
-0.02133616545736261
-0.0012999837829451473
-0.022901526267409714
-0.015759615922756435
-0.039685584248468735
-0.017656911534201573
-0.017885784164887498
-0.0030761537662828487
-0.013271526336842641
-0.0030761537662828487
-0.023683677611880206
0.0027924590227598697
-0.025575237815283723
-0.004879585996677485
-0.022559031849979167
-0.01110746541608411
0.006491565871320971
-0.006102209103245115
0.0027924590227598697
-0.02133616545736261
-0.019760676288821284
0.0035649340040904546
-0.017656911534201573
-0.03312790839017108
-0.007795287044247992
-0.028266957992863828
-0.00857052874764164
-0.010589107874758964
-0.00462801128736278
-0.016828105219461417
-0.0030761537662828487
-0.005551695662979462
-0.019760676288821284
0.001626609671749171
-0.03374925941889438
-0.016828105219461417
-0.002630155835285129
-0.008962005287603405
0.0035649340040904546
-0.025305035967261184
-0.011566987444232285
-0.041602039383447025
-0.007771023928382586
0.0017045520608760915
-0.02100292491401411
-0.011153387561950653
0.008232934970873523
-0.0041615206876730315
-0.012927569022869843
-0.013830832580310374
-0.041602039383447025
-0.009805379965190455
0.0035649340040904546
-0.009166039433113496
-0.012927569022869843
-0.0231945362159215
-0.0041615206876730315
-0.007771023928382586
-0.01110746541608411
-0.006691333688292252
-0.00497876596130304
-0.007795287044247992
-0.014881284871722375
0.00913728063057797
-0.016258508823291443
0.012101798035294356
-0.018986517474964246
-0.016258508823291443
-0.009162031957278216
-0.004274585357559657
-0.039685584248468735
-0.0017530955571739598
-0.004879585996677485
-0.026652597075899214
-0.005271471677900804
-0.007771023928382586
-0.016828105219461417
-0.014413710403569232
0.00020641909643094543
-0.005563356477835374
