-0.022369550035066858
-0.024472602057347095
0.003573283955596806
-0.041012866151757144
-0.0117337106469368
0.005632381326529895
0.01006213511124945
-0.023929225947668952
-0.025369854341512114
0.02783466986726323
0.003573283955596806
-0.028285280817061442
-0.04047530011902245
-0.012182731241797857
-0.046901466112274026
-0.02340820690985389
-0.03642624835207023
-0.04831537648575962
-0.012182731241797857
-0.014045855787500859
-0.018630444156274347
0.026408701608099487
-0.028285280817061442
0.03653344076608739
-0.023929225947668952
-0.016732804001755582
0.010290466524595272
-0.01241647137200021
-0.023460266882113858
0.01916762858365297
-0.030529420705204556
-0.018630444156274347
-0.016732804001755582
-0.04217490420529608
-0.04217490420529608
-0.04668147053584078
-0.04668147053584078
-0.02340820690985389
-0.03588982403065035
-0.018445075651772263
-0.04217490420529608
-0.0422747744053167
-0.016341344497902893
0.003573283955596806
-0.016013031297062698
-0.02340820690985389
0.01916762858365297
0.007720544109487064
-0.023460266882113858
-0.052117635628052376
0.0004293405210761024
-0.0032842932566665207
-0.014066288715009909
0.0055041717136547165
0.0018880213261892776
0.005338865210569126
-0.014066288715009909
-0.013517866397144062
-0.025369854341512114
0.02293803383598706
0.005632381326529895
0.0018880213261892776
-0.014066288715009909
-0.014045855787500859
-0.015114597930315735
0.005338865210569126
-0.018445075651772263
-0.025369854341512114
0.02223158671337226
-0.023460266882113858
-0.055156128714123384
0.01916762858365297
-0.016013031297062698
-0.008943724053861518
-0.023929225947668952
-0.022369550035066858
-0.02340820690985389
-0.024472602057347095
0.017054634975548818
0.026408701608099487
0.0018880213261892776
-0.018445075651772263
0.020156039711337618
-0.03224437854598945
0.007720544109487064
-0.030529420705204556
0.003573283955596806
-0.04217490420529608
-0.026284949782197746
-0.03224437854598945
0.02293803383598706
-0.0117337106469368
0.0055041717136547165
-0.016013031297062698
-0.016732804001755582
-0.04047530011902245
0.02293803383598706
-0.024472602057347095
-0.044453138984441955
0.009875113393446927
-0.026284949782197746
-0.01477208622243825
-0.018630444156274347
-0.022711257756709704
-0.028285280817061442
-0.023929225947668952
-0.033048332077984854
0.003573283955596806
0.005632381326529895
0.026408701608099487
0.010290466524595272
0.026408701608099487
0.02293803383598706
-0.018630444156274347
0.014504111794029233
-0.0422747744053167
-0.0117337106469368
-0.025369854341512114
-0.016341344497902893
0.012485406334456032
-0.0422747744053167
0.0018880213261892776
-0.022187621233058234
0.012485406334456032
-0.033048332077984854
-0.046901466112274026
-0.03588982403065035
-0.04047530011902245
0.014504111794029233
-0.015114597930315735
0.0018880213261892776
-0.03588982403065035
-0.022369550035066858
-0.0032842932566665207
-0.008722904649661828
-0.04668147053584078
-0.024472602057347095
-0.014066288715009909
-0.028285280817061442
-0.018630444156274347
-0.012182731241797857
0.005338865210569126
-0.013517866397144062
-0.018630444156274347
-0.041012866151757144
-0.04831537648575962
-0.028285280817061442
-0.018630444156274347
0.03653344076608739
-0.014045855787500859
-0.012182731241797857
-0.054653874447461906
0.02223158671337226
-0.04831537648575962
-0.016732804001755582
0.02783466986726323
-0.04217490420529608
-0.030529420705204556
-0.016013031297062698
-0.016732804001755582
-0.017021672227042536
-0.04047530011902245
-0.016013031297062698
-0.052117635628052376
-0.022711257756709704
0.012485406334456032
-0.016013031297062698
0.006436422818501425
-0.01477208622243825
0.02783466986726323
0.005338865210569126
-0.04217490420529608
-0.028285280817061442
-0.021740235495326485
-0.033048332077984854
-0.021740235495326485
0.01916762858365297
-0.054653874447461906
-0.054653874447461906
-0.017021672227042536
-0.028285280817061442
-0.026284949782197746
0.005632381326529895
-0.008722904649661828
0.010290466524595272
-0.023460266882113858
0.006436422818501425
-0.021740235495326485
0.02293803383598706
0.01006213511124945
-0.026086456212910954
-0.01241647137200021
-0.024472602057347095
-0.04047530011902245
-0.033048332077984854
-0.03642624835207023
-0.052117635628052376
-0.016732804001755582
-0.023460266882113858
0.0055041717136547165
0.005632381326529895
0.010290466524595272
0.02783466986726323
0.012485406334456032
-0.04831537648575962
-0.03642624835207023
0.010290466524595272
-0.04831537648575962
0.02783466986726323
-0.04668147053584078
0.0004293405210761024
0.0018880213261892776
0.014504111794029233
-0.02340820690985389
-0.024472602057347095
-0.04668147053584078
0.026408701608099487
-0.014066288715009909
0.01327985808535041
-0.022711257756709704
0.0055041717136547165
0.005632381326529895
0.003573283955596806
-0.02340820690985389
0.02293803383598706
-0.04047530011902245
0.020156039711337618
-0.016732804001755582
-0.0716386856451673
-0.04047530011902245
-0.03588982403065035
0.007720544109487064
-0.046901466112274026
-0.024472602057347095
0.026408701608099487
0.026408701608099487
0.007720544109487064
0.0055041717136547165
0.01916762858365297
-0.026086456212910954
-0.017021672227042536
0.01006213511124945
-0.03588982403065035
-0.030529420705204556
-0.026284949782197746
0.003573283955596806
-0.015114597930315735
-0.022369550035066858
-0.0422747744053167
0.02783466986726323
0.017054634975548818
0.026408701608099487
-0.021740235495326485
0.03653344076608739
-0.023460266882113858
-0.018445075651772263
-0.03588982403065035
0.020156039711337618
-0.041012866151757144
-0.033048332077984854
-0.0032842932566665207
-0.052117635628052376
-0.015114597930315735
-0.024472602057347095
-0.04047530011902245
-0.01477208622243825
-0.017021672227042536
-0.055156128714123384
0.01327985808535041
-0.03588982403065035
-0.014045855787500859
-0.03588982403065035
-0.023460266882113858
-0.04047530011902245
-0.04217490420529608
0.006436422818501425
-0.017021672227042536
-0.02340820690985389
-0.028285280817061442
-0.008943724053861518
-0.04668147053584078
-0.022187621233058234
0.009875113393446927
-0.015114597930315735
0.009875113393446927
-0.021740235495326485
-0.013517866397144062
-0.014066288715009909
0.01006213511124945
-0.015114597930315735
-0.016732804001755582
0.005338865210569126
-0.022187621233058234
-0.015114597930315735
-0.0716386856451673
-0.04217490420529608
-0.055156128714123384
-0.018445075651772263
-0.044453138984441955
-0.022369550035066858
-0.022267009286234
-0.018445075651772263
-0.022711257756709704
0.014504111794029233
-0.025369854341512114
-0.0032842932566665207
-0.033048332077984854
-0.01241647137200021
-0.030529420705204556
0.017054634975548818
0.01327985808535041
-0.016341344497902893
-0.018630444156274347
-0.046901466112274026
-0.017021672227042536
-0.03588982403065035
0.03653344076608739
-0.055156128714123384
-0.018445075651772263
0.01327985808535041
0.005338865210569126
0.005632381326529895
-0.04668147053584078
-0.023929225947668952
-0.03224437854598945
0.03653344076608739
-0.023929225947668952
0.01916762858365297
0.03653344076608739
-0.0032842932566665207
-0.017021672227042536
-0.033048332077984854
-0.022187621233058234
-0.03642624835207023
-0.017021672227042536
-0.026284949782197746
-0.0716386856451673
-0.02340820690985389
-0.033048332077984854
-0.041012866151757144
-0.023460266882113858
0.026408701608099487
-0.03224437854598945
-0.013517866397144062
0.003573283955596806
-0.018630444156274347
0.01327985808535041
-0.055156128714123384
-0.022267009286234
-0.022267009286234
-0.016732804001755582
-0.04217490420529608
-0.023460266882113858
-0.021740235495326485
0.014504111794029233
-0.0422747744053167
-0.026086456212910954
-0.016341344497902893
-0.024472602057347095
-0.03588982403065035
0.007720544109487064
0.007720544109487064
-0.026284949782197746
-0.0032842932566665207
-0.014045855787500859
-0.03588982403065035
-0.03588982403065035
0.007720544109487064
-0.025369854341512114
-0.054653874447461906
0.01006213511124945
0.005338865210569126
-0.054653874447461906
-0.04831537648575962
-0.026086456212910954
-0.028285280817061442
-0.022267009286234
0.017054634975548818
-0.023460266882113858
-0.022369550035066858
-0.0422747744053167
0.005632381326529895
-0.008722904649661828
-0.014066288715009909
-0.013517866397144062
0.02223158671337226
-0.01241647137200021
-0.022267009286234
0.01327985808535041
-0.022267009286234
0.012485406334456032
0.0018880213261892776
0.026408701608099487
0.007720544109487064
0.01916762858365297
-0.022187621233058234
-0.0716386856451673
-0.028285280817061442
-0.016013031297062698
-0.017021672227042536
-0.026086456212910954
-0.03588982403065035
0.020156039711337618
-0.025369854341512114
0.006436422818501425
-0.04217490420529608
0.01916762858365297
0.01916762858365297
-0.017021672227042536
0.02223158671337226
-0.022267009286234
-0.04668147053584078
0.02223158671337226
-0.01241647137200021
-0.014066288715009909
-0.022267009286234
-0.028285280817061442
-0.033048332077984854
-0.04217490420529608
-0.017021672227042536
-0.022267009286234
-0.022267009286234
-0.022187621233058234
-0.023929225947668952
-0.041012866151757144
-0.0032842932566665207
-0.046901466112274026
0.02783466986726323
-0.030529420705204556
0.010290466524595272
-0.01477208622243825
-0.016341344497902893
-0.022267009286234
0.01916762858365297
0.02223158671337226
0.020156039711337618
-0.028285280817061442
0.010290466524595272
-0.012182731241797857
-0.026284949782197746
-0.022267009286234
0.012485406334456032
-0.022267009286234
-0.022711257756709704
-0.046901466112274026
-0.022187621233058234
-0.046901466112274026
-0.022187621233058234
-0.016732804001755582
-0.016732804001755582
0.0004293405210761024
0.03653344076608739
-0.052117635628052376
-0.0716386856451673
-0.01241647137200021
-0.0117337106469368
-0.055156128714123384
-0.01477208622243825
-0.0117337106469368
0.020156039711337618
0.01916762858365297
-0.04047530011902245
0.0018880213261892776
-0.024472602057347095
-0.0422747744053167
-0.04668147053584078
-0.01477208622243825
-0.046901466112274026
0.0055041717136547165
-0.014066288715009909
-0.055156128714123384
0.020156039711337618
0.020156039711337618
0.010290466524595272
-0.044453138984441955
-0.014066288715009909
-0.012182731241797857
0.017054634975548818
0.02783466986726323
0.005632381326529895
0.02223158671337226
0.0004293405210761024
0.0004293405210761024
0.020156039711337618
-0.017021672227042536
0.005338865210569126
0.010290466524595272
-0.026284949782197746
-0.054653874447461906
-0.054653874447461906
-0.014066288715009909
-0.03224437854598945
0.02293803383598706
-0.022369550035066858
-0.013517866397144062
0.005632381326529895
0.007720544109487064
-0.01477208622243825
0.026408701608099487
-0.055156128714123384
-0.022711257756709704
0.03653344076608739
0.007720544109487064
-0.0422747744053167
-0.022711257756709704
-0.052117635628052376
-0.008722904649661828
0.0004293405210761024
-0.03224437854598945
-0.044453138984441955
-0.021740235495326485
-0.024472602057347095
-0.01241647137200021
-0.013517866397144062
-0.028285280817061442
-0.017021672227042536
-0.018445075651772263
0.02293803383598706
-0.023929225947668952
-0.04217490420529608
0.01916762858365297
-0.01477208622243825
-0.013517866397144062
0.03653344076608739
-0.0422747744053167
-0.023460266882113858
0.020156039711337618
-0.013517866397144062
-0.024472602057347095
-0.013517866397144062
-0.028285280817061442
-0.017021672227042536
-0.04668147053584078
0.005338865210569126
-0.008943724053861518
0.026408701608099487
-0.052117635628052376
-0.033048332077984854
-0.044453138984441955
0.01916762858365297
-0.0032842932566665207
-0.016341344497902893
0.009875113393446927
-0.017021672227042536
0.010290466524595272
-0.022711257756709704
-0.012182731241797857
-0.022187621233058234
-0.0032842932566665207
-0.04217490420529608
-0.04047530011902245
-0.052117635628052376
0.03653344076608739
-0.02340820690985389
-0.033048332077984854
-0.022369550035066858
-0.008943724053861518
0.0055041717136547165
-0.01241647137200021
-0.014066288715009909
0.005338865210569126
-0.014045855787500859
-0.033048332077984854
-0.025369854341512114
-0.021740235495326485
-0.02340820690985389
-0.054653874447461906
-0.014066288715009909
0.01006213511124945
0.0055041717136547165
-0.021740235495326485
-0.04047530011902245
-0.014045855787500859
-0.014045855787500859
-0.018445075651772263
0.01327985808535041
0.007720544109487064
0.0004293405210761024
-0.025369854341512114
-0.031079650861266423
-0.017021672227042536
0.01916762858365297
-0.023929225947668952
-0.04668147053584078
-0.017021672227042536
-0.044453138984441955
-0.028285280817061442
-0.016732804001755582
0.01916762858365297
-0.044453138984441955
0.009875113393446927
-0.0422747744053167
-0.03642624835207023
-0.017021672227042536
-0.017021672227042536
-0.008943724053861518
-0.012182731241797857
-0.04831537648575962
-0.022187621233058234
-0.01477208622243825
0.017054634975548818
-0.046901466112274026
-0.026086456212910954
0.02293803383598706
0.01327985808535041
-0.018445075651772263
-0.03642624835207023
-0.054653874447461906
-0.023460266882113858
-0.04047530011902245
-0.01477208622243825
-0.046901466112274026
-0.014045855787500859
-0.024472602057347095
-0.052117635628052376
0.010290466524595272
-0.012182731241797857
0.02293803383598706
-0.026284949782197746
-0.022369550035066858
-0.014045855787500859
-0.030529420705204556
0.01006213511124945
0.020156039711337618
0.02783466986726323
-0.017021672227042536
-0.030529420705204556
-0.023929225947668952
-0.008722904649661828
-0.026086456212910954
-0.017021672227042536
-0.013517866397144062
-0.025369854341512114
0.01327985808535041
-0.022187621233058234
-0.0716386856451673
-0.04047530011902245
0.009875113393446927
0.02293803383598706
0.005632381326529895
-0.028285280817061442
0.0004293405210761024
0.007720544109487064
-0.008722904649661828
-0.033048332077984854
0.03653344076608739
-0.044453138984441955
0.005338865210569126
0.01916762858365297
-0.055156128714123384
-0.033048332077984854
-0.025369854341512114
-0.018445075651772263
-0.04217490420529608
0.020156039711337618
-0.024472602057347095
0.01327985808535041
0.009875113393446927
0.02783466986726323
-0.023929225947668952
-0.04831537648575962
-0.052117635628052376
-0.03642624835207023
-0.022187621233058234
0.006436422818501425
-0.016013031297062698
-0.0716386856451673
0.020156039711337618
0.0004293405210761024
0.02223158671337226
-0.044453138984441955
0.0018880213261892776
-0.044453138984441955
-0.021740235495326485
-0.03588982403065035
0.010290466524595272
-0.026284949782197746
-0.01241647137200021
-0.016732804001755582
-0.021740235495326485
-0.018630444156274347
-0.026284949782197746
-0.046901466112274026
-0.046901466112274026
0.012485406334456032
0.0055041717136547165
-0.044453138984441955
0.003573283955596806
0.01327985808535041
0.0018880213261892776
0.003573283955596806
-0.04668147053584078
-0.016341344497902893
-0.016013031297062698
-0.01477208622243825
0.005632381326529895
-0.03588982403065035
-0.04831537648575962
-0.026086456212910954
0.010290466524595272
-0.026284949782197746
-0.031079650861266423
-0.0422747744053167
-0.018630444156274347
-0.016732804001755582
-0.026086456212910954
-0.044453138984441955
0.01327985808535041
0.020156039711337618
-0.017021672227042536
-0.025369854341512114
-0.021740235495326485
-0.054653874447461906
0.009875113393446927
-0.041012866151757144
-0.012182731241797857
-0.03588982403065035
0.01916762858365297
-0.008943724053861518
-0.013517866397144062
0.0018880213261892776
-0.015114597930315735
-0.055156128714123384
0.01006213511124945
-0.03588982403065035
-0.008943724053861518
-0.008722904649661828
-0.022187621233058234
-0.0032842932566665207
-0.013517866397144062
-0.01241647137200021
-0.023929225947668952
0.012485406334456032
-0.031079650861266423
-0.008943724053861518
-0.030529420705204556
-0.017021672227042536
0.010290466524595272
-0.03588982403065035
0.02223158671337226
0.0055041717136547165
-0.030529420705204556
-0.024472602057347095
0.003573283955596806
-0.0032842932566665207
-0.018445075651772263
-0.0032842932566665207
-0.031079650861266423
-0.021740235495326485
0.009875113393446927
-0.026284949782197746
-0.04217490420529608
-0.018630444156274347
0.020156039711337618
0.006436422818501425
-0.052117635628052376
-0.022711257756709704
-0.017021672227042536
0.01916762858365297
-0.030529420705204556
0.005338865210569126
-0.01477208622243825
-0.023460266882113858
-0.03588982403065035
-0.013517866397144062
-0.01241647137200021
0.009875113393446927
-0.052117635628052376
-0.0117337106469368
-0.021740235495326485
-0.052117635628052376
-0.031079650861266423
-0.008943724053861518
-0.052117635628052376
0.009875113393446927
0.010290466524595272
0.003573283955596806
0.0055041717136547165
-0.016013031297062698
-0.033048332077984854
-0.026086456212910954
-0.013517866397144062
0.020156039711337618
-0.04668147053584078
-0.055156128714123384
-0.04217490420529608
0.02223158671337226
-0.054653874447461906
-0.023460266882113858
0.005338865210569126
-0.023460266882113858
-0.023929225947668952
0.02783466986726323
-0.014045855787500859
0.005632381326529895
-0.028285280817061442
0.02783466986726323
0.01916762858365297
-0.054653874447461906
-0.0117337106469368
0.02783466986726323
-0.04047530011902245
0.0018880213261892776
-0.026284949782197746
-0.022187621233058234
0.0018880213261892776
-0.033048332077984854
0.0055041717136547165
-0.04831537648575962
-0.021740235495326485
0.005338865210569126
0.01916762858365297
-0.016013031297062698
0.03653344076608739
-0.031079650861266423
-0.024472602057347095
-0.044453138984441955
0.017054634975548818
0.005338865210569126
0.020156039711337618
-0.017021672227042536
-0.008722904649661828
0.012485406334456032
-0.055156128714123384
0.003573283955596806
0.02223158671337226
-0.026086456212910954
0.012485406334456032
-0.02340820690985389
0.009875113393446927
-0.015114597930315735
-0.016013031297062698
-0.04047530011902245
-0.015114597930315735
-0.033048332077984854
-0.0117337106469368
0.010290466524595272
-0.0032842932566665207
0.03653344076608739
-0.017021672227042536
0.010290466524595272
0.006436422818501425
-0.008722904649661828
-0.024472602057347095
-0.013517866397144062
-0.02340820690985389
-0.03642624835207023
0.007720544109487064
-0.026284949782197746
-0.021740235495326485
0.0018880213261892776
-0.054653874447461906
-0.055156128714123384
-0.026284949782197746
0.02293803383598706
-0.052117635628052376
0.0055041717136547165
-0.025369854341512114
-0.0716386856451673
-0.044453138984441955
-0.046901466112274026
0.01006213511124945
-0.022267009286234
-0.01477208622243825
-0.04668147053584078
-0.008943724053861518
0.014504111794029233
-0.014045855787500859
0.01327985808535041
-0.018630444156274347
-0.015114597930315735
-0.01241647137200021
-0.03224437854598945
-0.022187621233058234
-0.014066288715009909
-0.03588982403065035
-0.055156128714123384
-0.028285280817061442
-0.016341344497902893
-0.015114597930315735
-0.03224437854598945
-0.022267009286234
-0.022711257756709704
-0.054653874447461906
-0.03642624835207023
-0.012182731241797857
-0.03588982403065035
-0.04047530011902245
-0.0032842932566665207
0.020156039711337618
0.005338865210569126
-0.055156128714123384
0.006436422818501425
0.02293803383598706
-0.03588982403065035
-0.03642624835207023
-0.03224437854598945
-0.055156128714123384
0.01327985808535041
-0.015114597930315735
-0.017021672227042536
0.01006213511124945
-0.022267009286234
-0.023460266882113858
-0.046901466112274026
-0.016013031297062698
0.02223158671337226
-0.024472602057347095
-0.04831537648575962
0.003573283955596806
0.017054634975548818
0.02223158671337226
-0.03588982403065035
-0.0716386856451673
-0.008722904649661828
-0.054653874447461906
0.009875113393446927
0.003573283955596806
-0.04831537648575962
-0.0422747744053167
0.02783466986726323
-0.041012866151757144
-0.017021672227042536
-0.033048332077984854
-0.054653874447461906
0.03653344076608739
-0.022267009286234
0.009875113393446927
-0.041012866151757144
-0.031079650861266423
-0.052117635628052376
-0.026284949782197746
-0.026284949782197746
-0.014045855787500859
0.012485406334456032
0.0055041717136547165
-0.04047530011902245
-0.04831537648575962
0.01327985808535041
-0.04668147053584078
-0.024472602057347095
-0.04217490420529608
0.006436422818501425
-0.031079650861266423
-0.016013031297062698
-0.025369854341512114
-0.0716386856451673
-0.008943724053861518
-0.030529420705204556
-0.04047530011902245
0.0018880213261892776
-0.04217490420529608
-0.022369550035066858
-0.03642624835207023
0.01327985808535041
0.0055041717136547165
-0.026284949782197746
0.003573283955596806
0.009875113393446927
0.0055041717136547165
-0.022711257756709704
-0.022267009286234
-0.022267009286234
-0.014045855787500859
-0.054653874447461906
-0.021740235495326485
-0.022267009286234
-0.022711257756709704
-0.03642624835207023
-0.024472602057347095
-0.026086456212910954
-0.016013031297062698
0.01916762858365297
-0.03224437854598945
-0.028285280817061442
-0.022187621233058234
-0.041012866151757144
-0.01477208622243825
0.017054634975548818
0.007720544109487064
0.005338865210569126
-0.028285280817061442
0.01327985808535041
-0.022187621233058234
-0.04831537648575962
-0.022267009286234
-0.055156128714123384
-0.023929225947668952
-0.026086456212910954
-0.016341344497902893
0.007720544109487064
0.006436422818501425
-0.041012866151757144
-0.0422747744053167
0.005338865210569126
-0.0117337106469368
-0.033048332077984854
-0.04217490420529608
-0.055156128714123384
-0.008722904649661828
