-0.036002378689885
-0.0025975502971856083
-0.02405612609109994
-0.0019829131732666165
0.00045419456825634687
-0.02405612609109994
0.006970521497291644
-0.030175440287655828
0.0018608555664412832
0.00845892185014598
-0.052936390417662044
0.011222797270920687
-0.03462330410495833
-0.025259215442578288
-0.030175440287655828
-0.02405612609109994
-0.0025975502971856083
0.004140657042614573
0.001962285056423056
0.004140657042614573
-0.016206382571389583
-0.003995685834969502
-0.004299327528811337
-0.004299327528811337
-0.030175440287655828
-0.016206382571389583
-0.003995685834969502
-0.0481679681281057
-0.0481679681281057
-0.036002378689885
-0.03462330410495833
0.001962285056423056
-0.005027918421704478
-0.015479394651337542
0.00045419456825634687
0.004140657042614573
-0.00908548562107057
-0.0025975502971856083
-0.036002378689885
-0.025259215442578288
-0.015479394651337542
0.005682129690915168
-0.015479394651337542
-0.025259215442578288
-0.005027918421704478
-0.036002378689885
-0.025256433707685908
0.00045419456825634687
-0.03243684623929888
-0.025259215442578288
-0.016206382571389583
0.011222797270920687
-0.00908548562107057
0.005682129690915168
-0.005027918421704478
0.01952983827718588
-0.025259215442578288
0.011222797270920687
0.004140657042614573
-0.012159889373700593
-0.0019829131732666165
-0.015479394651337542
-0.03243684623929888
-0.012159889373700593
-0.015479394651337542
-0.005027918421704478
-0.0019829131732666165
-0.012159889373700593
0.004140657042614573
-0.03243684623929888
0.00045419456825634687
-0.0019829131732666165
0.0018608555664412832
0.011222797270920687
-0.03243684623929888
-0.02405612609109994
-0.03243684623929888
0.01952983827718588
-0.025256433707685908
-0.0019829131732666165
0.006970521497291644
-0.02405612609109994
-0.015479394651337542
0.0018608555664412832
-0.025256433707685908
0.001962285056423056
-0.014231184115578647
-0.014231184115578647
0.011222797270920687
-0.052936390417662044
0.0018608555664412832
-0.005027918421704478
-0.025259215442578288
-0.016206382571389583
-0.015479394651337542
0.00845892185014598
-0.02405612609109994
-0.0481679681281057
0.01952983827718588
-0.02405612609109994
0.00845892185014598
0.00845892185014598
-0.0019829131732666165
-0.003995685834969502
-0.052936390417662044
0.004140657042614573
0.001962285056423056
-0.025256433707685908
-0.0481679681281057
0.011222797270920687
-0.052936390417662044
-0.0019829131732666165
0.004140657042614573
0.011222797270920687
-0.016206382571389583
0.01952983827718588
-0.015479394651337542
-0.014231184115578647
-0.014231184115578647
-0.016206382571389583
-0.052936390417662044
0.00845892185014598
0.01952983827718588
-0.0481679681281057
-0.0019829131732666165
-0.03462330410495833
0.011222797270920687
-0.015479394651337542
0.001962285056423056
-0.025256433707685908
-0.012159889373700593
0.005682129690915168
-0.03462330410495833
-0.005027918421704478
-0.025256433707685908
-0.014231184115578647
-0.005027918421704478
0.00845892185014598
0.011222797270920687
-0.03243684623929888
0.0018608555664412832
-0.0019829131732666165
-0.025259215442578288
-0.0025975502971856083
0.004140657042614573
-0.03243684623929888
-0.0481679681281057
0.0018608555664412832
0.00845892185014598
-0.003995685834969502
-0.03243684623929888
0.011222797270920687
0.004140657042614573
-0.012159889373700593
-0.014231184115578647
-0.014231184115578647
-0.036002378689885
-0.014231184115578647
-0.030175440287655828
-0.03462330410495833
-0.02405612609109994
-0.015479394651337542
-0.0019829131732666165
0.006970521497291644
-0.036002378689885
-0.03243684623929888
0.001962285056423056
0.0018608555664412832
0.0018608555664412832
-0.03462330410495833
-0.03462330410495833
-0.014231184115578647
-0.0019829131732666165
-0.0481679681281057
0.001962285056423056
0.0018608555664412832
-0.036002378689885
0.001962285056423056
-0.005027918421704478
0.001962285056423056
0.0018608555664412832
-0.016206382571389583
0.004140657042614573
0.001962285056423056
-0.003995685834969502
-0.030175440287655828
-0.03462330410495833
-0.003995685834969502
-0.015479394651337542
-0.014231184115578647
-0.025259215442578288
-0.003995685834969502
-0.052936390417662044
-0.030175440287655828
-0.025259215442578288
0.00045419456825634687
-0.016206382571389583
-0.003995685834969502
-0.0025975502971856083
-0.03462330410495833
0.004140657042614573
-0.0019829131732666165
-0.0025975502971856083
-0.0025975502971856083
0.00845892185014598
-0.02405612609109994
-0.0481679681281057
0.00845892185014598
0.011222797270920687
-0.0025975502971856083
-0.02405612609109994
-0.0481679681281057
-0.025259215442578288
-0.0025975502971856083
-0.036002378689885
-0.00908548562107057
0.001962285056423056
0.01952983827718588
0.011222797270920687
0.00845892185014598
-0.003995685834969502
0.01952983827718588
-0.015479394651337542
-0.025256433707685908
-0.030175440287655828
-0.005027918421704478
0.01952983827718588
0.006970521497291644
-0.03243684623929888
-0.025259215442578288
-0.03243684623929888
-0.00908548562107057
-0.036002378689885
0.01952983827718588
-0.03243684623929888
0.001962285056423056
0.01952983827718588
0.01952983827718588
0.001962285056423056
-0.00908548562107057
-0.015479394651337542
-0.0481679681281057
0.004140657042614573
-0.005027918421704478
-0.02405612609109994
-0.016206382571389583
-0.004299327528811337
-0.0019829131732666165
0.00845892185014598
-0.0481679681281057
-0.015479394651337542
-0.025259215442578288
-0.025259215442578288
-0.014231184115578647
-0.00908548562107057
-0.004299327528811337
-0.03243684623929888
-0.030175440287655828
-0.0019829131732666165
0.00045419456825634687
-0.016206382571389583
-0.003995685834969502
-0.003995685834969502
-0.016206382571389583
0.00845892185014598
-0.004299327528811337
-0.036002378689885
-0.025256433707685908
0.0018608555664412832
0.00845892185014598
0.001962285056423056
0.004140657042614573
-0.004299327528811337
-0.0019829131732666165
0.006970521497291644
0.01952983827718588
-0.025259215442578288
-0.005027918421704478
-0.005027918421704478
0.00045419456825634687
-0.025256433707685908
-0.03462330410495833
-0.03462330410495833
-0.036002378689885
0.01952983827718588
-0.014231184115578647
0.00845892185014598
-0.02405612609109994
-0.030175440287655828
-0.0025975502971856083
-0.0019829131732666165
-0.03462330410495833
0.001962285056423056
0.004140657042614573
-0.03243684623929888
0.01952983827718588
-0.025259215442578288
0.011222797270920687
-0.025259215442578288
0.0018608555664412832
0.0018608555664412832
-0.052936390417662044
-0.036002378689885
-0.0019829131732666165
-0.052936390417662044
-0.014231184115578647
-0.0019829131732666165
0.011222797270920687
-0.0481679681281057
-0.016206382571389583
0.006970521497291644
0.01952983827718588
-0.012159889373700593
0.005682129690915168
-0.036002378689885
0.004140657042614573
-0.014231184115578647
-0.0025975502971856083
-0.025259215442578288
-0.02405612609109994
0.011222797270920687
-0.015479394651337542
-0.00908548562107057
0.00045419456825634687
-0.0481679681281057
-0.025256433707685908
0.011222797270920687
-0.012159889373700593
-0.014231184115578647
-0.036002378689885
-0.015479394651337542
-0.015479394651337542
-0.003995685834969502
-0.0025975502971856083
-0.005027918421704478
-0.005027918421704478
0.006970521497291644
-0.025256433707685908
-0.014231184115578647
-0.004299327528811337
-0.02405612609109994
-0.02405612609109994
0.00045419456825634687
-0.0019829131732666165
-0.025259215442578288
0.0018608555664412832
0.0018608555664412832
0.01952983827718588
-0.030175440287655828
0.001962285056423056
-0.036002378689885
-0.03462330410495833
-0.0025975502971856083
0.005682129690915168
-0.003995685834969502
-0.016206382571389583
-0.0025975502971856083
0.00045419456825634687
0.00845892185014598
-0.0019829131732666165
-0.00908548562107057
-0.025256433707685908
-0.015479394651337542
-0.016206382571389583
-0.02405612609109994
-0.052936390417662044
-0.003995685834969502
-0.036002378689885
-0.052936390417662044
0.0018608555664412832
0.011222797270920687
-0.015479394651337542
0.0018608555664412832
-0.016206382571389583
0.011222797270920687
0.011222797270920687
-0.030175440287655828
0.005682129690915168
-0.015479394651337542
0.005682129690915168
0.004140657042614573
-0.025259215442578288
-0.03243684623929888
-0.016206382571389583
0.00045419456825634687
-0.0025975502971856083
-0.016206382571389583
0.0018608555664412832
-0.004299327528811337
0.01952983827718588
-0.005027918421704478
0.00045419456825634687
0.004140657042614573
-0.030175440287655828
-0.036002378689885
0.0018608555664412832
0.00845892185014598
0.011222797270920687
-0.03462330410495833
-0.03243684623929888
-0.025256433707685908
-0.025259215442578288
-0.005027918421704478
-0.036002378689885
0.0018608555664412832
0.006970521497291644
-0.005027918421704478
0.001962285056423056
-0.0025975502971856083
0.011222797270920687
-0.052936390417662044
0.0018608555664412832
-0.015479394651337542
-0.0481679681281057
-0.00908548562107057
-0.052936390417662044
-0.0019829131732666165
-0.03462330410495833
-0.0019829131732666165
0.00045419456825634687
-0.005027918421704478
-0.00908548562107057
-0.016206382571389583
-0.02405612609109994
-0.015479394651337542
-0.012159889373700593
-0.003995685834969502
0.004140657042614573
-0.03243684623929888
-0.005027918421704478
-0.0481679681281057
-0.0019829131732666165
0.011222797270920687
0.01952983827718588
-0.005027918421704478
0.004140657042614573
-0.03462330410495833
-0.02405612609109994
0.001962285056423056
0.00845892185014598
0.001962285056423056
-0.0481679681281057
-0.025259215442578288
0.01952983827718588
0.0018608555664412832
-0.025259215442578288
-0.0481679681281057
-0.02405612609109994
-0.036002378689885
-0.005027918421704478
0.0018608555664412832
-0.025259215442578288
0.004140657042614573
-0.015479394651337542
-0.025259215442578288
-0.0019829131732666165
0.00045419456825634687
-0.030175440287655828
0.00045419456825634687
0.011222797270920687
-0.014231184115578647
-0.02405612609109994
0.00045419456825634687
-0.012159889373700593
-0.0481679681281057
-0.015479394651337542
0.006970521497291644
-0.03462330410495833
0.00045419456825634687
-0.014231184115578647
-0.00908548562107057
-0.004299327528811337
-0.02405612609109994
0.006970521497291644
0.00045419456825634687
-0.004299327528811337
-0.003995685834969502
-0.0025975502971856083
0.00845892185014598
-0.00908548562107057
0.0018608555664412832
-0.016206382571389583
0.0018608555664412832
0.00045419456825634687
-0.012159889373700593
-0.005027918421704478
0.006970521497291644
0.00045419456825634687
-0.02405612609109994
-0.00908548562107057
-0.0481679681281057
0.004140657042614573
-0.036002378689885
-0.0019829131732666165
-0.0025975502971856083
-0.02405612609109994
0.0018608555664412832
-0.0019829131732666165
-0.030175440287655828
-0.030175440287655828
-0.00908548562107057
-0.00908548562107057
-0.03462330410495833
-0.003995685834969502
-0.014231184115578647
-0.014231184115578647
-0.003995685834969502
0.011222797270920687
-0.016206382571389583
0.001962285056423056
-0.012159889373700593
0.00845892185014598
0.01952983827718588
-0.025259215442578288
0.006970521497291644
-0.0481679681281057
-0.052936390417662044
0.011222797270920687
0.006970521497291644
0.001962285056423056
0.01952983827718588
-0.025256433707685908
0.00845892185014598
-0.016206382571389583
-0.005027918421704478
-0.012159889373700593
-0.012159889373700593
-0.03243684623929888
-0.025256433707685908
-0.015479394651337542
-0.0025975502971856083
-0.0019829131732666165
-0.052936390417662044
-0.005027918421704478
-0.012159889373700593
-0.00908548562107057
0.00045419456825634687
-0.03462330410495833
0.011222797270920687
-0.02405612609109994
-0.025256433707685908
0.01952983827718588
0.005682129690915168
-0.0019829131732666165
0.011222797270920687
-0.004299327528811337
-0.016206382571389583
-0.0025975502971856083
-0.03243684623929888
-0.00908548562107057
0.006970521497291644
-0.015479394651337542
-0.003995685834969502
-0.0019829131732666165
-0.03462330410495833
-0.036002378689885
-0.003995685834969502
-0.015479394651337542
0.005682129690915168
-0.025259215442578288
-0.025259215442578288
-0.00908548562107057
-0.036002378689885
-0.016206382571389583
0.006970521497291644
-0.03243684623929888
-0.030175440287655828
0.005682129690915168
-0.014231184115578647
-0.012159889373700593
0.004140657042614573
-0.004299327528811337
0.00845892185014598
-0.02405612609109994
0.011222797270920687
0.001962285056423056
0.001962285056423056
-0.012159889373700593
-0.0025975502971856083
-0.052936390417662044
-0.036002378689885
0.005682129690915168
0.0018608555664412832
0.004140657042614573
-0.030175440287655828
0.01952983827718588
-0.02405612609109994
0.00045419456825634687
-0.0481679681281057
-0.03462330410495833
-0.015479394651337542
0.006970521497291644
-0.003995685834969502
0.00845892185014598
0.001962285056423056
-0.0481679681281057
-0.030175440287655828
-0.036002378689885
0.001962285056423056
-0.03462330410495833
-0.03462330410495833
0.005682129690915168
-0.00908548562107057
0.006970521497291644
-0.00908548562107057
-0.00908548562107057
-0.0019829131732666165
0.005682129690915168
-0.004299327528811337
-0.03243684623929888
-0.052936390417662044
0.001962285056423056
-0.005027918421704478
-0.030175440287655828
0.01952983827718588
-0.03243684623929888
-0.005027918421704478
0.011222797270920687
0.00045419456825634687
-0.0025975502971856083
-0.014231184115578647
-0.014231184115578647
0.0018608555664412832
-0.004299327528811337
-0.02405612609109994
-0.0481679681281057
0.00045419456825634687
-0.0025975502971856083
-0.036002378689885
-0.0025975502971856083
-0.014231184115578647
0.001962285056423056
0.011222797270920687
-0.036002378689885
-0.012159889373700593
-0.004299327528811337
-0.025256433707685908
0.0018608555664412832
-0.004299327528811337
0.0018608555664412832
0.011222797270920687
-0.025256433707685908
-0.005027918421704478
-0.00908548562107057
-0.036002378689885
0.011222797270920687
-0.030175440287655828
0.011222797270920687
-0.014231184115578647
0.001962285056423056
-0.004299327528811337
0.0018608555664412832
-0.025256433707685908
0.00045419456825634687
-0.016206382571389583
0.01952983827718588
-0.00908548562107057
-0.025256433707685908
0.01952983827718588
-0.015479394651337542
-0.052936390417662044
-0.00908548562107057
0.004140657042614573
-0.030175440287655828
-0.005027918421704478
0.004140657042614573
0.0018608555664412832
-0.0019829131732666165
-0.03243684623929888
-0.014231184115578647
0.001962285056423056
-0.003995685834969502
0.00045419456825634687
-0.030175440287655828
0.00045419456825634687
-0.03243684623929888
-0.03243684623929888
0.011222797270920687
-0.0025975502971856083
-0.025256433707685908
-0.025256433707685908
0.004140657042614573
-0.0481679681281057
0.001962285056423056
-0.052936390417662044
-0.03462330410495833
0.00045419456825634687
0.001962285056423056
-0.0019829131732666165
-0.014231184115578647
-0.0481679681281057
-0.005027918421704478
0.01952983827718588
-0.004299327528811337
-0.005027918421704478
0.00045419456825634687
-0.02405612609109994
-0.00908548562107057
-0.036002378689885
0.0018608555664412832
0.0018608555664412832
-0.030175440287655828
-0.005027918421704478
0.00845892185014598
-0.052936390417662044
-0.004299327528811337
0.004140657042614573
-0.004299327528811337
-0.030175440287655828
-0.015479394651337542
0.011222797270920687
0.004140657042614573
0.011222797270920687
-0.014231184115578647
-0.025259215442578288
-0.014231184115578647
-0.004299327528811337
0.00845892185014598
-0.014231184115578647
0.004140657042614573
0.011222797270920687
0.001962285056423056
-0.025259215442578288
-0.014231184115578647
0.00845892185014598
-0.00908548562107057
-0.03462330410495833
-0.004299327528811337
0.00045419456825634687
-0.0019829131732666165
-0.003995685834969502
0.005682129690915168
-0.052936390417662044
-0.02405612609109994
-0.03243684623929888
-0.025259215442578288
-0.016206382571389583
-0.0481679681281057
-0.012159889373700593
-0.015479394651337542
-0.03243684623929888
-0.0019829131732666165
0.011222797270920687
-0.025259215442578288
0.001962285056423056
0.0018608555664412832
-0.004299327528811337
0.006970521497291644
-0.02405612609109994
0.00845892185014598
-0.030175440287655828
-0.030175440287655828
-0.00908548562107057
-0.012159889373700593
-0.003995685834969502
0.01952983827718588
0.0018608555664412832
-0.025256433707685908
-0.015479394651337542
-0.0019829131732666165
-0.004299327528811337
-0.036002378689885
0.001962285056423056
0.006970521497291644
-0.014231184115578647
-0.02405612609109994
0.006970521497291644
0.005682129690915168
-0.0019829131732666165
-0.0019829131732666165
-0.005027918421704478
-0.0025975502971856083
-0.0019829131732666165
-0.00908548562107057
-0.00908548562107057
-0.036002378689885
-0.00908548562107057
-0.0481679681281057
-0.03462330410495833
0.0018608555664412832
-0.0019829131732666165
-0.02405612609109994
0.004140657042614573
-0.052936390417662044
0.0018608555664412832
-0.025256433707685908
-0.004299327528811337
-0.00908548562107057
-0.016206382571389583
0.00045419456825634687
0.001962285056423056
-0.016206382571389583
0.01952983827718588
0.006970521497291644
-0.03462330410495833
-0.0481679681281057
0.006970521497291644
-0.004299327528811337
-0.052936390417662044
-0.03462330410495833
-0.015479394651337542
-0.014231184115578647
-0.025256433707685908
0.001962285056423056
-0.014231184115578647
-0.004299327528811337
0.006970521497291644
-0.016206382571389583
0.011222797270920687
-0.052936390417662044
0.004140657042614573
-0.02405612609109994
-0.004299327528811337
0.006970521497291644
-0.03462330410495833
0.006970521497291644
-0.003995685834969502
0.00845892185014598
0.00845892185014598
-0.014231184115578647
-0.015479394651337542
-0.052936390417662044
-0.015479394651337542
-0.0019829131732666165
0.004140657042614573
0.011222797270920687
-0.025259215442578288
-0.03462330410495833
-0.012159889373700593
-0.012159889373700593
-0.025259215442578288
0.005682129690915168
-0.0481679681281057
0.0018608555664412832
0.005682129690915168
-0.025256433707685908
0.00845892185014598
0.005682129690915168
0.00045419456825634687
0.0018608555664412832
-0.015479394651337542
-0.003995685834969502
-0.016206382571389583
-0.014231184115578647
-0.0481679681281057
-0.004299327528811337
0.00845892185014598
-0.036002378689885
0.001962285056423056
-0.0025975502971856083
0.011222797270920687
-0.03243684623929888
-0.03462330410495833
0.00845892185014598
-0.025259215442578288
-0.0019829131732666165
-0.005027918421704478
-0.005027918421704478
-0.014231184115578647
-0.005027918421704478
-0.03243684623929888
-0.025256433707685908
-0.052936390417662044
0.011222797270920687
0.001962285056423056
-0.014231184115578647
0.00045419456825634687
-0.036002378689885
-0.004299327528811337
-0.0019829131732666165
-0.014231184115578647
-0.014231184115578647
0.005682129690915168
-0.02405612609109994
-0.03243684623929888
-0.004299327528811337
-0.016206382571389583
-0.012159889373700593
-0.0019829131732666165
0.006970521497291644
-0.02405612609109994
-0.00908548562107057
-0.025256433707685908
0.01952983827718588
0.004140657042614573
0.005682129690915168
-0.0019829131732666165
-0.004299327528811337
-0.03243684623929888
0.005682129690915168
-0.052936390417662044
-0.0025975502971856083
-0.030175440287655828
-0.003995685834969502
-0.0025975502971856083
-0.052936390417662044
-0.030175440287655828
0.005682129690915168
-0.0481679681281057
-0.03462330410495833
-0.03462330410495833
-0.015479394651337542
0.01952983827718588
-0.036002378689885
-0.014231184115578647
-0.016206382571389583
-0.0019829131732666165
-0.012159889373700593
-0.03243684623929888
-0.025259215442578288
-0.03243684623929888
-0.052936390417662044
-0.012159889373700593
0.005682129690915168
-0.036002378689885
-0.004299327528811337
0.011222797270920687
-0.0025975502971856083
-0.004299327528811337
-0.03243684623929888
-0.003995685834969502
-0.02405612609109994
-0.0025975502971856083
0.00045419456825634687
0.00045419456825634687
-0.025259215442578288
-0.03243684623929888
-0.025256433707685908
-0.012159889373700593
-0.004299327528811337
-0.02405612609109994
-0.012159889373700593
-0.0025975502971856083
-0.003995685834969502
-0.02405612609109994
-0.0025975502971856083
0.00845892185014598
-0.016206382571389583
0.01952983827718588
0.006970521497291644
-0.025256433707685908
-0.00908548562107057
-0.015479394651337542
-0.0481679681281057
-0.030175440287655828
0.001962285056423056
0.0018608555664412832
0.006970521497291644
0.011222797270920687
-0.003995685834969502
-0.052936390417662044
-0.030175440287655828
-0.036002378689885
0.01952983827718588
0.006970521497291644
-0.052936390417662044
-0.005027918421704478
-0.014231184115578647
-0.004299327528811337
0.001962285056423056
-0.052936390417662044
-0.014231184115578647
-0.025256433707685908
0.001962285056423056
-0.00908548562107057
0.004140657042614573
0.006970521497291644
0.006970521497291644
-0.0019829131732666165
-0.00908548562107057
-0.0481679681281057
-0.00908548562107057
-0.014231184115578647
-0.03243684623929888
-0.003995685834969502
-0.003995685834969502
0.011222797270920687
-0.0019829131732666165
-0.00908548562107057
-0.036002378689885
0.01952983827718588
0.004140657042614573
-0.00908548562107057
0.001962285056423056
-0.036002378689885
-0.003995685834969502
-0.052936390417662044
0.00845892185014598
-0.025259215442578288
-0.0481679681281057
-0.030175440287655828
0.001962285056423056
0.01952983827718588
0.01952983827718588
0.01952983827718588
0.005682129690915168
-0.0025975502971856083
-0.015479394651337542
0.0018608555664412832
-0.012159889373700593
