-0.03358430498296608
0.04364846919535577
-0.0047142414197022505
-0.03217748056335838
-0.01313363648190649
-0.03929282685668434
-0.025216196123126488
0.02723601567054399
0.0525671452484142
-0.00818158696677578
0.0001781143962810122
-0.005035464719788303
-0.01072111667923902
-0.0036735395549358746
-0.005079156311700468
-0.020734447850316123
-0.0006729902377403057
0.013612398814939414
-0.013075775950494183
-0.01043254397770984
-0.020734447850316123
-0.028210268625153148
-0.01773504487369463
-0.04484920097954898
0.010868607822853562
-0.025182989988193044
-0.028210268625153148
-0.013161397847178045
0.011733390093842956
0.0018227078010272433
-0.025182989988193044
-0.024787410619721197
-0.004988008551121392
-0.03502087753398983
-0.04442335315208106
0.009081119340794655
-0.01382576863411521
-0.016313091702984693
-0.0013461935926842718
0.016485668146767413
-0.04073527022102037
-0.015953746565456953
-0.03502087753398983
0.01241219621846305
0.014043488558998595
-0.03602119843916061
0.007831774796109064
-0.031702307940791756
-0.03032928054060544
0.006312902769213625
-0.004988008551121392
-0.013075775950494183
-0.010116182602130461
-0.021971268448495375
0.07577454806851056
-0.046868197017056606
0.0003467634690572723
0.0004916098073353267
0.010132443006732496
0.009081119340794655
-0.032122872195023466
-0.007345204883854196
-0.021533474425416994
-0.01231518755902066
0.0015414924963602192
0.01861710353648032
-0.0034042148319480387
-0.016313091702984693
-0.01043254397770984
-0.03032928054060544
-0.007345204883854196
-0.014274053919996518
-0.013075775950494183
-0.0030573743263226736
0.0014344293778800726
-0.016391975248466032
0.010825185361386321
-0.020001156970385778
-0.015953746565456953
-0.025314327749717234
-0.018541135318742463
0.01241219621846305
-0.03929282685668434
-0.005177058366552886
-0.03617200528312426
-0.024787410619721197
-0.04484920097954898
-0.0013573983801661187
-0.016313091702984693
-0.021993000639926874
-0.01754701480529183
-0.010017783597491562
-0.023193585979087293
-0.01997563284793307
-0.028210268625153148
-0.022205035697120384
-0.01754701480529183
-0.005425469561846332
-0.005060430226689727
-0.006600320439169286
0.008088694020864238
-0.043198906991897955
-0.023546262137978273
0.010132443006732496
-0.005060430226689727
-0.020734447850316123
-0.040847559193071
0.016360487170867497
-0.005425469561846332
-0.01773504487369463
-0.005177058366552886
-0.012091179889115804
-0.018150400969084823
0.02163258976302029
-0.022205035697120384
-0.015225377476844435
0.0047565557544011925
-0.01072111667923902
-0.0010215408967170425
-0.015225377476844435
-0.010941899363814341
-0.021533474425416994
-0.005035464719788303
-0.0006729902377403057
-0.021971268448495375
-0.005035464719788303
-0.005425469561846332
-0.006600320439169286
0.0018227078010272433
-0.017631895576764256
-0.031702307940791756
-0.01043254397770984
-0.014274053919996518
-0.043198906991897955
-0.0044382134519667755
0.016485668146767413
-0.023546262137978273
-0.011251635518243326
-0.017864656017663204
-0.04073527022102037
-0.010679318107338054
-0.019336510966906702
-0.009334530148409466
-0.00494670998996926
-0.01231518755902066
-0.0010215408967170425
-0.006396276105926631
-0.03217748056335838
-0.04442335315208106
0.04364846919535577
0.010825185361386321
0.007831774796109064
0.008088694020864238
0.0076779901623487195
0.010868607822853562
0.009642375480713623
-0.04442335315208106
-0.018541135318742463
-0.005177058366552886
0.0003467634690572723
-0.03602119843916061
-0.03358430498296608
-0.01773504487369463
-0.01997563284793307
0.0004916098073353267
-0.046585201291143734
-0.04484920097954898
-0.016805424957119574
-0.03358430498296608
0.0001781143962810122
-0.005079156311700468
0.0015414924963602192
-0.0047142414197022505
-0.016805424957119574
-0.020734447850316123
0.008011033282263855
0.07577454806851056
-0.028210268625153148
-0.015953746565456953
-0.006396276105926631
-0.020734447850316123
-0.011251635518243326
0.007795235765531805
-0.040847559193071
-0.0030573743263226736
-0.015953746565456953
-0.0030573743263226736
-0.010116182602130461
0.0047565557544011925
-0.021971268448495375
-0.03032928054060544
-0.020833811694942733
-0.00494670998996926
-0.01382576863411521
-0.010646707848114905
-0.01059939369366842
-0.00673889018963628
-0.01186066038241991
-0.0030573743263226736
-0.014274053919996518
0.008011033282263855
-0.0034042148319480387
-0.0013461935926842718
-0.03358430498296608
-0.013756163603253099
-0.01186066038241991
-0.003461212614356496
-0.015499741384264056
-0.013756163603253099
-0.01043254397770984
-0.010240616546199944
-0.024787410619721197
0.010825185361386321
-0.003593971319911708
-0.01072111667923902
0.007831774796109064
-0.025182989988193044
-0.022205035697120384
-0.01231518755902066
-0.00014735732739700136
-0.024254171953094292
-0.0006729902377403057
0.003072703731721022
-0.03032928054060544
-0.013756163603253099
0.0018227078010272433
-0.00780107218484468
-0.004823033400938039
-0.015499741384264056
-0.013161397847178045
-0.03602119843916061
-0.020833811694942733
0.018217128565838986
-0.043198906991897955
0.010825185361386321
0.013612398814939414
0.01861710353648032
-0.010215698366413934
-0.040847559193071
0.01241219621846305
-0.0010215408967170425
0.0368981498981673
-0.012209311564880938
-0.035068535599732276
-0.03479544948935713
0.003072703731721022
-0.00818158696677578
-0.028574186965782858
-0.015225377476844435
-0.00014735732739700136
0.04693636530915826
0.010868607822853562
-0.03012734460244578
-0.00494670998996926
-0.016805424957119574
-0.025216196123126488
-0.031702307940791756
-0.0006729902377403057
-0.016805424957119574
0.008011033282263855
0.009642375480713623
0.007339042141055106
-0.03502087753398983
-0.005177058366552886
-0.005035464719788303
-0.00818158696677578
-0.02628811957483891
0.012628499784963871
-0.028574186965782858
0.0018227078010272433
-0.00014735732739700136
-0.0030573743263226736
-0.03929282685668434
-0.01043254397770984
0.01861710353648032
0.04364846919535577
-0.021993000639926874
-0.0030573743263226736
-0.03479544948935713
-0.04057425697230537
0.04364846919535577
-0.04442335315208106
0.014043488558998595
-0.014207405841918161
-0.010215698366413934
-0.0013573983801661187
-0.01773504487369463
-0.0013573983801661187
0.0018227078010272433
-0.010017783597491562
0.026006189132065722
-0.005060430226689727
-0.00699360821368528
-0.015477808239860669
-0.005060430226689727
-0.020001156970385778
-0.004823033400938039
-0.01186066038241991
0.007795235765531805
-0.00780107218484468
-0.021971268448495375
-0.04442335315208106
-0.015499741384264056
0.0042815363300335195
0.014303719675430246
0.0076779901623487195
-0.01186066038241991
-0.018541135318742463
-0.01186066038241991
0.016485668146767413
0.02163258976302029
-0.03012734460244578
-0.03602119843916061
-0.02044794757856141
-0.006600320439169286
0.01861710353648032
-0.0013573983801661187
-0.043198906991897955
-0.013756163603253099
0.024175778507630575
0.003072703731721022
-0.016313091702984693
-0.04442335315208106
0.016266743450187252
-0.003461212614356496
-0.046868197017056606
-0.01313363648190649
-0.0020513080346327957
0.006312902769213625
-0.010116182602130461
0.0076779901623487195
-0.005177058366552886
0.04364846919535577
0.010132443006732496
-0.00673889018963628
0.007795235765531805
0.010825185361386321
0.0070148802358632545
-0.02628811957483891
-0.04442335315208106
0.0525671452484142
-0.004988008551121392
-0.006396276105926631
-0.02015533681680058
-0.006600320439169286
0.003072703731721022
-0.004988008551121392
0.04364846919535577
-0.028210268625153148
0.016360487170867497
0.007795235765531805
-0.03502087753398983
0.007831774796109064
-0.03358430498296608
-0.025314327749717234
0.011733390093842956
-0.009334530148409466
-0.012091179889115804
-0.025182989988193044
-0.015499741384264056
3.2231905027543506e-06
0.0076779901623487195
-0.013756163603253099
-0.032122872195023466
0.018217128565838986
-0.00780107218484468
0.014303719675430246
-0.020734447850316123
0.0004916098073353267
-0.009334530148409466
-0.024787410619721197
0.0076779901623487195
-0.025960629504977146
0.009081119340794655
-0.01059939369366842
-0.0013461935926842718
0.0014344293778800726
-0.016391975248466032
-0.016313091702984693
0.016360487170867497
-0.018150400969084823
-0.018541135318742463
-0.005060430226689727
0.0005673488004783483
0.008088694020864238
-0.02080399368831774
0.010825185361386321
0.0047565557544011925
0.007339042141055106
-0.011251635518243326
-0.007345204883854196
-0.024787410619721197
-0.01043254397770984
-0.046868197017056606
-0.012091179889115804
-0.0010215408967170425
0.013612398814939414
-0.02044794757856141
-0.017631895576764256
0.0008993544351374935
-0.01382576863411521
-0.010190840765000396
0.006312902769213625
-0.020833811694942733
-0.043198906991897955
-0.03217748056335838
0.007795235765531805
-0.04442335315208106
-0.005079156311700468
0.0070148802358632545
-0.02080399368831774
0.0008993544351374935
-0.0034042148319480387
-0.021533474425416994
-0.01740379821092873
0.007831774796109064
-0.031702307940791756
-0.02365539991893238
0.010132443006732496
-0.01754701480529183
0.024175778507630575
0.024175778507630575
-0.046868197017056606
-0.003593971319911708
-0.04484920097954898
-0.0010215408967170425
-0.015477808239860669
-0.026089540272428532
-0.00818158696677578
0.0368981498981673
0.007795235765531805
-0.022205035697120384
-0.025960629504977146
-0.03929282685668434
-0.03032928054060544
-0.003461212614356496
-0.0014141617942944225
0.003072703731721022
-0.03602119843916061
-0.005035464719788303
-0.017631895576764256
0.010339878442875318
-0.032122872195023466
-0.012091179889115804
0.0042815363300335195
-0.01059939369366842
-0.0030573743263226736
-0.02628811957483891
0.0014344293778800726
-0.01043254397770984
-0.012666841512804703
0.0005673488004783483
-0.020734447850316123
-0.028210268625153148
-0.01231518755902066
-0.013075775950494183
-0.013756163603253099
0.006312902769213625
-0.043198906991897955
-0.01997563284793307
-0.03032928054060544
0.016485668146767413
-0.004823033400938039
-0.010190840765000396
-0.010215698366413934
-0.02015533681680058
0.014043488558998595
-0.010017783597491562
-0.043198906991897955
0.018217128565838986
-0.046868197017056606
0.0015414924963602192
-0.04442335315208106
-0.02015533681680058
0.014043488558998595
-0.007345204883854196
-0.015225377476844435
-0.025182989988193044
-0.005060430226689727
-0.00780107218484468
0.0004916098073353267
0.02723601567054399
-0.04484920097954898
-0.0363296292931351
-0.004988008551121392
-0.03358430498296608
-0.0044382134519667755
0.0005673488004783483
-0.03617200528312426
-0.011251635518243326
0.003072703731721022
-0.016391975248466032
-0.019336510966906702
-0.021533474425416994
-0.035068535599732276
-0.032122872195023466
-0.017631895576764256
-0.043198906991897955
-0.0014141617942944225
0.0005673488004783483
0.07577454806851056
-0.02628811957483891
-0.012091179889115804
0.0005673488004783483
-0.010679318107338054
0.07577454806851056
-0.0020513080346327957
0.009642375480713623
-0.0013573983801661187
-0.03602119843916061
-0.015225377476844435
0.014043488558998595
-0.020001156970385778
-0.026089540272428532
-0.04057425697230537
-0.01072111667923902
0.010825185361386321
-0.035068535599732276
0.007795235765531805
-0.004823033400938039
-0.04442335315208106
-0.0036735395549358746
-0.021993000639926874
0.008088694020864238
-0.007345204883854196
0.001516024923875945
-0.0030573743263226736
-0.0013461935926842718
0.0018227078010272433
0.007795235765531805
-0.01313363648190649
-0.012666841512804703
-0.035068535599732276
0.002629958029535844
-0.015225377476844435
0.013612398814939414
0.018217128565838986
-0.021971268448495375
0.010132443006732496
0.0018227078010272433
-0.012666841512804703
-0.01997563284793307
-0.01072111667923902
-0.0010215408967170425
-0.028210268625153148
-0.003593971319911708
0.008088694020864238
0.0005673488004783483
0.0005673488004783483
-0.026089540272428532
-0.02365539991893238
-0.031702307940791756
0.001516024923875945
-0.03217748056335838
0.008011033282263855
-0.0006729902377403057
-0.00699360821368528
-0.014274053919996518
-0.04073527022102037
-0.012666841512804703
0.018217128565838986
-0.011251635518243326
-0.021993000639926874
-0.03358430498296608
-0.01740379821092873
-0.0006729902377403057
-0.0047142414197022505
0.008088694020864238
-0.0014141617942944225
-0.022205035697120384
-0.01186066038241991
0.0005673488004783483
-0.010679318107338054
0.001516024923875945
0.0005673488004783483
0.010825185361386321
0.012628499784963871
-0.03217748056335838
-0.009334530148409466
-0.014207405841918161
-0.026089540272428532
-0.03479544948935713
-0.03479544948935713
0.024175778507630575
0.010868607822853562
-0.01740379821092873
-0.004988008551121392
-0.012209311564880938
-0.04057425697230537
0.013612398814939414
-0.023546262137978273
0.0070148802358632545
-0.00673889018963628
0.013000203190433613
0.014303719675430246
-0.004988008551121392
-0.021993000639926874
-0.020001156970385778
0.04364846919535577
-0.010215698366413934
0.01861710353648032
0.016360487170867497
-0.010941899363814341
-0.019336510966906702
0.016360487170867497
-0.00673889018963628
-0.03217748056335838
-0.028574186965782858
0.006312902769213625
-0.01382576863411521
-0.01997563284793307
0.0070148802358632545
-0.021993000639926874
0.016266743450187252
-0.0006729902377403057
-0.024787410619721197
-0.0251610281937832
0.0003467634690572723
-0.0047142414197022505
-0.02044794757856141
0.008011033282263855
0.008088694020864238
-0.00014735732739700136
-0.024787410619721197
-0.023776324164840622
0.009081119340794655
-0.023776324164840622
-0.021993000639926874
-0.03032928054060544
-0.0044382134519667755
0.007795235765531805
-0.0020513080346327957
-0.01059939369366842
0.0004916098073353267
-0.0006729902377403057
-0.010240616546199944
-0.03032928054060544
0.0003467634690572723
0.010339878442875318
-0.046585201291143734
-0.00014735732739700136
-0.010017783597491562
-0.00673889018963628
-0.005035464719788303
0.0070148802358632545
0.014303719675430246
0.007831774796109064
0.012628499784963871
-0.005079156311700468
-0.010017783597491562
0.016485668146767413
0.0047565557544011925
0.018217128565838986
-0.012209311564880938
-0.006396276105926631
-0.023776324164840622
-0.00818158696677578
0.010339878442875318
0.001516024923875945
-0.018150400969084823
-0.013756163603253099
-0.006396276105926631
-0.005177058366552886
0.013612398814939414
-0.046585201291143734
-0.01072111667923902
-0.017631895576764256
-0.04484920097954898
-0.003593971319911708
0.0018227078010272433
-0.031702307940791756
-0.016313091702984693
-0.02365539991893238
-0.028210268625153148
-0.014274053919996518
-0.032122872195023466
-0.005079156311700468
-0.019336510966906702
-0.04484920097954898
0.003072703731721022
0.016266743450187252
-0.046585201291143734
-0.010215698366413934
-0.032122872195023466
-0.03358430498296608
-0.014274053919996518
-0.003593971319911708
0.0004916098073353267
0.010825185361386321
-0.043198906991897955
-0.005035464719788303
-0.010116182602130461
-0.011251635518243326
-0.01231518755902066
-0.0030573743263226736
-0.003461212614356496
-0.01231518755902066
-0.0251610281937832
-0.020001156970385778
0.008088694020864238
-0.019950666316761984
-0.0020513080346327957
-0.010190840765000396
3.2231905027543506e-06
-0.003593971319911708
0.04693636530915826
0.012628499784963871
-0.006396276105926631
-0.015477808239860669
-0.0014141617942944225
-0.009334530148409466
-0.046868197017056606
-0.0013461935926842718
0.04364846919535577
-0.010116182602130461
0.026006189132065722
0.024175778507630575
-0.03502087753398983
-0.01043254397770984
-0.006600320439169286
-0.0010215408967170425
-0.025314327749717234
0.001516024923875945
0.013612398814939414
-0.01231518755902066
0.0004916098073353267
0.01861710353648032
0.0525671452484142
0.016360487170867497
-0.0010215408967170425
0.018217128565838986
-0.017864656017663204
-0.03929282685668434
-0.010240616546199944
-0.00780107218484468
-0.028574186965782858
-0.040847559193071
-0.020833811694942733
0.0015414924963602192
-0.00818158696677578
0.0018227078010272433
0.0525671452484142
-0.02080399368831774
-0.005060430226689727
-0.02628811957483891
-0.010017783597491562
-0.017864656017663204
0.002328984171829871
-0.003593971319911708
-0.02365539991893238
-0.011251635518243326
0.011733390093842956
-0.003593971319911708
-0.018150400969084823
-0.03358430498296608
-0.03479544948935713
-0.0030573743263226736
-0.018150400969084823
3.2231905027543506e-06
-0.019336510966906702
0.0368981498981673
0.007831774796109064
-0.003593971319911708
0.007795235765531805
-0.0047142414197022505
0.02723601567054399
-0.005060430226689727
-0.026089540272428532
-0.043198906991897955
-0.031702307940791756
-0.02044794757856141
-0.014207405841918161
-0.004823033400938039
-0.005425469561846332
-0.02628811957483891
-0.016313091702984693
-0.025216196123126488
-0.0044382134519667755
-0.013075775950494183
-0.021971268448495375
0.04364846919535577
-0.014207405841918161
0.0015414924963602192
-0.010215698366413934
-0.01740379821092873
-0.010116182602130461
-0.0006729902377403057
-0.022205035697120384
-0.004988008551121392
-0.018541135318742463
-0.011251635518243326
0.0015414924963602192
-0.023193585979087293
-0.013872584129567853
-0.021993000639926874
-0.03012734460244578
0.007795235765531805
-0.024254171953094292
-0.0363296292931351
-0.003593971319911708
-0.032122872195023466
-0.017864656017663204
0.02163258976302029
0.0008993544351374935
-0.009334530148409466
-0.025960629504977146
0.04364846919535577
-0.00818158696677578
-0.01043254397770984
-0.00014735732739700136
-0.03358430498296608
-0.011251635518243326
0.014043488558998595
-0.024254171953094292
-0.003461212614356496
-0.01740379821092873
0.024175778507630575
-0.0014141617942944225
-0.0251610281937832
0.0004916098073353267
0.0070148802358632545
-0.0010215408967170425
-0.017864656017663204
-0.02080399368831774
-0.0013461935926842718
-0.015225377476844435
0.016266743450187252
-0.005177058366552886
-0.02628811957483891
-0.0044382134519667755
3.2231905027543506e-06
0.008011033282263855
-0.02365539991893238
0.02723601567054399
-0.012209311564880938
-0.013161397847178045
-0.025216196123126488
-0.015499741384264056
0.01241219621846305
-0.015477808239860669
-0.0014141617942944225
-0.015499741384264056
-0.026089540272428532
-0.015953746565456953
-0.04484920097954898
-0.025182989988193044
-0.025960629504977146
0.016266743450187252
-0.004988008551121392
-0.01231518755902066
0.002629958029535844
-0.016391975248466032
-0.018150400969084823
0.009642375480713623
-0.011251635518243326
-0.018150400969084823
-0.0044382134519667755
-0.04484920097954898
-0.04442335315208106
-0.0036735395549358746
-0.01313363648190649
-0.0006729902377403057
-0.022205035697120384
0.013612398814939414
-0.005060430226689727
-0.020734447850316123
-0.0030573743263226736
-0.013756163603253099
-0.00818158696677578
0.0001781143962810122
-0.00818158696677578
-0.024787410619721197
-0.014207405841918161
-0.03217748056335838
-0.00494670998996926
-0.043198906991897955
-0.0044382134519667755
-0.013161397847178045
-0.018150400969084823
0.006312902769213625
0.0042815363300335195
0.0008993544351374935
-0.016391975248466032
0.009642375480713623
-0.043198906991897955
0.016360487170867497
-0.012091179889115804
-0.0036735395549358746
-0.010190840765000396
-0.00673889018963628
-0.015499741384264056
-0.021533474425416994
0.006312902769213625
-0.01382576863411521
-0.04442335315208106
-0.00699360821368528
0.02723601567054399
-0.004823033400938039
-0.013161397847178045
-0.0006729902377403057
-0.0030573743263226736
-0.0020513080346327957
-0.022205035697120384
-0.005060430226689727
-0.0053278578730866725
-0.019336510966906702
-0.0014141617942944225
-0.0014141617942944225
-0.03479544948935713
-0.01740379821092873
-0.0363296292931351
-0.0251610281937832
-0.01231518755902066
-0.02628811957483891
0.016266743450187252
-0.024787410619721197
-0.003593971319911708
-0.007345204883854196
-0.013756163603253099
0.016360487170867497
-0.026726153589566235
-0.04442335315208106
-0.020001156970385778
-0.025314327749717234
-0.01740379821092873
-0.046585201291143734
0.009642375480713623
0.0076779901623487195
0.0014344293778800726
0.0018227078010272433
-0.013872584129567853
-0.02015533681680058
-0.01186066038241991
-0.025314327749717234
-0.009334530148409466
-0.046868197017056606
-0.046585201291143734
-0.02365539991893238
-0.00494670998996926
-0.0053278578730866725
-0.01043254397770984
-0.025314327749717234
-0.011251635518243326
-0.003593971319911708
-0.0006729902377403057
-0.04442335315208106
-0.025182989988193044
-0.019950666316761984
-0.010215698366413934
0.0042815363300335195
-0.016313091702984693
-0.046868197017056606
-0.0053278578730866725
0.02163258976302029
-0.01773504487369463
3.2231905027543506e-06
0.01241219621846305
-0.028210268625153148
0.016266743450187252
-0.01231518755902066
-0.010646707848114905
-0.010116182602130461
-0.03032928054060544
0.012628499784963871
-0.003593971319911708
-0.020001156970385778
-0.0034042148319480387
-0.031702307940791756
0.003072703731721022
-0.04442335315208106
-0.035068535599732276
-0.015225377476844435
-0.046585201291143734
3.2231905027543506e-06
-0.012209311564880938
-0.011251635518243326
0.010868607822853562
-0.014274053919996518
-0.023546262137978273
-0.04484920097954898
-0.014274053919996518
-0.013161397847178045
-0.012209311564880938
0.002328984171829871
-0.025314327749717234
-0.03032928054060544
-0.012209311564880938
3.2231905027543506e-06
0.04693636530915826
0.07577454806851056
-0.015953746565456953
-0.013161397847178045
0.010868607822853562
-0.0010215408967170425
0.02163258976302029
-0.004823033400938039
-0.046585201291143734
0.016266743450187252
-0.00699360821368528
0.010132443006732496
