-0.027925255622669676
0.0004394683825382413
-0.03086313056692228
-0.030179516042762578
-0.06699329841366254
-0.011392593309282795
-0.013891314521353582
0.0021048602311871966
-0.030376602892171783
-0.02574516729658194
0.0021048602311871966
-0.06308528596101702
-0.006121001555189618
-0.005337694318212176
-0.000606719940503161
-0.006182666236384632
-0.005337694318212176
0.0004394683825382413
-0.006028793726109406
-0.007427560370414742
-0.02573142111506174
-0.03933925119693056
-0.04591257787733476
-0.014955431648240286
-0.04652250830431804
-0.04321392609555637
-0.030003053500741034
0.0019476366920168505
-0.03255009715783506
-0.019058279640058642
-0.02272649695770993
-0.03668911279191515
-0.050097325600962556
-0.02478370324652688
-0.005112395618707673
-0.03530867519485669
-0.006456971302359997
-0.009556557638693076
0.0029098633212831537
-0.023628508830222855
-0.03325359450929144
-0.01034950362010718
-0.02118888606475176
-0.03215308229087629
-0.006456971302359997
-0.022762317841614657
-0.030179516042762578
0.0059943364210805735
-0.03437291224384819
-0.017355265952158416
-0.03086313056692228
-0.05484664658601466
-0.059345038859850825
-0.06124140571410269
-0.043206344891322274
-0.017355265952158416
0.03961741203643348
-0.05385432257073496
0.005621706643869531
-0.04424020651955768
-0.020774052836081566
-0.024277897590997775
-0.005112395618707673
0.0019476366920168505
-0.018823778947396924
-0.001463547791897992
-0.024277897590997775
-0.001463547791897992
-0.03130276210132935
-0.030376602892171783
-0.006182666236384632
-0.015344514529141132
-0.007004865857831563
-0.005981879548368908
-0.0007786102623680256
-0.011802650543757448
-0.0378811548764696
-0.03750089182277193
-0.001463547791897992
-0.014955431648240286
0.005621706643869531
-0.013559289743179225
-0.0040053470415646625
-0.017355265952158416
-0.014576839881725055
-0.03750089182277193
-0.021039019864104707
-0.00860580659930294
-0.014576839881725055
-0.04591257787733476
0.002678109525195868
0.006807275905332321
0.0029098633212831537
-0.015378245796752286
-0.02574516729658194
-0.023628508830222855
-0.023874381846441608
-0.013891314521353582
-0.02478370324652688
0.003222014570485787
-0.021062082881835375
-0.000606719940503161
-0.015344514529141132
-0.014576839881725055
-0.007427560370414742
-0.023294383494312378
-0.043903816722912596
-0.00860580659930294
-0.018292943094872265
-0.03437291224384819
-0.007004865857831563
-0.0031535641631767895
-0.04652250830431804
0.0029098633212831537
-0.027136863978401735
-0.02940406837603818
-0.028668042719033355
-0.018823778947396924
-0.05997781894019616
-0.07373831673002453
-0.009510715095002651
-0.0015741859900582883
-0.021934253417422705
0.0021048602311871966
0.003222014570485787
-0.02118888606475176
-0.04107838800288116
-0.023144054530080147
-0.03933925119693056
-0.000606719940503161
0.005621706643869531
-0.03215308229087629
-0.043813141410701424
-0.017265524650410032
-0.030179516042762578
-0.005337694318212176
-0.0015741859900582883
-0.05319918654941018
-0.021934253417422705
-0.007427560370414742
0.003222014570485787
-0.001463547791897992
-0.015649563343985977
-0.04591257787733476
-0.02940406837603818
-0.009556557638693076
0.02284053291075896
-0.001463547791897992
-0.009510715095002651
-0.009556557638693076
-0.006456971302359997
-0.03272757782476239
-0.037472742302056
-0.028668042719033355
-0.034033621216051496
-0.03086313056692228
-0.034033621216051496
-0.007427560370414742
-0.07796928941208633
-0.029273055388878914
-0.036242902321499314
-0.027787387668469703
-0.029273055388878914
0.01727886768476877
-0.043903816722912596
-0.03750089182277193
-0.023294383494312378
-0.006182666236384632
-0.006456971302359997
-0.00860580659930294
-0.0017570492411716186
-0.009142370368550585
-0.01034950362010718
-0.03750089182277193
-0.022762317841614657
-0.03750089182277193
-0.030003053500741034
-0.011392593309282795
-0.04107838800288116
-0.03437291224384819
-0.01933602805878908
-0.006028793726109406
-0.02940406837603818
-0.034033621216051496
-0.04652250830431804
-0.014576839881725055
-0.02538426985643908
-0.006456971302359997
-0.014588417227519839
-0.021039019864104707
-0.009910836103274128
-0.048131743361271885
-0.011094745938443484
-0.06704262711834763
-0.03130276210132935
-0.01034950362010718
-0.030179516042762578
-0.009556557638693076
-0.0466956704447058
-0.0378811548764696
0.0029098633212831537
-0.04014280360067721
-0.05319918654941018
-0.006456971302359997
-0.017307120372876635
0.04657082436769774
-0.005112395618707673
-0.012006738051522286
-0.006028793726109406
0.04657082436769774
-0.009556557638693076
-0.020774052836081566
-0.027925255622669676
-0.017265524650410032
-0.023628508830222855
-0.017355265952158416
-0.01179250697253784
0.008140796797771098
-0.050097325600962556
-0.06699329841366254
-0.023874381846441608
-0.00860580659930294
-0.035863551989678916
-0.01034950362010718
-0.014576839881725055
-0.022509837059992335
-0.0031535641631767895
-0.023294383494312378
-0.009142370368550585
-0.059345038859850825
-0.050097325600962556
0.006807275905332321
-0.01034950362010718
-0.0010613484419828316
-0.04328991232605947
-0.011802650543757448
-0.0040053470415646625
-0.015752046308015664
-0.1021108318894228
-0.027925255622669676
-0.022762317841614657
-0.029273055388878914
-0.020016321741021536
-0.03325359450929144
-0.019813661372339857
0.0029098633212831537
-0.030376602892171783
-0.043813141410701424
0.0019476366920168505
0.006807275905332321
-0.04591257787733476
-0.009910836103274128
-0.06699329841366254
-0.027136863978401735
-0.01933602805878908
-0.02573142111506174
-0.06769633596229896
-0.005981879548368908
-0.04030696048586797
-0.06704262711834763
-0.007004865857831563
-0.04652250830431804
-0.03530867519485669
-0.006456971302359997
-0.04014280360067721
-0.019813661372339857
-0.06769633596229896
-0.013559289743179225
-0.006121001555189618
-0.02149429319097565
-0.023628508830222855
-0.03933925119693056
-0.024216211207111697
-0.0466956704447058
-0.02538426985643908
-0.02538426985643908
-0.009910836103274128
-0.015378245796752286
-0.043206344891322274
-0.027787387668469703
-0.029277942021717702
-0.0015741859900582883
-0.013891314521353582
-0.0010613484419828316
-0.015649563343985977
-0.015344514529141132
-0.021039019864104707
-0.037148553713541886
-0.03437291224384819
-0.005337694318212176
-0.02573142111506174
-0.01748800154382346
-0.022509837059992335
-0.06699329841366254
-0.0017570492411716186
-0.011802650543757448
-0.001463547791897992
-0.05319918654941018
-0.015752046308015664
-0.04591257787733476
-0.06768380065401323
-0.020016321741021536
-0.020774052836081566
-0.02478370324652688
-0.055602837678680704
-0.014576839881725055
-0.06704262711834763
-0.04652250830431804
-0.05484664658601466
-0.015344514529141132
-0.030003053500741034
-0.043903816722912596
-0.04030696048586797
-0.028668042719033355
-0.012006738051522286
-0.03272757782476239
-0.04652250830431804
-0.0031535641631767895
-0.009910836103274128
-0.006456971302359997
-0.012006738051522286
-0.03272757782476239
0.0021048602311871966
-0.023874381846441608
-0.029273055388878914
-0.023294383494312378
-0.059345038859850825
0.002920425736977848
-0.043206344891322274
-0.01922916454943512
0.04657082436769774
-0.017355265952158416
-0.04321392609555637
-0.020016321741021536
-0.08265839420844533
0.0019476366920168505
-0.1021108318894228
-0.03668911279191515
-0.006121001555189618
-0.07373831673002453
-0.022509837059992335
-0.02573142111506174
-0.04652250830431804
-0.037148553713541886
-0.020016321741021536
-0.04424020651955768
-0.05319918654941018
-0.06699329841366254
-0.020016321741021536
-0.02272649695770993
-0.04424020651955768
-0.011094745938443484
-0.03215308229087629
-0.034033621216051496
-0.03437291224384819
0.0021048602311871966
-0.03272757782476239
0.01727886768476877
-0.029277942021717702
-0.02574516729658194
0.0029098633212831537
-0.07373831673002453
-0.043903816722912596
-0.006456971302359997
0.005709982621844901
0.02284053291075896
-0.03325359450929144
-0.028171300294039383
-0.001463547791897992
-0.0040053470415646625
-0.007427560370414742
-0.048131743361271885
-0.06768380065401323
-0.07373831673002453
-0.005398857830044123
0.0021048602311871966
-0.027136863978401735
-0.0031535641631767895
-0.006182666236384632
-0.0466956704447058
-0.007427560370414742
-0.06768380065401323
-0.05484664658601466
-0.02574516729658194
-0.020774052836081566
-0.015378245796752286
-0.03325359450929144
-0.020016321741021536
-0.020016321741021536
-0.029277942021717702
-0.024216211207111697
-0.03933925119693056
-0.028171300294039383
-0.03530867519485669
0.005621706643869531
-0.000606719940503161
-0.036242902321499314
-0.014955431648240286
-0.019058279640058642
-0.06768380065401323
-0.0031535641631767895
0.0019476366920168505
0.02284053291075896
-0.017355265952158416
-0.02149429319097565
-0.000606719940503161
-0.05385432257073496
-0.03325359450929144
-0.037148553713541886
-0.013891314521353582
-0.03750089182277193
-0.020016321741021536
-0.02272649695770993
-0.028171300294039383
-0.020016321741021536
0.0029098633212831537
-0.03530867519485669
-0.050097325600962556
-0.037472742302056
-0.029277942021717702
-0.009510715095002651
-0.009510715095002651
-0.02538426985643908
-0.02118888606475176
-0.02149429319097565
0.04657082436769774
-0.027136863978401735
-0.04014280360067721
-0.0378811548764696
-0.04367576421108938
-0.009142370368550585
0.04657082436769774
0.02284053291075896
0.01727886768476877
-0.009556557638693076
-0.028668042719033355
-0.02940406837603818
-0.027925255622669676
-0.06308528596101702
-0.03668911279191515
-0.027925255622669676
-0.0378811548764696
-0.03530867519485669
-0.021934253417422705
-0.06704262711834763
-0.005981879548368908
-0.05484664658601466
-0.04014280360067721
0.02284053291075896
-0.014588417227519839
-0.000606719940503161
0.006807275905332321
-0.043436673460299724
0.0059943364210805735
-0.05385432257073496
-0.01933602805878908
0.005621706643869531
-0.03325359450929144
0.003222014570485787
0.006807275905332321
0.008180868317696223
-0.04328991232605947
0.008180868317696223
0.02284053291075896
-0.015344514529141132
-0.04321392609555637
-0.011094745938443484
-0.011802650543757448
-0.059345038859850825
-0.000606719940503161
0.002678109525195868
-0.015344514529141132
0.0059943364210805735
-0.01748800154382346
-0.06124140571410269
0.003222014570485787
-0.0378811548764696
-0.005337694318212176
-0.04014280360067721
-0.009142370368550585
-0.023628508830222855
-0.030003053500741034
-0.030376602892171783
-0.0031535641631767895
-0.005112395618707673
0.008180868317696223
-0.0015741859900582883
-0.01748800154382346
-0.028171300294039383
-0.014576839881725055
-0.005112395618707673
-0.030179516042762578
-0.027136863978401735
-0.06124140571410269
-0.02574516729658194
-0.02573142111506174
-0.043206344891322274
-0.015378245796752286
-0.007427560370414742
-0.03933925119693056
-0.024216211207111697
-0.020774052836081566
-0.014955431648240286
-0.022509837059992335
-0.03668911279191515
-0.043206344891322274
-0.014588417227519839
-0.06124140571410269
-0.028668042719033355
-0.022509837059992335
-0.017355265952158416
-0.014955431648240286
-0.015378245796752286
-0.059345038859850825
0.0029098633212831537
-0.04652250830431804
-0.005337694318212176
-0.03130276210132935
0.0019476366920168505
-0.02478370324652688
-0.001463547791897992
-0.021039019864104707
-0.02478370324652688
-0.043436673460299724
0.01727886768476877
-0.03325359450929144
-0.035036421711696936
-0.011094745938443484
-0.04030696048586797
-0.035863551989678916
-0.015378245796752286
-0.005112395618707673
-0.027787387668469703
-0.037148553713541886
-0.050097325600962556
-0.009910836103274128
-0.0040053470415646625
-0.009556557638693076
-0.03130276210132935
-0.07796928941208633
-0.02538426985643908
-0.017265524650410032
-0.04591257787733476
-0.006028793726109406
-0.01179250697253784
-0.028171300294039383
-0.027136863978401735
-0.02478370324652688
-0.059345038859850825
-0.02940406837603818
-0.017307120372876635
-0.027925255622669676
-0.0031535641631767895
-0.03255009715783506
-0.015649563343985977
0.002678109525195868
-0.023294383494312378
-0.021934253417422705
-0.018823778947396924
-0.007004865857831563
-0.0015741859900582883
-0.007427560370414742
-0.017307120372876635
-0.019813661372339857
-0.029273055388878914
-0.05319918654941018
-0.03255009715783506
-0.02829143325999426
-0.015378245796752286
-0.024216211207111697
0.0019476366920168505
0.008140796797771098
-0.015378245796752286
-0.017355265952158416
-0.009510715095002651
-0.001463547791897992
-0.035863551989678916
-0.03668911279191515
-0.023628508830222855
-0.015378245796752286
-0.05385432257073496
0.002920425736977848
-0.029273055388878914
-0.029277942021717702
-0.04652250830431804
-0.03933925119693056
-0.01933602805878908
-0.037472742302056
-0.043903816722912596
0.0004394683825382413
-0.05319918654941018
-0.023144054530080147
-0.04321392609555637
-0.055602837678680704
-0.006182666236384632
-0.009556557638693076
-0.037472742302056
-0.028668042719033355
-0.02149429319097565
-0.03130276210132935
-0.000606719940503161
-0.013891314521353582
0.04657082436769774
-0.022762317841614657
0.0019476366920168505
-0.018732235241220262
-0.016577664683102025
0.02284053291075896
-0.04107838800288116
-0.021062082881835375
-0.01922916454943512
-0.015378245796752286
-0.022509837059992335
-0.03255009715783506
-0.011392593309282795
-0.06769633596229896
-0.050097325600962556
-0.0010613484419828316
-0.009556557638693076
-0.0015741859900582883
-0.04591257787733476
0.003222014570485787
-0.017355265952158416
0.0019476366920168505
-0.03272757782476239
-0.021062082881835375
-0.021039019864104707
-0.02149429319097565
-0.02538426985643908
-0.037148553713541886
-0.043436673460299724
-0.059345038859850825
-0.04014280360067721
-0.03255009715783506
-0.019813661372339857
-0.0040053470415646625
0.0021048602311871966
-0.014588417227519839
-0.030179516042762578
-0.05319918654941018
-0.04321392609555637
-0.035863551989678916
0.005621706643869531
-0.024216211207111697
0.002920425736977848
-0.018292943094872265
-0.023144054530080147
-0.00860580659930294
-0.05997781894019616
-0.027787387668469703
-0.037148553713541886
-0.00860580659930294
-0.029277942021717702
-0.024277897590997775
-0.043206344891322274
-0.023874381846441608
-0.0010613484419828316
-0.014588417227519839
0.04657082436769774
-0.02478370324652688
-0.005398857830044123
-0.1021108318894228
-0.03215308229087629
0.0019476366920168505
-0.04321392609555637
-0.043206344891322274
-0.006456971302359997
0.005709982621844901
-0.048131743361271885
-0.000606719940503161
-0.013891314521353582
-0.027136863978401735
-0.029273055388878914
-0.001463547791897992
-0.014576839881725055
-0.0015741859900582883
0.03961741203643348
-0.0015741859900582883
0.006807275905332321
-0.037472742302056
-0.03530867519485669
-0.04652250830431804
-0.04321392609555637
-0.018292943094872265
-0.06704262711834763
-0.0017570492411716186
-0.06769633596229896
-0.1021108318894228
-0.03215308229087629
-0.04652250830431804
-0.027925255622669676
-0.06699329841366254
0.005709982621844901
-0.04030696048586797
-0.0378811548764696
-0.00860580659930294
-0.006121001555189618
-0.06704262711834763
-0.005981879548368908
-0.006456971302359997
-0.036242902321499314
0.002920425736977848
-0.043903816722912596
-0.018292943094872265
-0.000606719940503161
-0.001463547791897992
-0.011094745938443484
-0.013891314521353582
-0.029273055388878914
-0.014164504360607618
-0.03668911279191515
-0.037148553713541886
-0.037148553713541886
-0.009510715095002651
-0.02149429319097565
-0.01922916454943512
-0.043436673460299724
-0.02478370324652688
-0.05319918654941018
-0.014588417227519839
0.006807275905332321
-0.015378245796752286
-0.014576839881725055
-0.027925255622669676
-0.017697947565780435
-0.006456971302359997
0.01727886768476877
-0.01179250697253784
-0.02149429319097565
-0.06124140571410269
-0.03215308229087629
-0.01034950362010718
-0.015752046308015664
-0.007427560370414742
-0.016577664683102025
-0.012006738051522286
-0.03750089182277193
-0.01179250697253784
-0.050097325600962556
-0.009910836103274128
-0.06124140571410269
-0.024216211207111697
-0.014164504360607618
-0.04591257787733476
-0.01179250697253784
0.0019476366920168505
-0.015378245796752286
-0.000606719940503161
-0.006456971302359997
-0.023874381846441608
-0.035036421711696936
-0.028668042719033355
-0.0017570492411716186
-0.009910836103274128
-0.014164504360607618
-0.011392593309282795
-0.03086313056692228
-0.035863551989678916
-0.05997781894019616
-0.020774052836081566
-0.014588417227519839
-0.02478370324652688
-0.0007786102623680256
-0.03130276210132935
-0.015344514529141132
-0.015378245796752286
0.01727886768476877
-0.013559289743179225
-0.03933925119693056
-0.006456971302359997
-0.07373831673002453
0.0021048602311871966
-0.06124140571410269
-0.035863551989678916
0.0019476366920168505
-0.02118888606475176
-0.014955431648240286
-0.043206344891322274
-0.014955431648240286
-0.018292943094872265
-0.02829143325999426
-0.01179250697253784
-0.015344514529141132
-0.035863551989678916
-0.04424020651955768
-0.024277897590997775
-0.018292943094872265
-0.02118888606475176
-0.011392593309282795
-0.043903816722912596
-0.06124140571410269
-0.014588417227519839
-0.036242902321499314
-0.0466956704447058
-0.02573142111506174
-0.011392593309282795
-0.04014280360067721
-0.0040053470415646625
-0.005398857830044123
-0.055602837678680704
-0.059345038859850825
-0.04591257787733476
-0.03437291224384819
-0.055602837678680704
-0.037148553713541886
0.04657082436769774
-0.03325359450929144
0.005621706643869531
0.005709982621844901
-0.06704262711834763
-0.04328991232605947
-0.017307120372876635
-0.007427560370414742
-0.006121001555189618
-0.005112395618707673
-0.017355265952158416
0.005621706643869531
0.01727886768476877
0.002678109525195868
-0.04367576421108938
0.005621706643869531
-0.018823778947396924
-0.037148553713541886
-0.1021108318894228
0.006807275905332321
-0.043206344891322274
-0.03215308229087629
-0.013891314521353582
0.0021048602311871966
-0.029277942021717702
-0.03215308229087629
-0.005112395618707673
-0.013559289743179225
-0.02538426985643908
-0.014164504360607618
-0.030179516042762578
-0.03325359450929144
-0.007427560370414742
-0.08265839420844533
-0.013559289743179225
0.02284053291075896
-0.015378245796752286
-0.015752046308015664
-0.011802650543757448
-0.0017570492411716186
-0.01922916454943512
-0.03086313056692228
-0.011392593309282795
-0.015649563343985977
-0.011094745938443484
-0.011802650543757448
-0.035036421711696936
-0.024277897590997775
-0.03437291224384819
-0.009556557638693076
-0.01034950362010718
-0.021039019864104707
-0.02478370324652688
-0.009910836103274128
0.04657082436769774
-0.02538426985643908
-0.05997781894019616
0.005709982621844901
-0.03437291224384819
-0.015378245796752286
-0.000606719940503161
-0.0007786102623680256
-0.021062082881835375
-0.030179516042762578
-0.06124140571410269
-0.015649563343985977
-0.03272757782476239
-0.014576839881725055
-0.03215308229087629
-0.07373831673002453
-0.015752046308015664
-0.006028793726109406
-0.013891314521353582
-0.036242902321499314
0.0004394683825382413
-0.03130276210132935
-0.06308528596101702
-0.007427560370414742
-0.07373831673002453
-0.05484664658601466
-0.007427560370414742
-0.03437291224384819
-0.009142370368550585
-0.048131743361271885
-0.036242902321499314
-0.037472742302056
-0.023294383494312378
-0.006182666236384632
0.0019476366920168505
-0.06768380065401323
-0.0378811548764696
0.008140796797771098
-0.043813141410701424
-0.017307120372876635
-0.027787387668469703
-0.06769633596229896
-0.03086313056692228
-0.050097325600962556
-0.006456971302359997
-0.06704262711834763
-0.015752046308015664
-0.017355265952158416
-0.019058279640058642
-0.01034950362010718
-0.006028793726109406
-0.023628508830222855
-0.007427560370414742
-0.006028793726109406
-0.011094745938443484
-0.018292943094872265
-0.06768380065401323
-0.04328991232605947
0.002678109525195868
0.006807275905332321
-0.007427560370414742
-0.02478370324652688
-0.05385432257073496
-0.012006738051522286
-0.014955431648240286
0.0021048602311871966
-0.009556557638693076
-0.009910836103274128
0.02284053291075896
-0.013559289743179225
-0.04014280360067721
0.0004394683825382413
0.006807275905332321
-0.04591257787733476
-0.02118888606475176
-0.012006738051522286
-0.023144054530080147
-0.009142370368550585
-0.009142370368550585
-0.01748800154382346
-0.04014280360067721
-0.05319918654941018
-0.01034950362010718
-0.015378245796752286
-0.023294383494312378
-0.06768380065401323
-0.03086313056692228
-0.0015741859900582883
-0.055602837678680704
-0.028171300294039383
-0.02118888606475176
-0.03530867519485669
-0.0015741859900582883
-0.029273055388878914
-0.005398857830044123
-0.028668042719033355
0.002920425736977848
-0.011094745938443484
-0.0017570492411716186
-0.08265839420844533
-0.005398857830044123
-0.012006738051522286
-0.021062082881835375
-0.028171300294039383
0.002678109525195868
-0.02573142111506174
-0.007427560370414742
-0.07796928941208633
-0.0031535641631767895
0.0019476366920168505
-0.03668911279191515
0.005621706643869531
-0.017697947565780435
-0.03437291224384819
-0.015378245796752286
-0.021039019864104707
-0.02149429319097565
-0.028171300294039383
-0.020016321741021536
-0.035863551989678916
-0.014164504360607618
-0.03130276210132935
0.005709982621844901
-0.0031535641631767895
-0.013891314521353582
-0.017307120372876635
-0.02272649695770993
-0.02118888606475176
-0.021934253417422705
-0.018823778947396924
-0.05319918654941018
-0.030179516042762578
-0.0040053470415646625
-0.006028793726109406
-0.02829143325999426
-0.024277897590997775
-0.03255009715783506
-0.01179250697253784
-0.0031535641631767895
-0.018823778947396924
-0.0040053470415646625
