-0.021426952254987825
-0.020910096027931504
0.03849883647429213
-0.041799654262535804
0.00035263925290436875
-0.013752052359659442
0.007678427870024778
-0.00822199085289985
-0.02993806157827563
0.019541162712234474
0.03849883647429213
-0.03223859157946
-0.03322661412526545
0.005885375381639076
-0.004358358305608064
0.0055673521663136
0.003114186317164633
-0.01041922953765475
0.005885375381639076
0.003005993975557414
0.012100292176245663
-0.03785057346063089
-0.03223859157946
0.056578729269488856
-0.00822199085289985
-0.029259433488150906
-0.015717903121240613
-0.044435360969190624
-0.01895577993434645
-0.022255106650903998
-0.008665526628137837
0.012100292176245663
-0.029259433488150906
-0.03391731495782841
-0.03391731495782841
-0.032242812256869154
-0.032242812256869154
0.0055673521663136
-0.0344423751452079
0.00035614134719686883
-0.03391731495782841
0.0031937233049202933
-0.015741992290885014
0.03849883647429213
0.00983026280785236
0.0055673521663136
-0.022255106650903998
0.00523962491697222
-0.01895577993434645
-0.03077026782700421
-0.017315155945848332
-0.03266705340419574
-0.017641916183888794
-0.0032659187838530476
-0.025259110574396445
-0.025032260254546076
-0.017641916183888794
-0.014871536266328807
-0.02993806157827563
-0.00901034570092548
-0.013752052359659442
-0.025259110574396445
-0.017641916183888794
0.003005993975557414
-0.0027204692985154546
-0.025032260254546076
0.00035614134719686883
-0.02993806157827563
0.014827996716518046
-0.01895577993434645
-0.04191891166224295
-0.022255106650903998
0.00983026280785236
-0.01652821972982329
-0.00822199085289985
-0.021426952254987825
0.0055673521663136
-0.020910096027931504
9.763400134563754e-05
-0.03785057346063089
-0.025259110574396445
0.00035614134719686883
0.03528952122524055
0.00566385824588657
0.00523962491697222
-0.008665526628137837
0.03849883647429213
-0.03391731495782841
-0.029661130074020343
0.00566385824588657
-0.00901034570092548
0.00035263925290436875
-0.0032659187838530476
0.00983026280785236
-0.029259433488150906
-0.03322661412526545
-0.00901034570092548
-0.020910096027931504
-0.035269477873768273
-0.0008080280560542583
-0.029661130074020343
0.011575095349518012
0.012100292176245663
0.0008407724844033726
-0.03223859157946
-0.00822199085289985
-0.022291250315671477
0.03849883647429213
-0.013752052359659442
-0.03785057346063089
-0.015717903121240613
-0.03785057346063089
-0.00901034570092548
0.012100292176245663
0.02486965532500927
0.0031937233049202933
0.00035263925290436875
-0.02993806157827563
-0.015741992290885014
-0.026486305600708516
0.0031937233049202933
-0.025259110574396445
-0.023619000553066347
-0.026486305600708516
-0.022291250315671477
-0.004358358305608064
-0.0344423751452079
-0.03322661412526545
0.02486965532500927
-0.0027204692985154546
-0.025259110574396445
-0.0344423751452079
-0.021426952254987825
-0.03266705340419574
-0.006993270958655812
-0.032242812256869154
-0.020910096027931504
-0.017641916183888794
-0.03223859157946
0.012100292176245663
0.005885375381639076
-0.025032260254546076
-0.014871536266328807
0.012100292176245663
-0.041799654262535804
-0.01041922953765475
-0.03223859157946
0.012100292176245663
0.056578729269488856
0.003005993975557414
0.005885375381639076
-0.049881605180235045
0.014827996716518046
-0.01041922953765475
-0.029259433488150906
0.019541162712234474
-0.03391731495782841
-0.008665526628137837
0.00983026280785236
-0.029259433488150906
-0.037197345407632046
-0.03322661412526545
0.00983026280785236
-0.03077026782700421
0.0008407724844033726
-0.026486305600708516
0.00983026280785236
-0.026011139195272665
0.011575095349518012
0.019541162712234474
-0.025032260254546076
-0.03391731495782841
-0.03223859157946
-0.005521398677290382
-0.022291250315671477
-0.005521398677290382
-0.022255106650903998
-0.049881605180235045
-0.049881605180235045
-0.037197345407632046
-0.03223859157946
-0.029661130074020343
-0.013752052359659442
-0.006993270958655812
-0.015717903121240613
-0.01895577993434645
-0.026011139195272665
-0.005521398677290382
-0.00901034570092548
0.007678427870024778
-0.010911166973297859
-0.044435360969190624
-0.020910096027931504
-0.03322661412526545
-0.022291250315671477
0.003114186317164633
-0.03077026782700421
-0.029259433488150906
-0.01895577993434645
-0.0032659187838530476
-0.013752052359659442
-0.015717903121240613
0.019541162712234474
-0.026486305600708516
-0.01041922953765475
0.003114186317164633
-0.015717903121240613
-0.01041922953765475
0.019541162712234474
-0.032242812256869154
-0.017315155945848332
-0.025259110574396445
0.02486965532500927
0.0055673521663136
-0.020910096027931504
-0.032242812256869154
-0.03785057346063089
-0.017641916183888794
-0.02545421402834292
0.0008407724844033726
-0.0032659187838530476
-0.013752052359659442
0.03849883647429213
0.0055673521663136
-0.00901034570092548
-0.03322661412526545
0.03528952122524055
-0.029259433488150906
-0.017483999040922366
-0.03322661412526545
-0.0344423751452079
0.00523962491697222
-0.004358358305608064
-0.020910096027931504
-0.03785057346063089
-0.03785057346063089
0.00523962491697222
-0.0032659187838530476
-0.022255106650903998
-0.010911166973297859
-0.037197345407632046
0.007678427870024778
-0.0344423751452079
-0.008665526628137837
-0.029661130074020343
0.03849883647429213
-0.0027204692985154546
-0.021426952254987825
0.0031937233049202933
0.019541162712234474
9.763400134563754e-05
-0.03785057346063089
-0.005521398677290382
0.056578729269488856
-0.01895577993434645
0.00035614134719686883
-0.0344423751452079
0.03528952122524055
-0.041799654262535804
-0.022291250315671477
-0.03266705340419574
-0.03077026782700421
-0.0027204692985154546
-0.020910096027931504
-0.03322661412526545
0.011575095349518012
-0.037197345407632046
-0.04191891166224295
-0.02545421402834292
-0.0344423751452079
0.003005993975557414
-0.0344423751452079
-0.01895577993434645
-0.03322661412526545
-0.03391731495782841
-0.026011139195272665
-0.037197345407632046
0.0055673521663136
-0.03223859157946
-0.01652821972982329
-0.032242812256869154
-0.023619000553066347
-0.0008080280560542583
-0.0027204692985154546
-0.0008080280560542583
-0.005521398677290382
-0.014871536266328807
-0.017641916183888794
0.007678427870024778
-0.0027204692985154546
-0.029259433488150906
-0.025032260254546076
-0.023619000553066347
-0.0027204692985154546
-0.017483999040922366
-0.03391731495782841
-0.04191891166224295
0.00035614134719686883
-0.035269477873768273
-0.021426952254987825
-0.03684526070971784
0.00035614134719686883
0.0008407724844033726
0.02486965532500927
-0.02993806157827563
-0.03266705340419574
-0.022291250315671477
-0.044435360969190624
-0.008665526628137837
9.763400134563754e-05
-0.02545421402834292
-0.015741992290885014
0.012100292176245663
-0.004358358305608064
-0.037197345407632046
-0.0344423751452079
0.056578729269488856
-0.04191891166224295
0.00035614134719686883
-0.02545421402834292
-0.025032260254546076
-0.013752052359659442
-0.032242812256869154
-0.00822199085289985
0.00566385824588657
0.056578729269488856
-0.00822199085289985
-0.022255106650903998
0.056578729269488856
-0.03266705340419574
-0.037197345407632046
-0.022291250315671477
-0.023619000553066347
0.003114186317164633
-0.037197345407632046
-0.029661130074020343
-0.017483999040922366
0.0055673521663136
-0.022291250315671477
-0.041799654262535804
-0.01895577993434645
-0.03785057346063089
0.00566385824588657
-0.014871536266328807
0.03849883647429213
0.012100292176245663
-0.02545421402834292
-0.04191891166224295
-0.03684526070971784
-0.03684526070971784
-0.029259433488150906
-0.03391731495782841
-0.01895577993434645
-0.005521398677290382
0.02486965532500927
0.0031937233049202933
-0.010911166973297859
-0.015741992290885014
-0.020910096027931504
-0.0344423751452079
0.00523962491697222
0.00523962491697222
-0.029661130074020343
-0.03266705340419574
0.003005993975557414
-0.0344423751452079
-0.0344423751452079
0.00523962491697222
-0.02993806157827563
-0.049881605180235045
0.007678427870024778
-0.025032260254546076
-0.049881605180235045
-0.01041922953765475
-0.010911166973297859
-0.03223859157946
-0.03684526070971784
9.763400134563754e-05
-0.01895577993434645
-0.021426952254987825
0.0031937233049202933
-0.013752052359659442
-0.006993270958655812
-0.017641916183888794
-0.014871536266328807
0.014827996716518046
-0.044435360969190624
-0.03684526070971784
-0.02545421402834292
-0.03684526070971784
-0.026486305600708516
-0.025259110574396445
-0.03785057346063089
0.00523962491697222
-0.022255106650903998
-0.023619000553066347
-0.017483999040922366
-0.03223859157946
0.00983026280785236
-0.037197345407632046
-0.010911166973297859
-0.0344423751452079
0.03528952122524055
-0.02993806157827563
-0.026011139195272665
-0.03391731495782841
-0.022255106650903998
-0.022255106650903998
-0.037197345407632046
0.014827996716518046
-0.03684526070971784
-0.032242812256869154
0.014827996716518046
-0.044435360969190624
-0.017641916183888794
-0.03684526070971784
-0.03223859157946
-0.022291250315671477
-0.03391731495782841
-0.037197345407632046
-0.03684526070971784
-0.03684526070971784
-0.023619000553066347
-0.00822199085289985
-0.041799654262535804
-0.03266705340419574
-0.004358358305608064
0.019541162712234474
-0.008665526628137837
-0.015717903121240613
0.011575095349518012
-0.015741992290885014
-0.03684526070971784
-0.022255106650903998
0.014827996716518046
0.03528952122524055
-0.03223859157946
-0.015717903121240613
0.005885375381639076
-0.029661130074020343
-0.03684526070971784
-0.026486305600708516
-0.03684526070971784
0.0008407724844033726
-0.004358358305608064
-0.023619000553066347
-0.004358358305608064
-0.023619000553066347
-0.029259433488150906
-0.029259433488150906
-0.017315155945848332
0.056578729269488856
-0.03077026782700421
-0.017483999040922366
-0.044435360969190624
0.00035263925290436875
-0.04191891166224295
0.011575095349518012
0.00035263925290436875
0.03528952122524055
-0.022255106650903998
-0.03322661412526545
-0.025259110574396445
-0.020910096027931504
0.0031937233049202933
-0.032242812256869154
0.011575095349518012
-0.004358358305608064
-0.0032659187838530476
-0.017641916183888794
-0.04191891166224295
0.03528952122524055
0.03528952122524055
-0.015717903121240613
-0.035269477873768273
-0.017641916183888794
0.005885375381639076
9.763400134563754e-05
0.019541162712234474
-0.013752052359659442
0.014827996716518046
-0.017315155945848332
-0.017315155945848332
0.03528952122524055
-0.037197345407632046
-0.025032260254546076
-0.015717903121240613
-0.029661130074020343
-0.049881605180235045
-0.049881605180235045
-0.017641916183888794
0.00566385824588657
-0.00901034570092548
-0.021426952254987825
-0.014871536266328807
-0.013752052359659442
0.00523962491697222
0.011575095349518012
-0.03785057346063089
-0.04191891166224295
0.0008407724844033726
0.056578729269488856
0.00523962491697222
0.0031937233049202933
0.0008407724844033726
-0.03077026782700421
-0.006993270958655812
-0.017315155945848332
0.00566385824588657
-0.035269477873768273
-0.005521398677290382
-0.020910096027931504
-0.044435360969190624
-0.014871536266328807
-0.03223859157946
-0.037197345407632046
0.00035614134719686883
-0.00901034570092548
-0.00822199085289985
-0.03391731495782841
-0.022255106650903998
0.011575095349518012
-0.014871536266328807
0.056578729269488856
0.0031937233049202933
-0.01895577993434645
0.03528952122524055
-0.014871536266328807
-0.020910096027931504
-0.014871536266328807
-0.03223859157946
-0.037197345407632046
-0.032242812256869154
-0.025032260254546076
-0.01652821972982329
-0.03785057346063089
-0.03077026782700421
-0.022291250315671477
-0.035269477873768273
-0.022255106650903998
-0.03266705340419574
-0.015741992290885014
-0.0008080280560542583
-0.037197345407632046
-0.015717903121240613
0.0008407724844033726
0.005885375381639076
-0.023619000553066347
-0.03266705340419574
-0.03391731495782841
-0.03322661412526545
-0.03077026782700421
0.056578729269488856
0.0055673521663136
-0.022291250315671477
-0.021426952254987825
-0.01652821972982329
-0.0032659187838530476
-0.044435360969190624
-0.017641916183888794
-0.025032260254546076
0.003005993975557414
-0.022291250315671477
-0.02993806157827563
-0.005521398677290382
0.0055673521663136
-0.049881605180235045
-0.017641916183888794
0.007678427870024778
-0.0032659187838530476
-0.005521398677290382
-0.03322661412526545
0.003005993975557414
0.003005993975557414
0.00035614134719686883
-0.02545421402834292
0.00523962491697222
-0.017315155945848332
-0.02993806157827563
-0.027193966645324207
-0.037197345407632046
-0.022255106650903998
-0.00822199085289985
-0.032242812256869154
-0.037197345407632046
-0.035269477873768273
-0.03223859157946
-0.029259433488150906
-0.022255106650903998
-0.035269477873768273
-0.0008080280560542583
0.0031937233049202933
0.003114186317164633
-0.037197345407632046
-0.037197345407632046
-0.01652821972982329
0.005885375381639076
-0.01041922953765475
-0.023619000553066347
0.011575095349518012
9.763400134563754e-05
-0.004358358305608064
-0.010911166973297859
-0.00901034570092548
-0.02545421402834292
0.00035614134719686883
0.003114186317164633
-0.049881605180235045
-0.01895577993434645
-0.03322661412526545
0.011575095349518012
-0.004358358305608064
0.003005993975557414
-0.020910096027931504
-0.03077026782700421
-0.015717903121240613
0.005885375381639076
-0.00901034570092548
-0.029661130074020343
-0.021426952254987825
0.003005993975557414
-0.008665526628137837
0.007678427870024778
0.03528952122524055
0.019541162712234474
-0.037197345407632046
-0.008665526628137837
-0.00822199085289985
-0.006993270958655812
-0.010911166973297859
-0.037197345407632046
-0.014871536266328807
-0.02993806157827563
-0.02545421402834292
-0.023619000553066347
-0.017483999040922366
-0.03322661412526545
-0.0008080280560542583
-0.00901034570092548
-0.013752052359659442
-0.03223859157946
-0.017315155945848332
0.00523962491697222
-0.006993270958655812
-0.022291250315671477
0.056578729269488856
-0.035269477873768273
-0.025032260254546076
-0.022255106650903998
-0.04191891166224295
-0.022291250315671477
-0.02993806157827563
0.00035614134719686883
-0.03391731495782841
0.03528952122524055
-0.020910096027931504
-0.02545421402834292
-0.0008080280560542583
0.019541162712234474
-0.00822199085289985
-0.01041922953765475
-0.03077026782700421
0.003114186317164633
-0.023619000553066347
-0.026011139195272665
0.00983026280785236
-0.017483999040922366
0.03528952122524055
-0.017315155945848332
0.014827996716518046
-0.035269477873768273
-0.025259110574396445
-0.035269477873768273
-0.005521398677290382
-0.0344423751452079
-0.015717903121240613
-0.029661130074020343
-0.044435360969190624
-0.029259433488150906
-0.005521398677290382
0.012100292176245663
-0.029661130074020343
-0.004358358305608064
-0.004358358305608064
-0.026486305600708516
-0.0032659187838530476
-0.035269477873768273
0.03849883647429213
-0.02545421402834292
-0.025259110574396445
0.03849883647429213
-0.032242812256869154
-0.015741992290885014
0.00983026280785236
0.011575095349518012
-0.013752052359659442
-0.0344423751452079
-0.01041922953765475
-0.010911166973297859
-0.015717903121240613
-0.029661130074020343
-0.027193966645324207
0.0031937233049202933
0.012100292176245663
-0.029259433488150906
-0.010911166973297859
-0.035269477873768273
-0.02545421402834292
0.03528952122524055
-0.037197345407632046
-0.02993806157827563
-0.005521398677290382
-0.049881605180235045
-0.0008080280560542583
-0.041799654262535804
0.005885375381639076
-0.0344423751452079
-0.022255106650903998
-0.01652821972982329
-0.014871536266328807
-0.025259110574396445
-0.0027204692985154546
-0.04191891166224295
0.007678427870024778
-0.0344423751452079
-0.01652821972982329
-0.006993270958655812
-0.023619000553066347
-0.03266705340419574
-0.014871536266328807
-0.044435360969190624
-0.00822199085289985
-0.026486305600708516
-0.027193966645324207
-0.01652821972982329
-0.008665526628137837
-0.037197345407632046
-0.015717903121240613
-0.0344423751452079
0.014827996716518046
-0.0032659187838530476
-0.008665526628137837
-0.020910096027931504
0.03849883647429213
-0.03266705340419574
0.00035614134719686883
-0.03266705340419574
-0.027193966645324207
-0.005521398677290382
-0.0008080280560542583
-0.029661130074020343
-0.03391731495782841
0.012100292176245663
0.03528952122524055
-0.026011139195272665
-0.03077026782700421
0.0008407724844033726
-0.037197345407632046
-0.022255106650903998
-0.008665526628137837
-0.025032260254546076
0.011575095349518012
-0.01895577993434645
-0.0344423751452079
-0.014871536266328807
-0.044435360969190624
-0.0008080280560542583
-0.03077026782700421
0.00035263925290436875
-0.005521398677290382
-0.03077026782700421
-0.027193966645324207
-0.01652821972982329
-0.03077026782700421
-0.0008080280560542583
-0.015717903121240613
0.03849883647429213
-0.0032659187838530476
0.00983026280785236
-0.022291250315671477
-0.010911166973297859
-0.014871536266328807
0.03528952122524055
-0.032242812256869154
-0.04191891166224295
-0.03391731495782841
0.014827996716518046
-0.049881605180235045
-0.01895577993434645
-0.025032260254546076
-0.01895577993434645
-0.00822199085289985
0.019541162712234474
0.003005993975557414
-0.013752052359659442
-0.03223859157946
0.019541162712234474
-0.022255106650903998
-0.049881605180235045
0.00035263925290436875
0.019541162712234474
-0.03322661412526545
-0.025259110574396445
-0.029661130074020343
-0.023619000553066347
-0.025259110574396445
-0.022291250315671477
-0.0032659187838530476
-0.01041922953765475
-0.005521398677290382
-0.025032260254546076
-0.022255106650903998
0.00983026280785236
0.056578729269488856
-0.027193966645324207
-0.020910096027931504
-0.035269477873768273
9.763400134563754e-05
-0.025032260254546076
0.03528952122524055
-0.037197345407632046
-0.006993270958655812
-0.026486305600708516
-0.04191891166224295
0.03849883647429213
0.014827996716518046
-0.010911166973297859
-0.026486305600708516
0.0055673521663136
-0.0008080280560542583
-0.0027204692985154546
0.00983026280785236
-0.03322661412526545
-0.0027204692985154546
-0.022291250315671477
0.00035263925290436875
-0.015717903121240613
-0.03266705340419574
0.056578729269488856
-0.037197345407632046
-0.015717903121240613
-0.026011139195272665
-0.006993270958655812
-0.020910096027931504
-0.014871536266328807
0.0055673521663136
0.003114186317164633
0.00523962491697222
-0.029661130074020343
-0.005521398677290382
-0.025259110574396445
-0.049881605180235045
-0.04191891166224295
-0.029661130074020343
-0.00901034570092548
-0.03077026782700421
-0.0032659187838530476
-0.02993806157827563
-0.017483999040922366
-0.035269477873768273
-0.004358358305608064
0.007678427870024778
-0.03684526070971784
0.011575095349518012
-0.032242812256869154
-0.01652821972982329
0.02486965532500927
0.003005993975557414
-0.02545421402834292
0.012100292176245663
-0.0027204692985154546
-0.044435360969190624
0.00566385824588657
-0.023619000553066347
-0.017641916183888794
-0.0344423751452079
-0.04191891166224295
-0.03223859157946
-0.015741992290885014
-0.0027204692985154546
0.00566385824588657
-0.03684526070971784
0.0008407724844033726
-0.049881605180235045
0.003114186317164633
0.005885375381639076
-0.0344423751452079
-0.03322661412526545
-0.03266705340419574
0.03528952122524055
-0.025032260254546076
-0.04191891166224295
-0.026011139195272665
-0.00901034570092548
-0.0344423751452079
0.003114186317164633
0.00566385824588657
-0.04191891166224295
-0.02545421402834292
-0.0027204692985154546
-0.037197345407632046
0.007678427870024778
-0.03684526070971784
-0.01895577993434645
-0.004358358305608064
0.00983026280785236
0.014827996716518046
-0.020910096027931504
-0.01041922953765475
0.03849883647429213
9.763400134563754e-05
0.014827996716518046
-0.0344423751452079
-0.017483999040922366
-0.006993270958655812
-0.049881605180235045
-0.0008080280560542583
0.03849883647429213
-0.01041922953765475
0.0031937233049202933
0.019541162712234474
-0.041799654262535804
-0.037197345407632046
-0.022291250315671477
-0.049881605180235045
0.056578729269488856
-0.03684526070971784
-0.0008080280560542583
-0.041799654262535804
-0.027193966645324207
-0.03077026782700421
-0.029661130074020343
-0.029661130074020343
0.003005993975557414
-0.026486305600708516
-0.0032659187838530476
-0.03322661412526545
-0.01041922953765475
-0.02545421402834292
-0.032242812256869154
-0.020910096027931504
-0.03391731495782841
-0.026011139195272665
-0.027193966645324207
0.00983026280785236
-0.02993806157827563
-0.017483999040922366
-0.01652821972982329
-0.008665526628137837
-0.03322661412526545
-0.025259110574396445
-0.03391731495782841
-0.021426952254987825
0.003114186317164633
-0.02545421402834292
-0.0032659187838530476
-0.029661130074020343
0.03849883647429213
-0.0008080280560542583
-0.0032659187838530476
0.0008407724844033726
-0.03684526070971784
-0.03684526070971784
0.003005993975557414
-0.049881605180235045
-0.005521398677290382
-0.03684526070971784
0.0008407724844033726
0.003114186317164633
-0.020910096027931504
-0.010911166973297859
0.00983026280785236
-0.022255106650903998
0.00566385824588657
-0.03223859157946
-0.023619000553066347
-0.041799654262535804
0.011575095349518012
9.763400134563754e-05
0.00523962491697222
-0.025032260254546076
-0.03223859157946
-0.02545421402834292
-0.023619000553066347
-0.01041922953765475
-0.03684526070971784
-0.04191891166224295
-0.00822199085289985
-0.010911166973297859
-0.015741992290885014
0.00523962491697222
-0.026011139195272665
-0.041799654262535804
0.0031937233049202933
-0.025032260254546076
0.00035263925290436875
-0.022291250315671477
-0.03391731495782841
-0.04191891166224295
-0.006993270958655812
