0.0036349538498945603
-0.0486686883127168
0.0004854346881611273
-0.007519835533319796
-0.0036749888724009745
-0.01231940685373351
-0.01573651023975734
-0.007519835533319796
-0.017566535210589793
0.03165596268398266
0.0004854346881611273
0.0005534927718604845
0.0006182607251790601
0.0004854346881611273
-0.009616472537357116
-0.005550341696650895
-0.007519835533319796
0.0004854346881611273
-0.005550341696650895
-0.004577814276914676
0.03165596268398266
-0.004577814276914676
-0.017566535210589793
-0.0486686883127168
-0.004577814276914676
0.0006182607251790601
-0.007494678825179464
-0.020457667880516502
-0.028127953632425227
0.007374954617305171
-0.006929616498525526
-0.01573651023975734
-0.012345540159861326
-0.020457667880516502
-0.0034910756269674356
0.03165596268398266
0.0005534927718604845
-0.0486686883127168
-0.007519835533319796
-0.020457667880516502
0.03165596268398266
-0.0486686883127168
-0.028131411819299894
-0.007494678825179464
-0.007519835533319796
-0.0036749888724009745
-0.00500839098896882
-0.018602070016003235
-0.00500839098896882
0.009664778802626946
-0.0003055897779485411
-0.028131411819299894
-0.006929616498525526
-0.013394439302534514
-0.0034910756269674356
-0.013394439302534514
-0.01573651023975734
-0.028131411819299894
0.0005534927718604845
-0.0036749888724009745
-0.020457667880516502
-0.004577814276914676
-0.028127953632425227
-0.004577814276914676
-0.028131411819299894
0.009208604574411524
-0.01573651023975734
-0.005550341696650895
0.03165596268398266
-0.00500839098896882
-0.009616472537357116
-0.0003055897779485411
0.0036349538498945603
0.03165596268398266
-0.01573651023975734
-0.005550341696650895
-0.0003055897779485411
-0.005550341696650895
0.03165596268398266
-0.007519835533319796
-0.012166372244662675
-0.012345540159861326
-0.0036749888724009745
-0.007519835533319796
-0.024981700694956116
-0.01231940685373351
0.009208604574411524
-0.024981700694956116
-0.012166372244662675
0.007374954617305171
-0.00500839098896882
-0.012345540159861326
-0.013394439302534514
-0.004577814276914676
-0.020457667880516502
-0.021269843335938367
-0.004577814276914676
-0.006929616498525526
-0.020457667880516502
0.0004854346881611273
-0.018602070016003235
-0.0036749888724009745
-0.024981700694956116
-0.024981700694956116
-0.015022652038276846
0.0010681478999752347
-0.013394439302534514
-0.020457667880516502
-0.007494678825179464
-0.0034910756269674356
0.0036349538498945603
0.0004854346881611273
-0.018602070016003235
-0.021269843335938367
-0.020457667880516502
-0.020457667880516502
0.0010681478999752347
0.03165596268398266
-0.01573651023975734
-0.029188014346072638
-0.009616472537357116
-0.0003055897779485411
0.0010681478999752347
-0.024981700694956116
-0.028131411819299894
-0.009616472537357116
0.0004854346881611273
-0.021269843335938367
0.010253750674523667
-0.028127953632425227
0.009664778802626946
-0.028127953632425227
-0.0036749888724009745
-0.020457667880516502
-0.007494678825179464
-0.012345540159861326
-0.007494678825179464
-0.028131411819299894
-0.04893791990103613
-0.012166372244662675
0.0004854346881611273
-0.012166372244662675
0.0004854346881611273
-0.0003055897779485411
-0.020457667880516502
-0.028131411819299894
-0.012166372244662675
-0.020457667880516502
-0.0486686883127168
0.009664778802626946
-0.007494678825179464
-0.012345540159861326
-0.006929616498525526
-0.021269843335938367
-0.0036749888724009745
-0.007519835533319796
-0.007519835533319796
0.009664778802626946
-0.0034910756269674356
-0.00500839098896882
0.0006182607251790601
-0.0034910756269674356
-0.021269843335938367
-0.017566535210589793
-0.004577814276914676
0.0005534927718604845
0.009664778802626946
-0.0486686883127168
-0.006929616498525526
-0.01231940685373351
-0.0486686883127168
-0.04893791990103613
0.007374954617305171
-0.009616472537357116
0.009664778802626946
-0.01231940685373351
-0.015022652038276846
-0.006929616498525526
-0.017566535210589793
-0.009616472537357116
-0.028131411819299894
0.007374954617305171
0.0006182607251790601
0.009208604574411524
-0.0486686883127168
0.0005534927718604845
-0.029188014346072638
-0.012166372244662675
0.0036349538498945603
-0.028127953632425227
0.0006182607251790601
0.0004854346881611273
-0.018602070016003235
-0.007494678825179464
0.0004854346881611273
0.009664778802626946
-0.04893791990103613
-0.009616472537357116
-0.012166372244662675
0.0005534927718604845
-0.00500839098896882
-0.0036749888724009745
-0.007519835533319796
-0.04893791990103613
-0.007494678825179464
0.0006182607251790601
-0.009616472537357116
-0.007494678825179464
-0.004577814276914676
-0.009616472537357116
-0.005550341696650895
0.009664778802626946
0.009208604574411524
-0.007494678825179464
-0.018602070016003235
-0.006929616498525526
0.0036349538498945603
-0.012345540159861326
-0.006929616498525526
-0.028131411819299894
-0.01573651023975734
-0.01573651023975734
-0.024981700694956116
-0.005550341696650895
-0.021269843335938367
0.0006182607251790601
0.009664778802626946
0.0004854346881611273
-0.012166372244662675
-0.04893791990103613
-0.015022652038276846
-0.015022652038276846
-0.004577814276914676
-0.0486686883127168
-0.028131411819299894
-0.0486686883127168
-0.028127953632425227
0.03165596268398266
-0.006929616498525526
0.0010681478999752347
-0.013394439302534514
0.0036349538498945603
-0.0036749888724009745
0.0004854346881611273
-0.018602070016003235
0.0004854346881611273
0.0004854346881611273
0.009208604574411524
-0.005550341696650895
-0.021269843335938367
-0.00500839098896882
-0.0034910756269674356
0.0005534927718604845
-0.005550341696650895
-0.009616472537357116
-0.013394439302534514
-0.012166372244662675
-0.007519835533319796
-0.029188014346072638
-0.015022652038276846
-0.029188014346072638
0.0006182607251790601
-0.028131411819299894
-0.024981700694956116
0.007374954617305171
0.0010681478999752347
-0.00500839098896882
0.0006182607251790601
-0.01573651023975734
0.0010681478999752347
0.0005534927718604845
0.007374954617305171
-0.015022652038276846
0.007374954617305171
-0.004577814276914676
-0.012166372244662675
-0.015022652038276846
-0.004577814276914676
-0.01573651023975734
-0.004577814276914676
0.010253750674523667
-0.024981700694956116
-0.01573651023975734
-0.005550341696650895
0.009664778802626946
-0.006929616498525526
-0.028131411819299894
-0.007519835533319796
-0.028131411819299894
-0.007494678825179464
-0.013394439302534514
0.0004854346881611273
-0.0486686883127168
-0.021269843335938367
-0.017566535210589793
0.009208604574411524
-0.0486686883127168
-0.007494678825179464
-0.015022652038276846
-0.007519835533319796
-0.029188014346072638
-0.005550341696650895
0.0005534927718604845
-0.04893791990103613
-0.007494678825179464
-0.015022652038276846
-0.017566535210589793
0.03165596268398266
-0.01573651023975734
-0.007519835533319796
-0.0486686883127168
-0.007494678825179464
-0.017566535210589793
-0.015022652038276846
-0.0034910756269674356
-0.015022652038276846
0.009664778802626946
-0.018602070016003235
0.03165596268398266
-0.0003055897779485411
-0.012345540159861326
0.0010681478999752347
-0.005550341696650895
-0.0034910756269674356
0.0036349538498945603
0.03165596268398266
-0.015022652038276846
-0.0003055897779485411
0.0006182607251790601
-0.021269843335938367
-0.007519835533319796
-0.005550341696650895
0.0010681478999752347
-0.0003055897779485411
0.0010681478999752347
-0.017566535210589793
-0.018602070016003235
-0.020457667880516502
-0.015022652038276846
-0.01573651023975734
-0.015022652038276846
-0.028131411819299894
0.007374954617305171
-0.018602070016003235
0.009664778802626946
-0.018602070016003235
0.009664778802626946
-0.004577814276914676
-0.004577814276914676
0.0036349538498945603
-0.029188014346072638
-0.012166372244662675
-0.028127953632425227
-0.006929616498525526
0.0005534927718604845
0.010253750674523667
-0.04893791990103613
-0.012345540159861326
0.010253750674523667
-0.021269843335938367
-0.012166372244662675
-0.021269843335938367
-0.020457667880516502
-0.0036749888724009745
0.009664778802626946
-0.024981700694956116
0.0010681478999752347
-0.009616472537357116
-0.007519835533319796
0.009664778802626946
-0.012345540159861326
-0.018602070016003235
-0.028127953632425227
0.03165596268398266
0.03165596268398266
-0.04893791990103613
-0.021269843335938367
-0.021269843335938367
-0.0003055897779485411
-0.0486686883127168
-0.01231940685373351
-0.005550341696650895
-0.005550341696650895
-0.020457667880516502
-0.029188014346072638
0.03165596268398266
-0.017566535210589793
-0.017566535210589793
-0.00500839098896882
-0.0486686883127168
-0.01231940685373351
-0.021269843335938367
-0.006929616498525526
-0.015022652038276846
-0.029188014346072638
-0.007494678825179464
0.010253750674523667
0.03165596268398266
0.0005534927718604845
-0.0003055897779485411
-0.018602070016003235
-0.006929616498525526
0.009664778802626946
-0.028131411819299894
-0.013394439302534514
0.0006182607251790601
-0.00500839098896882
-0.012345540159861326
-0.024981700694956116
-0.04893791990103613
-0.021269843335938367
-0.0036749888724009745
0.007374954617305171
0.0010681478999752347
0.007374954617305171
-0.028127953632425227
0.009208604574411524
-0.01231940685373351
-0.0036749888724009745
0.0005534927718604845
0.0006182607251790601
-0.007519835533319796
-0.009616472537357116
-0.006929616498525526
-0.007494678825179464
-0.009616472537357116
-0.015022652038276846
-0.013394439302534514
-0.007494678825179464
-0.0486686883127168
-0.0034910756269674356
-0.006929616498525526
-0.012345540159861326
0.0006182607251790601
0.0010681478999752347
-0.009616472537357116
-0.028131411819299894
-0.021269843335938367
0.0006182607251790601
-0.0036749888724009745
0.0006182607251790601
-0.007519835533319796
-0.0034910756269674356
-0.007494678825179464
-0.007519835533319796
-0.0486686883127168
0.009664778802626946
0.007374954617305171
0.0005534927718604845
-0.028131411819299894
-0.024981700694956116
-0.028127953632425227
0.0006182607251790601
-0.01231940685373351
-0.017566535210589793
-0.04893791990103613
0.010253750674523667
0.0036349538498945603
-0.007494678825179464
-0.0003055897779485411
0.010253750674523667
0.007374954617305171
0.0006182607251790601
-0.0003055897779485411
0.009664778802626946
0.0036349538498945603
-0.0486686883127168
-0.020457667880516502
-0.028127953632425227
-0.00500839098896882
-0.015022652038276846
-0.007494678825179464
-0.012345540159861326
-0.00500839098896882
-0.0003055897779485411
-0.029188014346072638
0.0005534927718604845
-0.020457667880516502
0.0005534927718604845
0.009664778802626946
0.03165596268398266
-0.009616472537357116
0.009208604574411524
-0.012345540159861326
-0.0034910756269674356
-0.004577814276914676
-0.020457667880516502
-0.024981700694956116
0.009208604574411524
-0.009616472537357116
-0.012166372244662675
0.009208604574411524
-0.017566535210589793
-0.007494678825179464
0.0006182607251790601
-0.007519835533319796
-0.007494678825179464
-0.01231940685373351
-0.007519835533319796
-0.004577814276914676
-0.01231940685373351
0.0010681478999752347
-0.0036749888724009745
-0.007494678825179464
-0.007494678825179464
-0.005550341696650895
0.009664778802626946
-0.012345540159861326
0.007374954617305171
-0.029188014346072638
-0.018602070016003235
-0.013394439302534514
-0.013394439302534514
-0.012166372244662675
-0.020457667880516502
-0.009616472537357116
0.0010681478999752347
-0.029188014346072638
-0.028131411819299894
-0.020457667880516502
-0.012345540159861326
-0.018602070016003235
-0.0036749888724009745
-0.028127953632425227
-0.0003055897779485411
-0.013394439302534514
-0.0003055897779485411
-0.018602070016003235
-0.029188014346072638
-0.012166372244662675
0.0006182607251790601
-0.0486686883127168
-0.024981700694956116
-0.0034910756269674356
-0.021269843335938367
0.03165596268398266
-0.007494678825179464
0.03165596268398266
-0.013394439302534514
-0.007494678825179464
0.0006182607251790601
0.009208604574411524
-0.012166372244662675
0.009664778802626946
-0.006929616498525526
-0.020457667880516502
0.009208604574411524
-0.013394439302534514
-0.00500839098896882
-0.007519835533319796
0.0006182607251790601
-0.0036749888724009745
-0.01231940685373351
0.0005534927718604845
-0.04893791990103613
0.009208604574411524
-0.009616472537357116
-0.0486686883127168
-0.005550341696650895
-0.005550341696650895
-0.021269843335938367
-0.0036749888724009745
-0.012166372244662675
-0.029188014346072638
0.03165596268398266
-0.0486686883127168
-0.005550341696650895
-0.028127953632425227
0.009664778802626946
-0.028131411819299894
0.009664778802626946
-0.028127953632425227
-0.009616472537357116
-0.00500839098896882
-0.006929616498525526
-0.021269843335938367
-0.012166372244662675
0.007374954617305171
-0.01231940685373351
0.007374954617305171
0.0006182607251790601
-0.006929616498525526
-0.01231940685373351
-0.029188014346072638
-0.006929616498525526
-0.009616472537357116
0.0004854346881611273
-0.004577814276914676
0.007374954617305171
-0.0003055897779485411
-0.018602070016003235
0.0005534927718604845
0.0010681478999752347
0.0036349538498945603
-0.004577814276914676
0.009208604574411524
0.009208604574411524
-0.01573651023975734
0.0004854346881611273
-0.018602070016003235
0.009208604574411524
-0.0486686883127168
-0.018602070016003235
-0.018602070016003235
-0.0486686883127168
-0.01573651023975734
-0.029188014346072638
-0.01231940685373351
-0.028127953632425227
-0.012166372244662675
0.007374954617305171
0.009664778802626946
-0.007519835533319796
0.0036349538498945603
-0.012166372244662675
-0.012345540159861326
-0.00500839098896882
-0.028127953632425227
0.007374954617305171
0.0004854346881611273
0.0010681478999752347
-0.005550341696650895
-0.013394439302534514
-0.0486686883127168
-0.015022652038276846
-0.0003055897779485411
0.010253750674523667
-0.018602070016003235
0.009664778802626946
0.03165596268398266
-0.017566535210589793
0.0010681478999752347
0.0004854346881611273
-0.004577814276914676
-0.013394439302534514
-0.01231940685373351
-0.012166372244662675
-0.021269843335938367
-0.0486686883127168
-0.007494678825179464
0.009208604574411524
-0.004577814276914676
0.009664778802626946
-0.005550341696650895
0.0004854346881611273
-0.012166372244662675
0.0006182607251790601
-0.028127953632425227
-0.04893791990103613
-0.004577814276914676
-0.0034910756269674356
0.0004854346881611273
-0.020457667880516502
0.009664778802626946
0.0006182607251790601
0.0005534927718604845
-0.01573651023975734
-0.017566535210589793
0.0006182607251790601
-0.007494678825179464
-0.024981700694956116
-0.0003055897779485411
-0.0036749888724009745
0.0004854346881611273
-0.00500839098896882
-0.04893791990103613
-0.0036749888724009745
-0.009616472537357116
-0.017566535210589793
-0.018602070016003235
-0.0486686883127168
0.0004854346881611273
-0.021269843335938367
-0.028127953632425227
-0.006929616498525526
-0.017566535210589793
0.007374954617305171
-0.007494678825179464
-0.01573651023975734
0.0005534927718604845
-0.012345540159861326
-0.028131411819299894
-0.00500839098896882
0.0004854346881611273
-0.005550341696650895
0.0006182607251790601
0.0005534927718604845
-0.028127953632425227
0.0006182607251790601
0.0036349538498945603
-0.0034910756269674356
0.010253750674523667
-0.009616472537357116
-0.0034910756269674356
0.009208604574411524
-0.028127953632425227
-0.017566535210589793
-0.006929616498525526
-0.028127953632425227
-0.0003055897779485411
-0.004577814276914676
0.0036349538498945603
-0.013394439302534514
0.0006182607251790601
-0.021269843335938367
-0.007519835533319796
0.0010681478999752347
-0.007494678825179464
-0.04893791990103613
0.03165596268398266
-0.0486686883127168
-0.028131411819299894
0.0005534927718604845
-0.01573651023975734
-0.028131411819299894
-0.012166372244662675
-0.017566535210589793
0.03165596268398266
-0.028127953632425227
-0.01231940685373351
-0.00500839098896882
-0.007519835533319796
0.03165596268398266
-0.029188014346072638
0.010253750674523667
-0.004577814276914676
0.03165596268398266
-0.020457667880516502
-0.01231940685373351
0.007374954617305171
-0.0486686883127168
-0.009616472537357116
0.009664778802626946
-0.018602070016003235
-0.005550341696650895
0.009664778802626946
-0.01231940685373351
-0.005550341696650895
-0.020457667880516502
0.0005534927718604845
-0.017566535210589793
-0.0036749888724009745
-0.01231940685373351
-0.017566535210589793
-0.029188014346072638
0.0005534927718604845
-0.04893791990103613
-0.021269843335938367
-0.007494678825179464
-0.017566535210589793
-0.01573651023975734
-0.015022652038276846
0.010253750674523667
-0.01231940685373351
-0.04893791990103613
-0.00500839098896882
-0.013394439302534514
-0.01573651023975734
-0.012345540159861326
0.010253750674523667
-0.024981700694956116
0.03165596268398266
-0.04893791990103613
-0.01573651023975734
-0.029188014346072638
-0.020457667880516502
-0.012166372244662675
0.010253750674523667
-0.0003055897779485411
-0.012166372244662675
-0.01573651023975734
-0.007494678825179464
-0.0003055897779485411
-0.0036749888724009745
-0.00500839098896882
0.0006182607251790601
-0.012345540159861326
0.007374954617305171
-0.018602070016003235
-0.04893791990103613
-0.04893791990103613
-0.0003055897779485411
-0.018602070016003235
0.0010681478999752347
-0.013394439302534514
-0.028127953632425227
-0.024981700694956116
0.009208604574411524
-0.006929616498525526
0.03165596268398266
-0.01573651023975734
-0.021269843335938367
-0.01231940685373351
0.0010681478999752347
-0.018602070016003235
-0.0034910756269674356
0.0006182607251790601
-0.015022652038276846
-0.012345540159861326
-0.007519835533319796
-0.00500839098896882
-0.012166372244662675
0.0004854346881611273
-0.00500839098896882
0.0005534927718604845
0.009664778802626946
0.009664778802626946
0.0004854346881611273
-0.028127953632425227
-0.04893791990103613
-0.007519835533319796
0.0036349538498945603
-0.0003055897779485411
-0.0036749888724009745
-0.0003055897779485411
0.010253750674523667
-0.015022652038276846
0.007374954617305171
-0.01231940685373351
-0.0486686883127168
0.0004854346881611273
-0.0034910756269674356
-0.005550341696650895
-0.020457667880516502
-0.004577814276914676
-0.017566535210589793
-0.021269843335938367
0.0005534927718604845
-0.04893791990103613
-0.013394439302534514
-0.0486686883127168
0.0036349538498945603
0.0004854346881611273
-0.021269843335938367
-0.021269843335938367
-0.01573651023975734
-0.04893791990103613
-0.01573651023975734
-0.01573651023975734
-0.012166372244662675
-0.007494678825179464
-0.0034910756269674356
-0.015022652038276846
0.009208604574411524
-0.028131411819299894
0.03165596268398266
0.0036349538498945603
-0.018602070016003235
0.009208604574411524
-0.0036749888724009745
-0.0036749888724009745
-0.005550341696650895
0.010253750674523667
-0.01231940685373351
-0.029188014346072638
-0.017566535210589793
0.0004854346881611273
-0.006929616498525526
-0.015022652038276846
-0.005550341696650895
0.0006182607251790601
0.0010681478999752347
-0.009616472537357116
0.03165596268398266
-0.01573651023975734
-0.007494678825179464
0.010253750674523667
-0.015022652038276846
-0.017566535210589793
-0.028127953632425227
-0.018602070016003235
-0.018602070016003235
-0.01573651023975734
-0.020457667880516502
0.0036349538498945603
-0.020457667880516502
-0.005550341696650895
-0.012166372244662675
-0.007519835533319796
-0.0036749888724009745
-0.0486686883127168
-0.0003055897779485411
-0.017566535210589793
0.0036349538498945603
0.009208604574411524
0.009208604574411524
0.0006182607251790601
-0.006929616498525526
-0.020457667880516502
-0.0486686883127168
-0.009616472537357116
-0.012166372244662675
-0.018602070016003235
0.03165596268398266
-0.017566535210589793
-0.01573651023975734
0.0036349538498945603
0.007374954617305171
-0.028131411819299894
-0.015022652038276846
-0.015022652038276846
-0.020457667880516502
0.0006182607251790601
0.010253750674523667
-0.0036749888724009745
-0.0036749888724009745
-0.015022652038276846
-0.007494678825179464
0.007374954617305171
-0.0036749888724009745
-0.020457667880516502
-0.0036749888724009745
-0.013394439302534514
-0.015022652038276846
-0.01231940685373351
-0.007519835533319796
0.009664778802626946
-0.012345540159861326
-0.029188014346072638
0.0005534927718604845
-0.007519835533319796
-0.012166372244662675
0.0006182607251790601
0.009664778802626946
-0.0486686883127168
-0.005550341696650895
-0.015022652038276846
-0.04893791990103613
-0.01231940685373351
-0.013394439302534514
0.0036349538498945603
0.0036349538498945603
-0.01573651023975734
-0.004577814276914676
-0.005550341696650895
0.0010681478999752347
0.0005534927718604845
0.010253750674523667
-0.015022652038276846
-0.0486686883127168
-0.04893791990103613
0.010253750674523667
-0.0034910756269674356
0.03165596268398266
-0.006929616498525526
-0.012166372244662675
-0.01573651023975734
0.0004854346881611273
-0.01573651023975734
-0.005550341696650895
-0.028131411819299894
-0.028127953632425227
-0.009616472537357116
-0.017566535210589793
-0.0486686883127168
-0.028127953632425227
-0.018602070016003235
-0.028131411819299894
-0.021269843335938367
0.0005534927718604845
-0.0036749888724009745
0.0010681478999752347
-0.009616472537357116
-0.04893791990103613
-0.012345540159861326
0.0006182607251790601
-0.020457667880516502
-0.01231940685373351
-0.04893791990103613
0.010253750674523667
0.007374954617305171
0.007374954617305171
0.0005534927718604845
-0.012166372244662675
0.0006182607251790601
-0.024981700694956116
-0.024981700694956116
-0.0034910756269674356
-0.0003055897779485411
-0.029188014346072638
-0.0034910756269674356
0.0010681478999752347
-0.013394439302534514
-0.0034910756269674356
-0.0003055897779485411
-0.012345540159861326
-0.0036749888724009745
-0.029188014346072638
-0.013394439302534514
-0.0486686883127168
-0.006929616498525526
-0.009616472537357116
0.0006182607251790601
-0.007519835533319796
0.007374954617305171
0.009664778802626946
0.03165596268398266
0.03165596268398266
-0.0003055897779485411
0.009208604574411524
