0.0027234943069578527
-0.0011322585820779435
-0.028506147469435316
-0.028506147469435316
-0.049022540062624714
0.015478401476169553
-0.01061706168322029
0.000886916906123457
-0.00444208689931413
-0.007979450505771826
-0.0166716335492453
0.009795439745968268
0.011917861934508873
0.004907632560988281
0.00013778817023186985
-0.0096097798898207
-0.003128047171280335
-0.0001477498702710571
-0.006265117772584952
-0.023067008576883787
-0.01769017178091592
-0.0096097798898207
0.0005277294392850765
-0.049022540062624714
-0.014823069735984223
-0.010944461238920018
0.003846883542524781
-0.006265117772584952
-0.007979450505771826
-0.00926750909063579
0.002788220292955849
-0.00361615105444341
-0.016012679491805275
-0.022626404091884475
-0.002153046071502791
-0.003511062796395652
-0.06028238773815687
-0.016190703969969657
0.004491639710627485
-0.005248384052849451
0.0032191102752043704
-0.014823069735984223
0.004907632560988281
-0.009938500581747441
-0.0034561305576285527
-0.01702248245814252
-0.004733675459224504
-0.024652946573487086
-0.00361615105444341
0.014831494191849232
0.000886916906123457
-0.0011322585820779435
-0.004733675459224504
-0.00230122618961625
-0.006991669740808199
-0.009847575688827692
0.02178185841464704
-0.010921952288196144
-0.00629483199814066
-0.003128047171280335
-0.0008674858572613451
-0.01780977540405992
-0.04795836716261174
-0.01769123394223374
-0.010921952288196144
-0.0034590490385579425
0.011094095788010518
-0.0252704564307437
-0.014310530796373589
-0.0008504095927144935
-0.016376894026595392
-0.006750803398162462
-0.02037076447447086
-0.01061706168322029
-0.017104940644569702
0.005793394508961326
-0.026785156209954083
-0.00926750909063579
-0.009310983132546658
-0.016537384520774138
-0.008215834880773945
-0.026716059517321093
-5.9844866322194684e-05
-0.008035559695539388
-0.014510303482377567
-0.006750803398162462
-0.008155958712701136
0.006221732864864721
-0.008698128416640137
-0.013432403728227526
-0.022626404091884475
-0.0030067122233324024
-0.024738096933948937
-0.009231401639076164
0.005593727913690051
-0.0001477498702710571
0.005130944447328067
-0.005778376726690391
-0.04306988907892961
-0.01560927434759075
-0.003256984403750568
-0.024451935294444165
-0.01780977540405992
0.004447069903641741
-0.023067008576883787
-0.014509113196714036
-0.017646131191206903
-0.01171518167590636
-0.008939985432239561
-0.026716059517321093
-0.003923769582950531
-0.009131340628760575
-0.006991669740808199
-0.014126332994471986
-0.004982001771436314
-0.011600129713713188
-0.016376894026595392
-0.028106556987251362
-0.018974638708295022
-0.011935804013577838
-0.012611991466830277
8.112179816544326e-05
-0.019981336848640435
0.004447069903641741
0.0033415639747293533
-0.013065771904656735
0.005942582738948663
-0.011935804013577838
-0.0013566558621263343
0.0032191102752043704
-0.01560927434759075
-0.02005964161830774
-0.006265117772584952
-0.005666029790727581
0.009795439745968268
-0.00584556152115697
-0.011609621780350828
-0.010944461238920018
-0.003630679372950108
0.0027870215592696143
-0.004819136811604505
-0.014823069735984223
-0.011748467287006717
-0.005666029790727581
-0.04306988907892961
0.024168173793810366
-0.02037076447447086
0.009555787419632361
-0.003923769582950531
-0.013957146203450734
0.006855876754874504
-0.028193884123513195
-0.014509113196714036
-0.00584556152115697
-0.024652946573487086
0.0036171122372955305
0.005942582738948663
-0.008698128416640137
-0.016743853283076086
-0.009131340628760575
-0.0166716335492453
-0.004071824420761714
-0.0039358718273920625
-0.024738096933948937
-0.0034561305576285527
-0.049022540062624714
-0.026371204070066073
-0.008698128416640137
-0.00230122618961625
0.007449710475069817
-0.003511062796395652
-0.01441626709447681
-0.039296064542677936
-0.00230122618961625
0.007580299610287601
-0.012852622901648616
0.00013778817023186985
-0.02960462061028891
-0.011588156134643639
-0.015032860676762518
-0.039296064542677936
-0.005044597572364699
-0.01560927434759075
0.0022501466527684567
0.0027234943069578527
0.0012561690281684649
-0.011935804013577838
-0.01226407908163156
0.0005277294392850765
-0.0034561305576285527
-6.23349325288002e-05
0.005593727913690051
-0.011931231100338424
-0.000400041351185388
0.005072180251685773
-0.0011322585820779435
-0.010944461238920018
-0.02088119192567389
0.0027234943069578527
-0.028106556987251362
-0.024738096933948937
0.014831494191849232
-0.006919024569562514
0.009795439745968268
-0.00584556152115697
-0.043082674419975556
-0.00926750909063579
-0.00025407708988919143
-0.01560927434759075
-0.0166716335492453
-0.016694243497804146
-0.0017126648516675618
-0.013432403728227526
0.0033415639747293533
-5.9844866322194684e-05
0.0005426205368017923
-0.06028238773815687
-0.011074921662677543
-0.0021601652160160283
-0.007979450505771826
-0.02294164498072912
-0.012172540668354357
-0.014510303482377567
0.008999946864602995
-0.011935804013577838
-0.012670141207671879
0.0032191102752043704
-0.0034590490385579425
0.004447069903641741
-0.007979450505771826
-0.014510303482377567
-0.028506147469435316
-0.0030067122233324024
-0.024451935294444165
-0.0001477498702710571
-0.040211951317806395
-0.01061706168322029
0.03751383250139788
0.0005277294392850765
-0.0039358718273920625
-0.00926750909063579
-0.00584556152115697
0.0032191102752043704
-0.017174166424006012
-0.03684926143857448
0.007084559910566087
-0.0166716335492453
0.01160269609988634
-0.009847575688827692
-0.008898158092969195
-0.028506147469435316
-0.013921891376446664
-0.015412408381969039
-0.0096097798898207
-0.01180825307855793
-0.02088119192567389
-0.006991669740808199
-0.021587485165585913
0.005942582738948663
0.01579715172728065
-0.028106556987251362
-0.04306988907892961
-0.011600129713713188
-0.020484023971107507
-0.03233863978642866
-0.005044597572364699
-0.003511062796395652
-0.0008674858572613451
-0.007979450505771826
0.0005277294392850765
-0.013654773183624028
-0.018839410119191907
0.005189649868502719
-0.022626404091884475
-0.010944461238920018
-0.006843409397144159
-0.00230122618961625
0.005072180251685773
-0.008939985432239561
-0.018839410119191907
0.009883860004421485
-0.0008504095927144935
-0.00444208689931413
-0.010547886514334557
-0.000400041351185388
0.00013778817023186985
-0.017104940644569702
-0.019981336848640435
-0.011124117894398397
-0.0021601652160160283
-0.010753336377864478
0.008999946864602995
-0.0008504095927144935
-0.008698128416640137
-0.01602697341544929
-0.004071824420761714
-0.02294164498072912
-0.016190703969969657
0.009883860004421485
0.009238494932637285
0.007449710475069817
-0.011600129713713188
-0.014126332994471986
-0.03684926143857448
-0.008155958712701136
-0.0033117787792242056
-0.003256984403750568
-0.008939985432239561
-0.0011878494223351802
-0.026371204070066073
-0.03451351828258541
-0.01769017178091592
-0.028506147469435316
-0.014509113196714036
0.005942582738948663
-0.0462133101412971
-0.010944461238920018
-6.23349325288002e-05
-0.03451351828258541
-0.00361615105444341
0.004447069903641741
-0.028193884123513195
-0.016743853283076086
-0.013432403728227526
-0.028193884123513195
0.009883860004421485
-0.00444208689931413
0.005072180251685773
-0.015032860676762518
-0.008035559695539388
-0.043082674419975556
-0.026371204070066073
-0.0039358718273920625
-0.017174166424006012
-0.017104940644569702
-0.005778376726690391
-0.014899600438787167
-0.011931231100338424
-0.019981336848640435
0.005847248712801113
-0.0255580843831193
-0.016376894026595392
-0.0011322585820779435
-0.015463179485632472
-0.02325634197683265
-0.007979450505771826
-0.000400041351185388
-0.0010508145542372001
-0.0252704564307437
-0.008215834880773945
-0.0030067122233324024
-0.0462133101412971
-0.018031422225168788
-0.011748467287006717
0.0012561690281684649
0.0033415639747293533
0.0027870215592696143
-0.015412408381969039
0.009795439745968268
-0.005778376726690391
-0.010547886514334557
-0.007822713754961363
-0.01441626709447681
-0.04795836716261174
-0.004379508036063961
0.0012561690281684649
0.01579715172728065
-0.02042862686584386
-0.020937030079556763
0.007580299610287601
-0.011600129713713188
-0.011074921662677543
0.00013778817023186985
-0.006919024569562514
-0.003630679372950108
0.007449710475069817
-0.016694243497804146
-0.006843409397144159
-0.026371204070066073
0.009555787419632361
-0.012172540668354357
-0.016403458406197217
-0.026371204070066073
6.454433862752896e-05
-0.003511062796395652
-0.008559352623102803
-0.003630679372950108
0.006855876754874504
0.0036171122372955305
-0.024451935294444165
-0.014823069735984223
0.004907632560988281
0.007084559910566087
-0.008559352623102803
-0.008698128416640137
-0.010178454723932319
-5.9844866322194684e-05
-0.016694243497804146
-0.00230122618961625
-0.049022540062624714
-0.007638803950036437
-0.02088119192567389
-0.018031422225168788
-0.008698128416640137
0.005847248712801113
-0.005277431278334613
-0.01602697341544929
0.01160269609988634
-0.02088119192567389
0.01160269609988634
-0.0017126648516675618
-0.01769017178091592
-0.013432403728227526
-0.00926750909063579
-0.005248384052849451
-0.008215834880773945
-0.010753336377864478
-0.01226407908163156
0.011917861934508873
-0.02294164498072912
-0.018415628920938832
-0.0020687327286706037
-0.02005964161830774
0.01160269609988634
-0.017174166424006012
-0.010178454723932319
-0.01061706168322029
0.005593727913690051
-0.003630679372950108
-0.002153046071502791
-0.02005964161830774
-0.03035969904172887
-0.017602409990910974
-0.016376894026595392
-0.002153046071502791
-0.0039358718273920625
-0.01621995109088691
-0.024738096933948937
-0.026785156209954083
-0.005044597572364699
-0.015412408381969039
0.004907632560988281
0.006221732864864721
-0.014509113196714036
0.009795439745968268
-0.039296064542677936
-0.016012679491805275
-0.008939985432239561
-0.0030067122233324024
-0.026716059517321093
-0.006991669740808199
-0.01171518167590636
-0.016743853283076086
0.004491639710627485
-0.00926750909063579
-0.0016312428091387894
-0.002153046071502791
-0.0034590490385579425
-0.015032860676762518
-0.013065771904656735
-0.0008464923341673129
-0.017602409990910974
-0.02960462061028891
-0.02294164498072912
-0.006919024569562514
-0.005248384052849451
-0.023067008576883787
-0.017104940644569702
-0.015412408381969039
-0.009131340628760575
-0.0001477498702710571
-0.024702481804676053
-0.01602697341544929
-0.028106556987251362
-0.011609621780350828
-0.0462133101412971
0.000886916906123457
-0.01890142839410689
-0.0030143978098569023
-0.014993418573935102
0.004491639710627485
-0.013957146203450734
-0.010921952288196144
-0.010050615119085119
-0.03451351828258541
-0.01621995109088691
-0.026716059517321093
-0.018974638708295022
-0.021270901613559746
-0.01441626709447681
-0.006265117772584952
-0.008215834880773945
-0.008559352623102803
0.024168173793810366
-0.016012679491805275
-0.043082674419975556
-0.016743853283076086
-0.008559352623102803
-0.010178454723932319
0.007580299610287601
0.0005426205368017923
-6.23349325288002e-05
-0.004379508036063961
-0.016537384520774138
0.0027234943069578527
-0.011600129713713188
0.007580299610287601
-0.028193884123513195
0.00013778817023186985
-0.013957146203450734
-0.014510303482377567
0.0033415639747293533
-0.00035781766276523133
-0.0028768371543083956
-0.010050615119085119
-0.015032860676762518
-0.026716059517321093
-0.010944461238920018
0.01160269609988634
-0.04306988907892961
-0.004819136811604505
-0.0039358718273920625
-0.0001477498702710571
-0.0034590490385579425
-0.011609621780350828
0.0027870215592696143
-0.013654773183624028
0.01160269609988634
-0.014993418573935102
-0.006750803398162462
0.0027870215592696143
0.0012561690281684649
0.014831494191849232
-0.0010549001592281416
-0.024702481804676053
-0.0008674858572613451
0.007449710475069817
-0.0008674858572613451
-0.015032860676762518
0.005189649868502719
0.0019226381484512248
-0.0008504095927144935
-0.015284950879654357
-0.017646131191206903
-0.0008504095927144935
-0.0021601652160160283
-0.0096097798898207
-0.0008464923341673129
-0.02005964161830774
-0.005277431278334613
-0.013065771904656735
-0.013432403728227526
0.009238494932637285
0.0012561690281684649
-0.017602409990910974
-0.049022540062624714
-0.007638803950036437
0.002788220292955849
-0.012611991466830277
0.02178185841464704
-0.007822713754961363
-0.02005964161830774
0.01579715172728065
-0.02005964161830774
-0.011931231100338424
-0.003256984403750568
-0.006265117772584952
-0.006919024569562514
-0.004733675459224504
-0.018974638708295022
-0.00444208689931413
0.005793394508961326
-0.0001477498702710571
-0.012852622901648616
-0.0008674858572613451
-0.017104940644569702
-0.002153046071502791
-0.013884127608626479
0.004491639710627485
0.0005277294392850765
0.0012561690281684649
-0.015563481187338914
6.454433862752896e-05
-0.000400041351185388
-0.03035969904172887
-0.06028238773815687
-0.005666029790727581
0.024558911018500124
-0.00025407708988919143
-0.006991669740808199
-0.0017126648516675618
-0.007822713754961363
-0.011600129713713188
0.0027870215592696143
0.008999946864602995
-0.0020687327286706037
-0.005277431278334613
-0.015412408381969039
-0.040973445915387756
-0.0014930337913163082
-0.00035781766276523133
0.0012561690281684649
-0.003923769582950531
-0.01560927434759075
-0.018031422225168788
-0.004819136811604505
0.002219699917717049
-0.00444208689931413
-0.008898158092969195
0.004491639710627485
-0.01560927434759075
0.0027870215592696143
-0.01180825307855793
-0.00230122618961625
-0.0016312428091387894
-0.016190703969969657
-0.005277431278334613
0.0027234943069578527
-0.01424352120245301
-0.028506147469435316
0.009795439745968268
-0.003630679372950108
-0.021587485165585913
-0.011588156134643639
-0.0252704564307437
-0.014126332994471986
-0.0034561305576285527
-0.039296064542677936
-0.017602409990910974
-0.000400041351185388
-0.014310530796373589
-0.007822713754961363
-0.0033117787792242056
-0.002153046071502791
-0.012670141207671879
-0.023067008576883787
-0.014510303482377567
-0.013065771904656735
0.005793394508961326
-0.040211951317806395
0.02178185841464704
-0.01180825307855793
-0.016694243497804146
-0.008698128416640137
-0.012172540668354357
-0.0252704564307437
-0.004819136811604505
-0.005044597572364699
-0.007822713754961363
0.010701752433332466
-0.011935804013577838
-0.018415628920938832
0.005593727913690051
-0.009847575688827692
-0.013921891376446664
0.0005277294392850765
-0.016190703969969657
-0.008155958712701136
0.01579715172728065
-0.0008504095927144935
-0.016615464377865465
-0.01424352120245301
-0.010547886514334557
-0.040973445915387756
-0.009310983132546658
-0.015412408381969039
-0.01769017178091592
-0.016537384520774138
0.005847248712801113
0.0032191102752043704
-0.005044597572364699
-0.0039358718273920625
-0.06028238773815687
-0.014126332994471986
-0.0462133101412971
-0.009131340628760575
-0.049022540062624714
-0.004733675459224504
-0.008035559695539388
-0.017275442964602417
-0.01226407908163156
-0.00629483199814066
-0.00025407708988919143
-0.01780977540405992
-0.026371204070066073
-0.005248384052849451
-0.017104940644569702
-0.011748467287006717
-0.005277431278334613
0.0012561690281684649
-0.006991669740808199
-0.01180825307855793
0.0036171122372955305
-0.0014930337913163082
-0.009310983132546658
-0.017275442964602417
-0.01061706168322029
0.004447069903641741
-0.009938500581747441
0.009795439745968268
-0.043082674419975556
0.007580299610287601
-0.0010508145542372001
0.011094095788010518
-0.000400041351185388
0.008999946864602995
-0.018839410119191907
-0.013884127608626479
0.005942582738948663
-0.01780977540405992
-0.024738096933948937
-0.013884127608626479
-0.06028238773815687
-0.016012679491805275
-0.018974638708295022
0.006221732864864721
-0.011609621780350828
-0.003511062796395652
-0.0462133101412971
-0.017646131191206903
0.006472422336135925
-0.016847684868051764
-0.013957146203450734
0.000886916906123457
-0.005277431278334613
-0.008939985432239561
0.010701752433332466
0.009238494932637285
-0.04306988907892961
-0.00926750909063579
-0.03035969904172887
-0.0013566558621263343
6.454433862752896e-05
0.004491639710627485
-0.010921952288196144
-0.006919024569562514
-0.028193884123513195
0.006472422336135925
-0.028506147469435316
-0.008035559695539388
-0.01704580097580887
-0.012670141207671879
-0.006991669740808199
-0.014126332994471986
-0.012611991466830277
-0.018415628920938832
-0.026371204070066073
0.01160269609988634
-0.00035781766276523133
-0.009847575688827692
-0.0039358718273920625
0.015478401476169553
-0.016615464377865465
-0.008698128416640137
-0.00230122618961625
-0.0030067122233324024
-0.0166716335492453
-0.002153046071502791
-0.04795836716261174
-0.005778376726690391
-0.00025407708988919143
-0.017104940644569702
-0.006843409397144159
-0.00926750909063579
-0.011931231100338424
-0.0008464923341673129
-0.00629483199814066
-0.024702481804676053
0.002219699917717049
0.014831494191849232
0.005189649868502719
-0.017104940644569702
0.002788220292955849
-0.023067008576883787
-0.06028238773815687
-0.024451935294444165
0.0012561690281684649
0.002219699917717049
0.014831494191849232
0.0032191102752043704
-0.03451351828258541
0.004907632560988281
-0.028506147469435316
-0.039296064542677936
-0.0008504095927144935
-0.013065771904656735
-0.012172540668354357
0.004907632560988281
-0.02037076447447086
-0.003511062796395652
-0.018789986255035702
-0.01560927434759075
-0.003630679372950108
-0.014899600438787167
-0.016615464377865465
-0.03233863978642866
-0.004819136811604505
0.005847248712801113
0.004491639710627485
0.0033415639747293533
-0.004982001771436314
-0.013921891376446664
-0.02325634197683265
0.004447069903641741
-0.020937030079556763
-0.0030143978098569023
-0.014510303482377567
-0.012670141207671879
-0.008035559695539388
-0.010921952288196144
-0.012852622901648616
0.007084559910566087
-0.017104940644569702
0.01156568755927344
-0.0013566558621263343
-0.00584556152115697
-0.016615464377865465
-0.00584556152115697
-5.9844866322194684e-05
-0.00035781766276523133
-0.014126332994471986
-0.016615464377865465
-0.011609621780350828
-0.015463179485632472
-5.9844866322194684e-05
0.024558911018500124
-0.004379508036063961
-0.0008674858572613451
-0.006919024569562514
-0.03451351828258541
-0.016376894026595392
0.014831494191849232
-0.0096097798898207
-0.016847684868051764
-0.006750803398162462
-0.03684926143857448
-0.014509113196714036
-0.015412408381969039
-0.010753336377864478
-0.0030143978098569023
-0.005277431278334613
-0.0008464923341673129
0.0012561690281684649
-0.024652946573487086
-0.04795836716261174
-0.013654773183624028
-0.010547886514334557
0.0032191102752043704
-0.0016312428091387894
-0.003551203579826333
0.01160269609988634
0.005593727913690051
-0.024738096933948937
-0.015032860676762518
-0.024738096933948937
-0.005277431278334613
0.007084559910566087
-0.005666029790727581
0.015478401476169553
0.007580299610287601
0.03751383250139788
-0.0030143978098569023
0.003846883542524781
-0.03451351828258541
-0.009131340628760575
-0.023067008576883787
-0.013432403728227526
-0.0010508145542372001
-0.014510303482377567
0.008999946864602995
-0.015032860676762518
0.015478401476169553
-0.016694243497804146
-0.006843409397144159
-0.010921952288196144
0.005793394508961326
-0.014509113196714036
-0.0462133101412971
-0.00230122618961625
0.006221732864864721
-0.010547886514334557
-0.016615464377865465
-0.0034561305576285527
-0.016615464377865465
-0.016847684868051764
0.011094095788010518
-0.043082674419975556
-0.003551203579826333
6.454433862752896e-05
-0.02042862686584386
-0.011748467287006717
-0.010178454723932319
-0.049022540062624714
-0.016743853283076086
-0.0011878494223351802
-0.015284950879654357
0.006472422336135925
-0.017174166424006012
-0.0011322585820779435
-0.01621995109088691
0.015478401476169553
0.005072180251685773
-0.023067008576883787
-0.024738096933948937
0.005847248712801113
0.007084559910566087
-0.013654773183624028
-0.003630679372950108
-0.009938500581747441
0.006472422336135925
-0.012852622901648616
-0.016743853283076086
-0.014823069735984223
-0.012852622901648616
-0.010547886514334557
-0.0013566558621263343
-0.008939985432239561
-0.02005964161830774
-0.016615464377865465
-0.015463179485632472
-0.003551203579826333
-0.016615464377865465
-0.015412408381969039
-0.016376894026595392
-0.0028768371543083956
-0.011748467287006717
-0.0252704564307437
-0.0010549001592281416
-0.016847684868051764
-0.014993418573935102
-0.014993418573935102
0.0005426205368017923
-0.01180825307855793
-0.013884127608626479
-0.01441626709447681
0.03751383250139788
-0.009938500581747441
-0.01560927434759075
-0.01890142839410689
-0.006750803398162462
-0.009131340628760575
-0.019981336848640435
-0.0014930337913163082
-0.0020687327286706037
-0.000400041351185388
-0.026430308266816322
0.02178185841464704
-0.01560927434759075
-0.013654773183624028
-0.0096097798898207
0.0027870215592696143
-0.007979450505771826
-0.024702481804676053
-0.0001477498702710571
-0.016190703969969657
-0.00361615105444341
-0.02325634197683265
-0.018974638708295022
0.007580299610287601
-0.016190703969969657
-0.0020687327286706037
-0.011748467287006717
-0.010050615119085119
-0.00025407708988919143
-0.01226407908163156
-0.01621995109088691
-0.006843409397144159
-0.014510303482377567
-0.0014930337913163082
-0.013654773183624028
-0.015563481187338914
-0.016743853283076086
-0.005044597572364699
-0.011249618292501883
0.006472422336135925
-0.011074921662677543
-0.014823069735984223
0.006472422336135925
-0.008898158092969195
-0.004733675459224504
-0.010178454723932319
-0.010547886514334557
-0.016694243497804146
-0.026716059517321093
-0.005044597572364699
0.007084559910566087
-0.01702248245814252
-0.007638803950036437
-0.011935804013577838
-0.01702248245814252
-0.013654773183624028
-0.00926750909063579
-0.020484023971107507
-0.014899600438787167
-0.005277431278334613
0.024558911018500124
-0.018415628920938832
-0.01621995109088691
-0.012172540668354357
-0.016743853283076086
