-0.018232536250265968
-0.008122954719497815
-0.004385635964088589
-0.00043671275139788517
0.008412786137750225
0.0025196772543305533
-0.021102757205766123
-0.011180831351194204
-0.02886473053646541
0.013337930275301514
-0.0015361683611502324
0.0032584291167092796
-0.007215711094369953
-0.011180831351194204
0.013337930275301514
0.0026203151995800424
0.002156935882481485
0.006710270428197699
-0.0009271830282702935
0.008412786137750225
-0.044618107459856934
-0.0017205695537060315
-0.0164647031923981
-0.013781134490165856
0.008555302606956309
-0.005234932016831832
-0.010739578003238982
-0.010739578003238982
-0.015893472572346426
-0.008558797714675435
0.008412786137750225
-0.020047454894172596
-0.008558797714675435
-0.04592839700495706
-0.033724851867265156
-0.0037884282973558734
-0.013980241319526215
-0.006515395492990553
-0.006515395492990553
-0.0023729538990576904
0.0012806047249474086
0.0004139960423683269
-0.023924106657126173
-0.0164647031923981
-0.0015788367240149063
-0.012559689567059483
-0.00911795611016538
-0.04592839700495706
-0.009252037628257095
-0.0022674884670121744
-0.001763886286648508
-0.0148451154159034
-0.007199950826361436
-0.017648151849457446
-0.017840564035041334
0.0029711245310124453
-0.013781134490165856
-0.0211099117062653
-0.006515395492990553
-0.015893472572346426
0.008555302606956309
-0.0023729538990576904
-0.0015361683611502324
-0.0055723685286253165
-0.019236815193730935
-0.0062683688574584505
-0.0417487383738235
-0.018232536250265968
-0.020047454894172596
0.013199609233750997
-0.011516825719547926
-0.006524130000119877
-0.014907569289661315
-0.044618107459856934
-0.0068788545869976955
-0.00047964681008836387
-0.008122954719497815
0.003325441068164161
0.0034785252863043102
-0.007338922277304155
0.0021537516381912687
-0.018237473252987774
-0.02338153810973019
-0.01522406451734152
0.008706188331923033
-0.021102757205766123
0.0034785252863043102
-0.005855787961662675
0.013199609233750997
-0.014101077166231263
-0.00911795611016538
-0.0028520626619701027
-0.020047454894172596
-0.01522406451734152
-0.00234308883750198
-0.033724851867265156
-0.010590378982464574
-0.020047454894172596
-0.0068788545869976955
-0.0205002037165909
-0.0055723685286253165
-0.014101077166231263
0.0004861610214948598
0.00865745011953831
-0.013781134490165856
-0.044618107459856934
0.0062135729763561865
0.005856443032448448
-0.007893660134617515
0.0032584291167092796
-0.021102757205766123
-0.01657132021582286
-0.005569062105284539
-0.010590378982464574
0.020631523343332497
0.0029711245310124453
-0.017294420972222568
-0.011774381366024983
-0.007158930923703343
-0.008558797714675435
-0.006515395492990553
0.0004139960423683269
-0.00901840689279515
-0.00911795611016538
-0.0017205695537060315
0.006710270428197699
-0.014543878506776985
-0.008065032717988467
0.0021210166276884206
-0.017294420972222568
-0.025729612927127592
-0.02338153810973019
-0.011637596175445554
-0.009182855329162855
-0.0028520626619701027
0.0053930448971954165
-0.0009271830282702935
-0.00901840689279515
-0.018237473252987774
-0.0009271830282702935
-0.004385635964088589
-0.00940364116829281
0.005856443032448448
-0.022643686802286105
-0.004983801861382677
-0.012204749690995057
-0.005569062105284539
-0.0055723685286253165
-0.012806239730718854
-0.0007392932508217215
0.004082472152899911
0.0021785466114616794
0.002156935882481485
-0.0055723685286253165
0.023788754413402405
-0.008122954719497815
-0.01041627296225299
0.020631523343332497
-0.0055723685286253165
-0.02886473053646541
-0.04592839700495706
-0.009182855329162855
-0.0018591226194276905
-0.0164647031923981
-0.007893660134617515
-0.012993412308460734
0.0053930448971954165
0.0029711245310124453
-0.015083106371792944
-0.005855787961662675
-0.022651317781523166
0.023788754413402405
-0.00039161859245116857
0.0021210166276884206
-0.008065032717988467
-0.004385635964088589
-0.025729612927127592
-0.007199950826361436
-0.010590378982464574
-0.008558797714675435
0.0029711245310124453
0.020631523343332497
-0.00234308883750198
0.0021210166276884206
-0.015083106371792944
-0.017294420972222568
-0.020799754557502697
-0.0023729538990576904
-0.011774381366024983
-0.044618107459856934
-0.005234932016831832
-0.004385635964088589
-0.007199950826361436
-0.007215711094369953
-0.02333829292634864
0.009077536890663897
-0.007893660134617515
0.013199609233750997
-0.034987329137106574
-0.01619038440357612
-0.025729612927127592
-0.04592839700495706
0.008412786137750225
-0.00234308883750198
-0.020799754557502697
-0.00940364116829281
0.003325441068164161
-0.02299423593975544
-0.00039161859245116857
-0.013980241319526215
0.013337930275301514
0.011678467881126555
0.0012806047249474086
-0.021102757205766123
-0.01522406451734152
-0.013980241319526215
-0.0048563989461026455
-0.007158930923703343
0.013280900734441086
-0.022651317781523166
-0.0028520626619701027
-0.007199950826361436
-0.009252037628257095
-0.0211099117062653
-0.007150422633985081
-0.021102757205766123
0.002156935882481485
-0.004385635964088589
-0.00043671275139788517
-0.007199950826361436
-0.033724851867265156
-0.014543878506776985
-0.005234932016831832
0.011678467881126555
-0.027395523592944285
-0.023924106657126173
-0.019236815193730935
-0.017294420972222568
0.0021537516381912687
-0.007530207371577259
-0.0015361683611502324
-0.00039161859245116857
-0.008122954719497815
-0.009392029379206327
-0.015083106371792944
-0.0211099117062653
0.003325441068164161
-0.007215711094369953
-0.022847108443496345
-0.012993412308460734
-0.019529543675930534
-0.010590378982464574
-0.01041627296225299
-0.007893660134617515
-0.005855787961662675
-0.004126368072519922
0.009077536890663897
-0.0037884282973558734
-0.012559689567059483
-0.006515395492990553
-0.009320294805409907
0.004082472152899911
-0.021152936256111275
-0.02338153810973019
-0.008065032717988467
-0.007150422633985081
-0.011774381366024983
0.013280900734441086
-0.0211099117062653
-0.005855787961662675
0.00865745011953831
-0.011180831351194204
-0.010739578003238982
-0.0009271830282702935
-0.011180831351194204
-0.009182855329162855
0.0032584291167092796
0.0026203151995800424
-0.009252037628257095
-0.007150422633985081
-0.02738476331128868
0.002156935882481485
-0.008558797714675435
0.005856443032448448
-0.0037884282973558734
-0.00023251917309669013
-0.0062683688574584505
-0.023510875253750355
-0.007673761597506572
-0.01041627296225299
0.00505411928813454
-0.00940364116829281
-0.00047964681008836387
0.0033756499605875623
-0.01522406451734152
0.013280900734441086
-0.012204749690995057
-0.004983801861382677
-0.019529543675930534
-0.0016302496862154547
-0.014672815204544823
-0.001714213743481341
-0.011774381366024983
-0.012559689567059483
-0.012993412308460734
-0.008122954719497815
-0.013980241319526215
-0.011774381366024983
0.0032584291167092796
-0.008295727507247695
-0.012993412308460734
-0.011180831351194204
-0.02886473053646541
-0.0023729538990576904
0.0034785252863043102
-0.02338153810973019
0.02965070482901803
-0.007158930923703343
-0.027353215368159236
0.0032584291167092796
-0.021152936256111275
-0.00039161859245116857
-0.009182855329162855
-0.0055723685286253165
-0.02886473053646541
0.0004139960423683269
0.013280900734441086
-0.009182855329162855
0.00505411928813454
-0.023510875253750355
-0.0164647031923981
-0.040462979972546914
-0.0417487383738235
-0.002036079437771926
-0.0029853220283495925
0.0008388306650034402
-0.033724851867265156
-0.008065032717988467
-0.004983801861382677
-0.011516825719547926
-0.007338922277304155
-0.011180831351194204
-0.014543878506776985
-0.003492976468200051
-0.00023251917309669013
-0.02299423593975544
-0.007530207371577259
-0.005234932016831832
-0.0017205695537060315
-0.0023729538990576904
-0.017840564035041334
-0.005569062105284539
-0.00795789273430304
-0.012559689567059483
-0.02333829292634864
-0.006515395492990553
-0.01041627296225299
-0.009252037628257095
-0.044618107459856934
-0.008122954719497815
-0.025729612927127592
-0.0048563989461026455
-0.00911795611016538
-0.001763886286648508
-0.00023251917309669013
-0.021102757205766123
-0.0062683688574584505
-0.0028520626619701027
-0.00234308883750198
0.020631523343332497
-0.0211099117062653
-0.010590378982464574
-0.009320294805409907
-0.044618107459856934
0.008412786137750225
-0.0211099117062653
-0.015083106371792944
-0.01041627296225299
-0.002534931476914697
-0.012993412308460734
0.008706188331923033
-0.014672815204544823
0.013199609233750997
-0.0015361683611502324
0.0032584291167092796
-0.022651317781523166
0.008706188331923033
-0.006515395492990553
-0.007215711094369953
-0.008065032717988467
-0.021102757205766123
0.008555302606956309
0.0021537516381912687
-0.008989372503351613
-0.025729612927127592
-0.0055723685286253165
-0.0037884282973558734
-0.0062683688574584505
-0.0016302496862154547
-0.012806239730718854
0.00505411928813454
0.0021210166276884206
-0.02338153810973019
-0.0009271830282702935
-0.019236815193730935
0.00505411928813454
-0.01619038440357612
-0.004385635964088589
-0.017648151849457446
-0.019236815193730935
-0.0018591226194276905
-0.01041627296225299
-0.01522406451734152
0.0012806047249474086
-0.0211099117062653
-0.011637596175445554
-0.00795789273430304
0.013280900734441086
-0.034987329137106574
-0.01522406451734152
0.020631523343332497
0.0004139960423683269
-0.004126368072519922
-0.014672815204544823
0.00865745011953831
-0.011180831351194204
-0.022643686802286105
-0.01041627296225299
-0.0016302496862154547
-0.008558797714675435
-0.0017205695537060315
-0.02299423593975544
0.02965070482901803
-0.0148451154159034
-0.0015788367240149063
-0.005855787961662675
-0.0211099117062653
-0.022847108443496345
-0.044618107459856934
-0.017840564035041334
-0.012559689567059483
-0.004983801861382677
-0.012806239730718854
-0.011180831351194204
0.009077536890663897
-0.0016302496862154547
0.023788754413402405
-0.023510875253750355
-0.014101077166231263
0.001668503579166937
-0.011774381366024983
-0.034987329137106574
-0.00940364116829281
-0.018232536250265968
0.020631523343332497
-0.006515395492990553
-0.00234308883750198
-0.00047964681008836387
-0.0018591226194276905
-0.02338153810973019
-0.0417487383738235
-0.017547232926287123
-0.0023729538990576904
-0.013781134490165856
0.00505411928813454
-0.001763886286648508
-0.009392029379206327
-0.033724851867265156
-0.019529543675930534
-0.006524130000119877
-0.011516825719547926
-0.005855787961662675
-0.033724851867265156
0.01580129929782321
-0.007158930923703343
-0.009392029379206327
0.0021210166276884206
-0.00234308883750198
-0.0028520626619701027
-0.009252037628257095
-0.001763886286648508
0.013337930275301514
-0.013980241319526215
-0.025729612927127592
0.013337930275301514
-0.02886473053646541
-0.044618107459856934
-0.008989372503351613
-0.0037884282973558734
-0.0017205695537060315
-0.008989372503351613
-0.009392029379206327
-0.019529543675930534
-0.017648151849457446
-0.007530207371577259
0.00865745011953831
-0.012806239730718854
0.009077536890663897
-0.011516825719547926
0.006710270428197699
0.0026203151995800424
-0.007199950826361436
0.013280900734441086
0.002156935882481485
0.0025196772543305533
-0.0029853220283495925
-0.017840564035041334
-0.020047454894172596
-0.022651317781523166
0.0012806047249474086
-0.0015361683611502324
0.001668503579166937
-0.014672815204544823
-0.006524130000119877
0.0004861610214948598
-0.0009271830282702935
-0.033224179044440125
0.0012806047249474086
-0.018232536250265968
-0.00234308883750198
-0.0148451154159034
-0.004126368072519922
0.013199609233750997
0.0021210166276884206
-0.013781134490165856
-0.0015788367240149063
-0.023924106657126173
-0.02338153810973019
0.013199609233750997
0.0021537516381912687
0.0032584291167092796
-0.027395523592944285
-0.02299423593975544
0.00505411928813454
-0.034987329137106574
-0.020047454894172596
0.0026203151995800424
0.01580129929782321
0.023788754413402405
-0.034987329137106574
0.023788754413402405
-0.008558797714675435
-0.013980241319526215
-0.0017205695537060315
-0.011180831351194204
-0.027353215368159236
-0.011637596175445554
-0.001714213743481341
0.0021785466114616794
-0.02738476331128868
-0.002534931476914697
0.023788754413402405
0.009077536890663897
-0.027395523592944285
-0.004983801861382677
-0.00795789273430304
0.013199609233750997
0.0034785252863043102
-0.002534931476914697
-0.024121627607979843
-0.007150422633985081
0.0034785252863043102
-0.012806239730718854
-0.007338922277304155
-0.0018591226194276905
0.001668503579166937
-0.005234932016831832
-0.025729612927127592
-0.014672815204544823
-0.019236815193730935
-0.001763886286648508
-0.017840564035041334
-0.00023251917309669013
-0.00911795611016538
-0.0037884282973558734
-0.011180831351194204
0.0034785252863043102
-0.017648151849457446
0.008412786137750225
-0.017294420972222568
-0.007150422633985081
-0.01619038440357612
-0.004126368072519922
-0.027353215368159236
-0.008122954719497815
-0.011516825719547926
0.001668503579166937
-0.0062683688574584505
-0.012559689567059483
-0.01657132021582286
0.01580129929782321
0.020631523343332497
-0.007673761597506572
0.011678467881126555
0.008555302606956309
0.0062135729763561865
0.013337930275301514
-0.00023251917309669013
-0.0009271830282702935
-0.012993412308460734
-0.007215711094369953
0.00865745011953831
-0.0037884282973558734
-0.027395523592944285
-0.033224179044440125
-0.003492976468200051
-0.01522406451734152
-0.00234308883750198
-0.008989372503351613
0.008555302606956309
-0.010739578003238982
0.0062135729763561865
-0.017648151849457446
-0.00023251917309669013
0.023788754413402405
-0.006515395492990553
-0.012806239730718854
-0.012559689567059483
-0.0015361683611502324
-0.017547232926287123
0.023788754413402405
0.011678467881126555
-0.0015361683611502324
0.0012806047249474086
0.0004139960423683269
-0.0022674884670121744
-0.01657132021582286
-0.0417487383738235
0.0021210166276884206
-0.0417487383738235
-0.017648151849457446
-0.0007392932508217215
-0.033724851867265156
0.003325441068164161
-0.0048563989461026455
-0.033724851867265156
-0.011774381366024983
-0.017294420972222568
-0.002534931476914697
0.008412786137750225
-0.0017205695537060315
0.0012806047249474086
-0.007150422633985081
-0.010590378982464574
-0.0164647031923981
0.0004861610214948598
-0.002534931476914697
-0.018232536250265968
-0.002534931476914697
-0.009252037628257095
-0.012993412308460734
-0.004126368072519922
-0.009182855329162855
-0.019529543675930534
-0.012559689567059483
-0.0417487383738235
-0.011516825719547926
0.0034785252863043102
0.0053930448971954165
0.0012806047249474086
-0.014907569289661315
-0.024121627607979843
0.02965070482901803
0.008706188331923033
-0.018237473252987774
-0.022643686802286105
-0.008558797714675435
0.0004861610214948598
-0.00234308883750198
-0.0015361683611502324
-0.005855787961662675
-0.02738476331128868
0.001668503579166937
-0.010739578003238982
0.0012806047249474086
-0.021102757205766123
-0.01041627296225299
-0.020047454894172596
0.0033756499605875623
-0.019529543675930534
-0.01041627296225299
-0.0015361683611502324
0.00505411928813454
-0.007158930923703343
-0.01522406451734152
-0.014672815204544823
0.013199609233750997
-0.00940364116829281
-0.004385635964088589
-0.0029853220283495925
-0.0028520626619701027
-0.019236815193730935
-0.007150422633985081
0.0008388306650034402
0.0004861610214948598
0.0034785252863043102
-0.022847108443496345
-0.008122954719497815
0.008412786137750225
-0.0164647031923981
-0.0015788367240149063
-0.0029853220283495925
-0.0018591226194276905
0.0004861610214948598
-0.0068788545869976955
-0.0211099117062653
0.0021785466114616794
-0.00795789273430304
-0.023510875253750355
-0.014101077166231263
-0.007158930923703343
-0.018232536250265968
-0.033724851867265156
0.0029711245310124453
-0.006524130000119877
-0.014543878506776985
0.001668503579166937
-0.013980241319526215
-0.003492976468200051
0.0026203151995800424
-0.0018591226194276905
-0.012806239730718854
0.02965070482901803
-0.0028520626619701027
-0.0062683688574584505
-0.009182855329162855
-0.007530207371577259
-0.00901840689279515
-0.011637596175445554
-0.040462979972546914
-0.022643686802286105
-0.027353215368159236
-0.011516825719547926
-0.022651317781523166
0.0012806047249474086
-0.014543878506776985
-0.00901840689279515
-0.004983801861382677
-0.044618107459856934
-0.021152936256111275
-0.014672815204544823
0.00865745011953831
-0.002036079437771926
-0.005855787961662675
0.0053930448971954165
0.0053930448971954165
0.02965070482901803
-0.005234932016831832
-0.02338153810973019
-0.0048563989461026455
0.004082472152899911
0.008555302606956309
-0.001763886286648508
-0.0068788545869976955
-0.006515395492990553
-0.011180831351194204
-0.024121627607979843
-0.015083106371792944
-0.004126368072519922
-0.008989372503351613
-0.007530207371577259
-0.007893660134617515
-0.022847108443496345
-0.0028520626619701027
-0.010590378982464574
0.0021785466114616794
0.023788754413402405
-0.010739578003238982
-0.023510875253750355
-0.012806239730718854
-0.012204749690995057
0.0029711245310124453
0.00505411928813454
-0.017840564035041334
-0.0016302496862154547
0.0034785252863043102
-0.022643686802286105
-0.011516825719547926
-0.013781134490165856
-0.011180831351194204
-0.017294420972222568
-0.040462979972546914
-0.01657132021582286
0.0033756499605875623
0.0004139960423683269
-0.011516825719547926
-0.008122954719497815
0.02965070482901803
0.0012806047249474086
0.0033756499605875623
0.0004139960423683269
0.013337930275301514
-0.019236815193730935
-0.033724851867265156
0.008412786137750225
-0.0015788367240149063
-0.008065032717988467
-0.02338153810973019
-0.0205002037165909
-0.01041627296225299
0.013199609233750997
0.006710270428197699
0.0029711245310124453
-0.00047964681008836387
0.0026203151995800424
-0.014101077166231263
0.0025196772543305533
-0.044618107459856934
-0.007673761597506572
-0.022847108443496345
-0.007530207371577259
-0.011516825719547926
-0.015083106371792944
0.0029711245310124453
-0.02299423593975544
-0.010739578003238982
-0.0028520626619701027
0.0029711245310124453
0.002156935882481485
-0.02299423593975544
-0.018237473252987774
-0.033224179044440125
-0.0417487383738235
-0.004126368072519922
0.013337930275301514
0.0004139960423683269
-0.011774381366024983
0.004082472152899911
-0.025729612927127592
0.001668503579166937
-0.007673761597506572
-0.017294420972222568
0.0012806047249474086
-0.0055723685286253165
-0.017547232926287123
-0.006524130000119877
-0.00043671275139788517
0.023788754413402405
-0.00795789273430304
-0.017648151849457446
0.008706188331923033
-0.012204749690995057
-0.007673761597506572
-0.008295727507247695
0.013337930275301514
-0.0062683688574584505
-0.008122954719497815
-0.0017205695537060315
-0.005855787961662675
-0.017648151849457446
-0.012204749690995057
-0.013781134490165856
-0.025729612927127592
0.00505411928813454
-0.005234932016831832
-0.006524130000119877
0.0029711245310124453
0.0029711245310124453
0.004082472152899911
-0.002036079437771926
0.00865745011953831
-0.00043671275139788517
-0.022651317781523166
-0.027395523592944285
-0.0037884282973558734
0.003325441068164161
0.009077536890663897
0.013280900734441086
-0.012204749690995057
-0.008122954719497815
0.0026203151995800424
-0.017547232926287123
0.013199609233750997
-0.021152936256111275
-0.0037884282973558734
0.0032584291167092796
-0.006524130000119877
-0.015083106371792944
-0.001763886286648508
-0.002534931476914697
0.0029711245310124453
0.002156935882481485
-0.00043671275139788517
0.0029711245310124453
0.001668503579166937
-0.022651317781523166
-0.0029853220283495925
-0.0022674884670121744
0.004082472152899911
0.011678467881126555
0.011678467881126555
0.0053930448971954165
-0.0009271830282702935
-0.021152936256111275
-0.01041627296225299
-0.0062683688574584505
-0.02738476331128868
-0.04592839700495706
-0.0164647031923981
-0.01041627296225299
-0.017547232926287123
-0.011774381366024983
-0.0015361683611502324
-0.01657132021582286
-0.012559689567059483
-0.007158930923703343
-0.02886473053646541
0.0025196772543305533
-0.007158930923703343
-0.02738476331128868
-0.022651317781523166
0.0062135729763561865
-0.022643686802286105
-0.011637596175445554
-0.013781134490165856
-0.017547232926287123
-0.014907569289661315
-0.0037884282973558734
-0.0018591226194276905
-0.020799754557502697
-0.0148451154159034
0.0032584291167092796
-0.009182855329162855
-0.027395523592944285
-0.006524130000119877
-0.00023251917309669013
-0.0018591226194276905
-0.00039161859245116857
-0.0211099117062653
-0.00039161859245116857
-0.017547232926287123
-0.011180831351194204
0.006710270428197699
-0.018237473252987774
0.0021785466114616794
-0.0015788367240149063
-0.0037884282973558734
-0.007338922277304155
-0.011180831351194204
-0.0148451154159034
-0.007893660134617515
-0.023924106657126173
-0.00023251917309669013
-0.02738476331128868
-0.008989372503351613
-0.0164647031923981
-0.014672815204544823
-0.013980241319526215
-0.008122954719497815
-0.020047454894172596
-0.00039161859245116857
0.008555302606956309
-0.007893660134617515
-0.00043671275139788517
0.0034785252863043102
-0.020047454894172596
-0.00234308883750198
-0.0062683688574584505
-0.023924106657126173
-0.025729612927127592
-0.007530207371577259
-0.02338153810973019
-0.005234932016831832
-0.017648151849457446
0.00865745011953831
-0.002036079437771926
0.00505411928813454
0.009077536890663897
-0.022847108443496345
0.0025196772543305533
-0.02338153810973019
-0.014907569289661315
-0.023924106657126173
-0.01657132021582286
-0.022847108443496345
0.013199609233750997
0.009077536890663897
-0.005234932016831832
-0.0015788367240149063
0.001668503579166937
-0.011516825719547926
-0.008989372503351613
-0.008558797714675435
0.0026203151995800424
-0.017840564035041334
0.023788754413402405
-0.024121627607979843
-0.017840564035041334
-0.020799754557502697
-0.011774381366024983
-0.006524130000119877
-0.005569062105284539
-0.018237473252987774
-0.040462979972546914
0.0008388306650034402
-0.005234932016831832
-0.020047454894172596
-0.0048563989461026455
-0.015083106371792944
-0.0029853220283495925
