0.012914315849079455
-0.008288513014511905
-0.0034777560454934673
-0.021171998613929908
-0.029490261775553646
0.016359723781520927
-0.02123032773611851
-0.03022802189212888
-0.021171998613929908
0.0014893727238536377
-0.002339560957943329
-0.002265559672017157
0.0047627674711038384
-0.012337568856022465
-0.023274367283997885
-0.057913967808725916
-0.025954235478873242
-0.005596607968763683
-0.03768885858795613
-0.014557791602468007
-0.008814937812077917
-0.002623868620595311
-0.007859596868775642
-0.015992453434547905
-0.003942965688976131
-0.011127473813822836
-0.00042956745903269207
-0.002694796791460298
-0.030566293005125977
0.005284159409314433
-0.0030193738592703013
-0.0142119059075549
-0.008133948939428903
-0.006565314359598081
-0.002265559672017157
-0.01670468716800968
0.0020931308349006216
-0.003276656454511814
-0.030262298659016213
0.005137678791852111
-0.032095465125075814
0.011836048680876296
0.0027171026030641085
0.0007079605951576804
0.015548864085831162
-0.06423928820179688
-0.021556328838653622
0.009635891659537937
0.002868867201329327
-0.02983498371562429
-0.008494468816221118
-0.01765913295129279
0.009355223398529426
-0.030566293005125977
-0.0034777560454934673
-0.03714181709331833
-0.007859596868775642
0.0003902680058343757
-0.012918625488187814
-0.014742714329470203
-0.017519060145599775
-0.012971607719662005
0.0026558739663449524
-0.002623868620595311
-0.015605396846686232
-0.008288513014511905
-0.0321815368118077
-0.04745764768210036
-0.027192316145827282
0.002868867201329327
-0.008157332717217271
-0.01327568376663975
-0.007681824380629695
-0.004609266983693345
0.02649151530494876
0.01233897039394179
-0.005508523183527563
0.0341555920295596
-0.0004675399502204143
-0.022451926697939474
0.009355223398529426
-0.01993763644483284
-0.023979073250179773
-0.009655836254907691
-0.0214729840918066
-0.0029458557972327887
0.0341555920295596
-0.021556328838653622
-0.0017192744062298011
-0.01890889447024786
-0.02896904896374934
-0.030262298659016213
-0.019812549375313467
-0.015992453434547905
-0.01950046437673263
-0.02896904896374934
0.004946493470105651
-0.022146557580189682
-0.009655836254907691
-0.07199304011577222
0.009635891659537937
-0.022847981534771127
0.016359723781520927
-0.008494468816221118
0.015689560656497573
-0.01327568376663975
0.007906564043735855
0.016359723781520927
0.02788957232347749
0.011836048680876296
-0.004786872551689011
-0.023274367283997885
-0.013234778291360624
-0.016943282768034
-0.01814221635863178
0.02649151530494876
-0.028013174851184208
-0.008810855995076047
0.007330246214034671
-0.02123032773611851
-0.025798741931813387
-0.0046247959522025504
-0.009601326305098008
-0.009377224506359227
-0.003942965688976131
-0.021556328838653622
0.0010262604848898646
-0.01089020475397422
-0.008494468816221118
-0.0055614530116692845
-0.038500018678206065
-0.02717230492652673
-0.008810855995076047
-0.016829441637012048
0.01233897039394179
-0.030262298659016213
-0.028745650186839333
-0.016829441637012048
0.022837452900375314
-0.0004838741446943803
0.02788957232347749
-0.007610394644001514
-0.02550634317813697
-0.011167294879361868
-0.0030709797884063083
-0.004665036572825608
-0.0075605355043779215
0.00756373692451353
0.0036428903305319835
-0.002339560957943329
-0.027200150713435633
-0.008157332717217271
-0.03505926270462032
-0.01089020475397422
-0.034408211379055
0.00019215699961173924
-0.004786872551689011
-0.057913967808725916
0.015689560656497573
-0.005531509289946604
-0.0033408027789846545
0.005284159409314433
0.0004086739564217879
-0.04488825100847571
-0.01816352158370513
-0.005508523183527563
-0.009570983039875592
-0.008810855995076047
-0.030262298659016213
-0.0004675399502204143
0.002684101913601286
-0.012971607719662005
0.006171312435690016
-0.0237718574355727
-0.01734148866030705
-0.0010653972883279178
-0.0039806144445456325
0.0341555920295596
-0.06705432496420143
-0.00518701742212076
-0.025954235478873242
0.004250990807990874
-0.016914269802771043
-0.016914269802771043
-0.009570983039875592
-0.008810855995076047
-0.008810855995076047
0.0012232677795084783
-0.03768885858795613
-0.010733052054925066
-0.02550634317813697
-0.006966719411993964
-0.006966719411993964
-0.004464445987296698
0.00019215699961173924
0.004250990807990874
-0.021171998613929908
-0.00785221730701271
-0.0034777560454934673
-0.0015258297198809559
-0.002623868620595311
-0.002694796791460298
-0.021171998613929908
0.0036428903305319835
0.009353980211371233
0.010439868034408682
-0.03820903361621394
-0.007295942573554522
-0.009601326305098008
0.0015847499310670098
-0.014509400205494242
-0.0010653972883279178
-0.005531509289946604
0.0036428903305319835
-0.012173987497213812
0.0341555920295596
0.0341555920295596
-0.04045563397240186
-0.009570983039875592
0.0027171026030641085
-0.01089020475397422
0.0132539692839897
-0.0036116773659061923
-0.050088470726283835
0.014675785821057113
0.0036428903305319835
-0.009655836254907691
-0.028013174851184208
-0.03186829122010105
-0.01890889447024786
-0.0006879184842314767
-0.016943282768034
-0.012173987497213812
-0.040530644451313456
0.003759895789519141
-0.008862309606415488
0.014028735350595602
0.015425834502744795
-0.009394572639383435
-0.04831617098432043
0.0026495472918924147
-0.00039544502690721123
0.004305934817433285
-0.0029458557972327887
-0.04488825100847571
-0.0034777560454934673
-0.002694796791460298
-0.017519060145599775
-0.022788208280920194
-0.02870963201352354
0.004305934817433285
-0.01908837314564361
0.0055831037783535065
-0.017338611055261143
-0.03505926270462032
-0.016789515056741932
-0.020895834858235825
0.0026495472918924147
-0.0030709797884063083
-0.021556328838653622
0.02649151530494876
-0.0033408027789846545
-0.012971607719662005
-0.008133948939428903
-0.02345398410705238
0.0014893727238536377
-0.008157332717217271
0.0010262604848898646
-0.06705432496420143
-0.02870963201352354
-0.033380347055677356
-0.009601326305098008
0.02649151530494876
0.0005232986181907277
-0.009394572639383435
0.0026495472918924147
-0.022847981534771127
-0.003942965688976131
-0.025954235478873242
-0.06705432496420143
-0.014509400205494242
-0.02717230492652673
-0.016943282768034
-0.008494468816221118
-0.0029458557972327887
-0.036510967274076725
0.007330246214034671
-0.019812549375313467
-0.0036116773659061923
-0.019812549375313467
-0.007610394644001514
-0.009570983039875592
-0.010022840413078994
-0.03186829122010105
-0.005067926870296466
-0.017419826575424922
-0.03468444894740842
-0.038500018678206065
-0.03768885858795613
-0.01327568376663975
-0.0028669575598008726
-0.0142119059075549
-0.026467824634747623
0.0132539692839897
-0.03776016004516885
-0.04456853861775583
-0.04745764768210036
0.0047627674711038384
-0.026467824634747623
-0.013049098292015527
-0.0317819318679185
0.00019215699961173924
-0.005508523183527563
-0.005596607968763683
0.006171312435690016
0.015548864085831162
-0.005531509289946604
-0.016943282768034
-0.03820903361621394
0.009571540109054302
-0.005508523183527563
0.0015847499310670098
0.0007193298331552486
0.003759895789519141
-0.005531509289946604
-0.013234778291360624
-0.0019008922868604136
-0.004609266983693345
-0.04778612937302252
-0.0007414357872596575
-0.009585228910254269
-0.018647708474006108
-0.017338611055261143
0.009571540109054302
-0.003276656454511814
-0.031109268893253675
0.003866491797594466
-0.05301541046176917
-0.007681824380629695
0.002684101913601286
-0.01670468716800968
-0.025954235478873242
-0.006966719411993964
-0.0036116773659061923
-0.0030193738592703013
0.002754436109362261
-0.022451926697939474
-0.06145532380890629
-0.007681824380629695
-0.03022802189212888
0.003443251969720955
-0.003276656454511814
-0.0004675399502204143
-0.012971607719662005
-0.06423928820179688
-0.010733052054925066
-0.016789515056741932
-0.0075605355043779215
-0.031109268893253675
-0.015605396846686232
-0.008133948939428903
-0.061900488524736764
-0.028013174851184208
-0.021100177251841323
-0.03022802189212888
-0.010733052054925066
-0.022847981534771127
-0.03468444894740842
-0.04831617098432043
-0.06272936399222352
-0.01993763644483284
0.00019215699961173924
0.0020931308349006216
0.007330246214034671
-0.01950046437673263
-0.009585228910254269
-0.02480020669794258
-0.00518701742212076
0.009355223398529426
-0.0039806144445456325
-0.008056612679326905
-0.0052546869977599065
0.003866491797594466
-0.016810432767966454
-0.021100177251841323
-0.02346099717168159
-0.04831617098432043
-0.025954235478873242
0.007330246214034671
0.02788957232347749
-0.008056612679326905
-0.04688404899110571
-0.04745764768210036
-0.016943282768034
-0.005508523183527563
-0.03714181709331833
-0.027200150713435633
-0.004786872551689011
-0.02896904896374934
-0.031109268893253675
0.002684101913601286
-0.01814221635863178
0.0055831037783535065
0.0004985798184241902
-0.008814937812077917
-0.02550634317813697
-0.011167294879361868
0.014028735350595602
0.008120952022300431
0.02649151530494876
0.0005232986181907277
-0.004464445987296698
-0.021171998613929908
-0.019812549375313467
-0.019435322138175355
-0.012337568856022465
-0.028013174851184208
0.010387961089662192
-0.004609266983693345
0.0010262604848898646
-0.01993763644483284
0.015548864085831162
-0.016914269802771043
-0.057913967808725916
-0.015992453434547905
-0.017338611055261143
-0.06185407233521205
-0.017338611055261143
0.0027171026030641085
-0.004248626031536888
-0.0010653972883279178
-0.01950046437673263
-0.014054176157637708
-0.008494468816221118
-0.028013174851184208
-0.019676619178219345
-0.0044194694942948235
-0.022146557580189682
-0.0017192744062298011
-0.008494468816221118
0.0007079605951576804
-0.06145532380890629
-0.005067926870296466
-0.01026856926833111
-0.0015258297198809559
-0.022146557580189682
-0.07199304011577222
-0.019676619178219345
-0.02345398410705238
-0.033380347055677356
-0.01993763644483284
-0.0006879184842314767
-0.009601326305098008
-0.038500018678206065
-0.02983498371562429
0.004250990807990874
-0.0052546869977599065
-0.024291617241707163
0.009891256475511583
-0.031109268893253675
-0.004609266983693345
-0.02346099717168159
-0.015605396846686232
-0.005596607968763683
0.004250990807990874
0.0026495472918924147
-0.005672664624923557
0.012914315849079455
0.005633835141249277
-0.004609266983693345
-0.0033408027789846545
-0.02480020669794258
0.016359723781520927
-0.005596607968763683
-0.009377224506359227
-0.0028669575598008726
0.0026495472918924147
-0.0055614530116692845
-0.014054176157637708
0.005911675177046499
-0.0039806144445456325
0.007330246214034671
-0.007681824380629695
-0.009585228910254269
-0.012173987497213812
0.0007829581637422309
0.00756373692451353
-0.0044194694942948235
-0.010022840413078994
-0.0039806144445456325
-0.022847981534771127
-0.0017192744062298011
0.005911675177046499
0.0013123141436948954
0.002754436109362261
0.0005232986181907277
-0.019812549375313467
-0.009655836254907691
-0.007681824380629695
-0.007610394644001514
-0.012918625488187814
-0.01300133371819946
-0.02123032773611851
0.0026495472918924147
0.0055831037783535065
-0.03022802189212888
-0.019922290971223895
-0.06705432496420143
-0.0030193738592703013
-0.04778612937302252
-0.016893036341852442
-0.05301541046176917
-0.005596607968763683
0.008591140747233092
-0.016829441637012048
-0.0044194694942948235
-0.019676619178219345
0.0013123141436948954
-0.07199304011577222
0.0026495472918924147
0.0005232986181907277
-0.014509400205494242
-0.00785221730701271
-0.008288513014511905
0.0013123141436948954
-0.0034777560454934673
-0.0006879184842314767
-0.0142119059075549
-0.0002593014034088444
-0.017079533115960055
-0.026480788079546604
-0.016943282768034
-0.013049098292015527
-0.0004838741446943803
-0.017079533115960055
-0.027192316145827282
-0.033380347055677356
-0.038500018678206065
-0.021171998613929908
-0.009570983039875592
-0.005351761965150136
-0.008554140455891451
-0.022146557580189682
-0.005351761965150136
0.00019215699961173924
-0.007610394644001514
0.003759895789519141
-0.012209957362471385
-0.005351761965150136
-0.0012609336604041345
-0.038500018678206065
0.010387961089662192
0.02649151530494876
0.014028735350595602
-0.01993763644483284
-0.004786872551689011
-0.0004675399502204143
-0.008701131650384825
-0.005508523183527563
-0.012220814704265294
-0.0018677893356332978
-0.04030004703819805
-0.04745764768210036
-0.03022802189212888
-0.0018677893356332978
0.0026558739663449524
0.0036428903305319835
-0.007681824380629695
-0.009377224506359227
-0.014054176157637708
-0.02345398410705238
-0.008701131650384825
0.005633835141249277
-0.01890889447024786
-0.01089020475397422
-0.01765913295129279
-0.0052546869977599065
-0.014054176157637708
-0.04909123838498927
0.0013123141436948954
0.0007193298331552486
-0.02346099717168159
-0.01890889447024786
-0.009585228910254269
-0.010022840413078994
-0.00042956745903269207
-0.007859596868775642
0.003484279467094232
-0.016789515056741932
-0.0004838741446943803
0.00019215699961173924
-0.021100177251841323
0.025434105357360178
-0.0004838741446943803
0.012865670409754556
-0.020895834858235825
-0.026467824634747623
0.0026495472918924147
0.0007193298331552486
-0.022451926697939474
0.02788957232347749
-0.040530644451313456
-0.015992453434547905
0.0026558739663449524
-0.005672664624923557
-0.004665036572825608
-0.0002593014034088444
0.005633835141249277
0.010387961089662192
-0.036510967274076725
-0.0033408027789846545
0.011591016470133716
-0.004665036572825608
0.0004086739564217879
-0.0033408027789846545
-0.0004838741446943803
0.01233897039394179
-0.002694796791460298
-0.034408211379055
-0.01670468716800968
-0.004248626031536888
-0.013234778291360624
-0.007673096755441147
-0.0015258297198809559
-0.0028669575598008726
-0.0213986841802976
-0.032095465125075814
-0.022277974236675376
0.0003902680058343757
-0.02983498371562429
-0.026467824634747623
-0.04909123838498927
-0.00042956745903269207
-0.0055614530116692845
-0.0321815368118077
0.014028735350595602
-0.03768885858795613
-0.005531509289946604
0.00756373692451353
-0.022146557580189682
-0.025954235478873242
-0.0321815368118077
-0.0033408027789846545
-0.0317819318679185
-0.03186829122010105
-0.019676619178219345
-0.050088470726283835
0.0027171026030641085
0.003443251969720955
0.017616778501495362
-0.06705432496420143
-0.021100177251841323
0.009891256475511583
-0.004609266983693345
0.005284159409314433
-0.00518701742212076
-0.0018677893356332978
-0.002339560957943329
0.03321875157798415
0.016359723781520927
-0.061900488524736764
-0.0034777560454934673
-0.0214729840918066
-0.013234778291360624
-0.017338611055261143
-0.017079533115960055
-0.007859596868775642
-0.0006879184842314767
-0.019922290971223895
-0.007859596868775642
-0.0010653972883279178
-0.003276656454511814
-0.03022802189212888
-0.04030004703819805
0.010439868034408682
0.0007829581637422309
-0.0017192744062298011
-0.03589021310509742
-0.019435322138175355
0.017616778501495362
-0.008056612679326905
0.006171312435690016
0.003759895789519141
-0.03776016004516885
-0.038304970186819984
-0.009601326305098008
-0.005351761965150136
0.023050470039443514
-0.007681824380629695
-0.02870963201352354
-0.0005303003061816567
0.006171312435690016
-0.008810855995076047
0.005911675177046499
-0.040530644451313456
-0.008554140455891451
0.009571540109054302
-0.015605396846686232
-0.028745650186839333
-0.019922290971223895
-0.0019008922868604136
-0.0007414357872596575
-0.031109268893253675
-0.014509400205494242
-0.0142119059075549
-0.0317819318679185
-0.06141386546965408
0.003484279467094232
-0.016893036341852442
0.003866491797594466
0.002868867201329327
0.011591016470133716
-0.005596607968763683
0.015689560656497573
-0.0039806144445456325
-0.0007414357872596575
-0.0142119059075549
-0.01890889447024786
-0.022451926697939474
-0.031109268893253675
-0.06145532380890629
-0.01993763644483284
0.0004086739564217879
-0.0004838741446943803
-0.021556328838653622
-0.02346099717168159
-0.019922290971223895
-0.0044194694942948235
-0.010839493390141924
-0.030262298659016213
-0.019676619178219345
-0.02571990286383843
-0.0002593014034088444
-0.0005303003061816567
-0.017519060145599775
-0.02571990286383843
-0.008288513014511905
-0.010839493390141924
0.0007829581637422309
-0.03022802189212888
0.010439868034408682
-0.0075605355043779215
-0.03776016004516885
-0.007610394644001514
-0.050088470726283835
-0.025954235478873242
-0.0004675399502204143
-0.04045563397240186
-0.012918625488187814
-0.01816352158370513
0.007330246214034671
-0.03768885858795613
-0.038304970186819984
-0.008810855995076047
-0.0034777560454934673
0.002684101913601286
-0.008701131650384825
-0.0052546869977599065
-0.019922290971223895
-0.0214729840918066
0.012865670409754556
-0.004609266983693345
-0.0018677893356332978
-0.033380347055677356
-0.02345398410705238
-0.005508523183527563
-0.027200150713435633
-0.0034777560454934673
-0.018647708474006108
-0.01734148866030705
-0.0005303003061816567
0.0004086739564217879
-0.021171998613929908
-0.02983498371562429
-0.004786872551689011
-0.02123032773611851
0.0013123141436948954
0.015689560656497573
-0.008554140455891451
0.005911675177046499
-0.022146557580189682
-0.0213986841802976
-0.004248626031536888
-0.014620673811846131
0.008591140747233092
-0.00518701742212076
0.0007829581637422309
-0.022210991360209435
-0.022451926697939474
0.004250990807990874
0.02649151530494876
-0.015009321006149557
0.007330246214034671
-0.03468444894740842
-0.0007414357872596575
-0.008701131650384825
-0.010839493390141924
-0.004464445987296698
0.002868867201329327
-0.009394572639383435
-0.009585228910254269
0.022837452900375314
-0.012173987497213812
-0.028013174851184208
-0.02346099717168159
-0.011127473813822836
-0.01890889447024786
0.007906564043735855
-0.0015258297198809559
-0.03589021310509742
0.0132539692839897
-0.07199304011577222
-0.009655836254907691
0.0015847499310670098
-0.01816352158370513
-0.038500018678206065
-0.033380347055677356
0.0004086739564217879
-0.012173987497213812
-0.008056612679326905
-0.02983498371562429
-0.012173987497213812
-0.029490261775553646
0.008591140747233092
-0.021171998613929908
0.012914315849079455
0.0007829581637422309
-0.02480020669794258
-0.008701131650384825
-0.016893036341852442
0.004305934817433285
-0.012209957362471385
-0.033380347055677356
-0.009601326305098008
-0.004609266983693345
-0.0321815368118077
-0.015605396846686232
0.011591016470133716
-0.01765913295129279
0.009891256475511583
-0.004665036572825608
0.015425834502744795
0.0012232677795084783
0.0005232986181907277
0.009571540109054302
0.02649151530494876
-0.019594651968914033
0.0047627674711038384
-0.04456853861775583
-0.01748574243273457
-0.02550634317813697
0.022837452900375314
-0.022106628026517843
-0.008810855995076047
-0.00039544502690721123
-0.019812549375313467
-0.05301541046176917
-0.05301541046176917
-0.002265559672017157
-0.030566293005125977
-0.0017192744062298011
-0.01670468716800968
-0.012337568856022465
-0.016810432767966454
0.015548864085831162
0.0026495472918924147
-0.012150664900185666
0.016359723781520927
-0.004609266983693345
-0.015605396846686232
0.0004086739564217879
-0.022847981534771127
0.012914315849079455
-0.007681824380629695
-0.02571990286383843
-0.008133948939428903
0.003443251969720955
-0.008056612679326905
-0.014054176157637708
-0.014620673811846131
-0.028745650186839333
0.009353980211371233
-0.025954235478873242
-0.03505926270462032
-0.04688404899110571
-0.02897564794152968
-0.0214729840918066
-0.0142119059075549
-0.005508523183527563
-0.014557791602468007
-0.0004675399502204143
0.009353980211371233
-0.022451926697939474
-0.006966719411993964
0.009015210254858788
-0.009655836254907691
-0.03590759640598695
-0.007859596868775642
0.002684101913601286
0.0341555920295596
-0.005596607968763683
-0.01734148866030705
-0.008554140455891451
-0.02896904896374934
-0.012173987497213812
-0.038304970186819984
-0.01908837314564361
0.022837452900375314
-0.014557791602468007
-0.019812549375313467
-0.0142119059075549
-0.02571990286383843
0.017616778501495362
0.0026495472918924147
-0.015605396846686232
-0.009570983039875592
0.007330246214034671
-0.022106628026517843
-0.01890889447024786
-0.019676619178219345
-0.03714181709331833
-0.0030709797884063083
0.0007193298331552486
-0.004464445987296698
-0.04488825100847571
-0.007673096755441147
-0.019594651968914033
0.0047627674711038384
0.0026495472918924147
-0.050088470726283835
-0.0030193738592703013
-0.01734148866030705
-0.009601326305098008
0.023050470039443514
0.0015847499310670098
-0.021556328838653622
-0.003942965688976131
0.02788957232347749
-0.023274367283997885
0.0005232986181907277
0.0026558739663449524
0.0012232677795084783
-0.025277457731633306
-0.04488825100847571
-0.003276656454511814
-0.025798741931813387
-0.04831617098432043
-0.008810855995076047
0.0020931308349006216
-0.012918625488187814
-0.019594651968914033
-0.0029458557972327887
-0.023979073250179773
-0.002623868620595311
-0.02226013859412352
-0.07199304011577222
-0.02983498371562429
-0.04456853861775583
-0.002623868620595311
-0.008494468816221118
0.009355223398529426
-0.01670468716800968
-0.003942965688976131
-0.01816352158370513
0.0007079605951576804
-0.030262298659016213
0.0005232986181907277
-0.025954235478873242
0.009355223398529426
-0.01748574243273457
0.002754436109362261
-0.02345398410705238
-0.002694796791460298
0.005137678791852111
-0.002694796791460298
-0.004609266983693345
-0.030262298659016213
0.00756373692451353
-0.03468444894740842
0.015548864085831162
-0.036510967274076725
0.008591140747233092
-0.04909123838498927
-0.005672664624923557
-0.015605396846686232
-0.01670468716800968
0.010387961089662192
-0.007681824380629695
-0.022277974236675376
-0.019922290971223895
-0.03776016004516885
-0.016829441637012048
0.005284159409314433
0.02788957232347749
-0.008810855995076047
-0.006565314359598081
-0.036510967274076725
-0.0044194694942948235
-0.04745764768210036
-0.009585228910254269
