-0.014464545275142791
-0.007472201908658586
-0.03527587014711716
-0.045294154075864936
-0.02151556360390841
-0.009911530662262557
-0.00888107916105881
-0.05322228841332918
-0.04297105760456888
0.02922797486426045
-0.003234679565554817
-0.015838585309927367
-0.027342426765570502
-0.03227510621619745
-0.0036357248802262243
-0.031101197723508788
-0.0025810541204590335
-0.009729449504797474
-0.029837592788422712
-0.022752768077637396
-0.020203883756630243
-0.0342717416285145
-0.014175149209299515
-0.03604661507329165
-0.04675979753906395
-0.034693769217630496
-0.014464545275142791
-0.009911530662262557
-0.00596533912269968
-0.010355060731127703
0.009766724499762024
-0.047420868629040464
-0.053163838210158826
-0.0018576701649672678
-0.01175237798785273
-0.0396233234920121
-0.010355060731127703
-0.041935738179736844
0.03169159869355384
-0.039411994351200054
0.015127599374078038
-0.03173107778940215
-0.0034153068977196923
-0.03216905430556285
-0.025361377982875778
0.03169159869355384
-0.009828387155307943
-0.005096555373013124
-0.008886295017181217
-0.041935738179736844
-0.03060383327710021
-0.0342717416285145
-0.018644542189418332
-0.02471755855524097
-0.04441539195241922
-0.0396233234920121
-0.019760508927950834
-0.009213073753691388
-0.002719271896522626
-0.01126111433533159
-0.053163838210158826
-0.019760508927950834
-0.008745126751014784
-0.014915162408138793
-0.009269880468743339
-0.02020772419525921
0.005635775110168757
-0.009269880468743339
-0.041935738179736844
-0.039411994351200054
-0.014003678233702946
-0.0063978902136978275
-0.011920028199476856
-0.00888107916105881
0.02922797486426045
-0.03173107778940215
-0.005059041054898092
0.008829316547233257
-0.0034153068977196923
-0.03798822260657815
-0.007314558531843649
-0.01261309627243274
-0.039148631591863874
-0.02439760989366075
-0.014464545275142791
-0.01678887362436834
0.010073855470490603
-0.007472201908658586
-0.01126111433533159
-0.017299945695526706
-0.034300746234460486
-0.014101144546718401
-0.028037478523042905
-0.0036357248802262243
-0.04341690070199758
0.015127599374078038
-0.014378925826555932
-0.05160594082567901
-0.03476964169914702
-0.014101144546718401
-0.029837592788422712
-0.0017928573875066476
-0.0342717416285145
-0.061038870209892675
-0.006427618663855289
-0.013167514207230797
-0.03060383327710021
-0.0018576701649672678
-0.016881058817330163
-0.01158419001349763
-0.04675979753906395
-0.013360012123546518
-0.013167514207230797
0.005347174504605035
-0.006881746626170776
-0.03527587014711716
0.0005551976216917666
-0.013360012123546518
-0.009828387155307943
-0.01064086413183229
-0.06623290077662614
-0.01175237798785273
-0.0025810541204590335
-0.017299945695526706
-0.009828387155307943
-0.03798822260657815
-0.004082460258056401
-0.005096555373013124
-0.015838585309927367
-0.0025810541204590335
-0.015838585309927367
-0.032848845835614565
-0.009213073753691388
0.005635775110168757
-0.05322228841332918
-0.034529668531163585
0.010073855470490603
-0.03216905430556285
-0.014126633085374212
-0.013039688984177282
0.0031535268777446094
-0.031205931599564127
-0.029197138101868084
-0.015838585309927367
0.02922797486426045
-0.01064086413183229
-0.02151556360390841
-0.015152811052919265
-0.013167514207230797
-0.0019978124801487292
-0.029197138101868084
0.02707940120232236
-0.0186001508404712
-0.0019978124801487292
-0.00888107916105881
-0.02241325575166037
-0.03604661507329165
-0.0036357248802262243
-0.013989706300232897
-0.002719271896522626
-0.04341690070199758
-0.00784045003063132
-0.0396233234920121
-0.007472201908658586
-0.010818671789812462
0.01475708847444221
-0.02020772419525921
-0.001392669704970564
-0.05322228841332918
-0.0019978124801487292
-0.014003678233702946
-0.054997662568150904
-0.03321145097596063
-0.0186001508404712
-0.0035210032342371145
-0.006427618663855289
-0.034529668531163585
-0.03723751588815492
-0.03173107778940215
-0.0036357248802262243
-0.02598257957546997
-0.045294154075864936
-0.009531910299872359
-0.005096555373013124
-0.022752768077637396
-0.01126111433533159
0.011733770547764056
-0.004977547700330267
-0.01154734666530874
-0.03569524694232225
-0.001392669704970564
-0.03987475161402248
-0.01770864853944149
-0.019760508927950834
-0.010818671789812462
-0.06395971625578002
-0.05160594082567901
0.011185342701619819
0.010073855470490603
-0.013360012123546518
0.007968494757549563
-0.011920028199476856
-0.02020772419525921
-0.013360012123546518
-0.01064086413183229
0.008742284605925148
-0.03476964169914702
-0.016621343105210108
-0.02668921396231375
-0.0342717416285145
-0.009269880468743339
-0.03987475161402248
-0.04378360976576204
0.0029403221461259334
-0.01770864853944149
-0.014003678233702946
-0.010818671789812462
-0.053163838210158826
-0.015838585309927367
-0.020203883756630243
-0.00888107916105881
-0.045294154075864936
-0.028037478523042905
-0.00596533912269968
-0.015838585309927367
-0.03569524694232225
-0.03241816179859153
-0.028037478523042905
-0.014101144546718401
-0.026286213216981325
-0.0512750084474972
-0.009531910299872359
-0.034693769217630496
-0.03060383327710021
-0.034693769217630496
-0.014003678233702946
0.009766724499762024
-0.023798771087483482
0.03169159869355384
-0.013959821946671273
-0.024482733334113212
0.03169159869355384
-0.031101197723508788
-0.03321145097596063
-0.029197138101868084
-0.004082460258056401
-0.054997662568150904
0.005635775110168757
-0.014101144546718401
-0.0186001508404712
-0.028387086919749956
-0.027448136505678494
-0.014378925826555932
-0.029197138101868084
-0.029837592788422712
-0.029197138101868084
0.008829316547233257
-0.04441539195241922
0.011185342701619819
-0.006427618663855289
-0.017091248502974114
-0.039411994351200054
-0.045294154075864936
-0.034693769217630496
-0.03173107778940215
-0.0019978124801487292
-0.031662070244654165
-0.001392669704970564
-0.009911530662262557
-0.014101144546718401
-0.012904442814092164
0.02707940120232236
-0.019956788009044504
-0.039752651332509714
-0.0468781629721709
-0.034789658660424626
-0.032848845835614565
-0.014378925826555932
-0.0342717416285145
-0.028037478523042905
-0.025361377982875778
-0.031205931599564127
-0.004082460258056401
-0.0036357248802262243
-0.019984167343124422
-0.04378360976576204
-0.014101144546718401
-0.035569239011925186
-0.016259809212946424
-0.017299945695526706
-0.028043849329372955
-0.039411994351200054
-0.001392669704970564
-0.016259809212946424
-0.028037478523042905
-0.01175237798785273
-0.008886295017181217
-0.004082460258056401
-0.02668921396231375
-0.04341690070199758
-0.013167514207230797
-0.009729449504797474
-0.04826860957873421
-0.01678887362436834
-0.018644542189418332
-0.00784045003063132
-0.0186001508404712
-0.021765016998418228
-0.014378925826555932
-0.0019978124801487292
-0.020980696825885076
-0.03723751588815492
-0.054997662568150904
-0.027448136505678494
-0.009828387155307943
-0.016881058817330163
-0.01678887362436834
-0.03604661507329165
-0.014378925826555932
-0.027611380952477244
-0.011422111040371741
0.0031535268777446094
-0.015152811052919265
-0.027342426765570502
-0.03227510621619745
-0.009911530662262557
-0.008886295017181217
-0.02471755855524097
-0.029837592788422712
0.03169159869355384
0.004264991369550981
0.015127599374078038
-0.04220036489506558
-0.0036357248802262243
-0.009213073753691388
-0.016621343105210108
-0.03798822260657815
-0.04297105760456888
-0.03604661507329165
-0.00888107916105881
-0.019956788009044504
-0.018644542189418332
-0.01126111433533159
-0.02598257957546997
-0.017091248502974114
-0.0063978902136978275
0.006843013502745425
-0.014126633085374212
-0.028025608669359908
-0.034789658660424626
-0.034529668531163585
-0.03173107778940215
-0.034300746234460486
-0.004082460258056401
-0.014101144546718401
-0.006881746626170776
-0.019984167343124422
-0.04220036489506558
0.006843013502745425
-0.02151556360390841
-0.014915162408138793
-0.016615182419459095
-0.04341690070199758
-0.011920028199476856
-0.04481381022888931
-0.025361377982875778
-0.010355060731127703
-0.031662070244654165
-0.031662070244654165
-0.019956788009044504
-0.013989706300232897
-0.04675979753906395
-0.01126111433533159
-0.024482733334113212
-0.042793636679912976
-0.03987475161402248
0.011733770547764056
-0.004082460258056401
-0.0396233234920121
-0.027611380952477244
-0.020203883756630243
-0.05322228841332918
0.02707940120232236
-0.03516063853583172
-0.001392669704970564
-0.006427618663855289
-0.009269880468743339
-0.0063978902136978275
-0.015369395526976868
-0.020980696825885076
-0.018644542189418332
-0.028387086919749956
0.0031535268777446094
-0.015838585309927367
-0.04378360976576204
-0.027342426765570502
-0.00888107916105881
0.017061398614478005
0.004264991369550981
-0.009828387155307943
-0.01175237798785273
-0.007472201908658586
-0.003234679565554817
-0.0019978124801487292
-0.034789658660424626
-0.03173107778940215
-0.0018576701649672678
-0.05322228841332918
0.008829316547233257
-0.03321145097596063
-0.028025608669359908
-0.009531910299872359
-0.028043849329372955
-0.026286213216981325
0.009766724499762024
-0.03173107778940215
-0.03723751588815492
-0.019956788009044504
-0.03527587014711716
-0.014101144546718401
-0.028043849329372955
-0.026286213216981325
-0.04297105760456888
-0.019760508927950834
-0.00784045003063132
0.03169159869355384
-0.054997662568150904
-0.016881058817330163
-0.012135874841547958
-0.04675979753906395
-0.03193023819115049
-0.016259809212946424
-0.013167514207230797
-0.005059041054898092
0.004264991369550981
-0.014175149209299515
-0.03798822260657815
-0.001392669704970564
-0.010522458558237682
-0.03227510621619745
-0.02439760989366075
-0.014915162408138793
-0.0017928573875066476
-0.01154734666530874
-0.020980696825885076
-0.0063978902136978275
-0.03173107778940215
-0.03516063853583172
0.004264991369550981
-0.06623290077662614
-0.04378360976576204
-0.018644542189418332
0.004264991369550981
-0.039148631591863874
-0.06623290077662614
-0.0468781629721709
-0.03476964169914702
-0.034693769217630496
-0.006427618663855289
-0.019760508927950834
-0.026286213216981325
-0.031101197723508788
-0.042793636679912976
-0.03241816179859153
-0.002719271896522626
-0.0036357248802262243
-0.03216905430556285
-0.01154734666530874
-0.004082460258056401
-0.03321145097596063
-0.014101144546718401
-0.003939738285348501
-0.00596533912269968
0.015127599374078038
-0.04297105760456888
-0.0539905275816622
-0.015838585309927367
-0.015152811052919265
-0.014003678233702946
-0.004082460258056401
-0.039752651332509714
0.017061398614478005
-0.01154734666530874
-0.03243631937224897
-0.019760508927950834
-0.02598257957546997
-0.03723751588815492
0.005635775110168757
-0.025361377982875778
-0.014003678233702946
0.017061398614478005
-0.0018576701649672678
-0.002719271896522626
-0.01126111433533159
-0.01175237798785273
-0.013989706300232897
0.015127599374078038
0.004264991369550981
0.004264991369550981
-0.042793636679912976
-0.04481381022888931
-0.011920028199476856
-0.0539905275816622
-0.034300746234460486
-0.01064086413183229
-0.02020772419525921
-0.013959821946671273
0.02922797486426045
-0.01261309627243274
0.017061398614478005
-0.03723751588815492
-0.03798822260657815
-0.00596533912269968
-0.013167514207230797
-0.016615182419459095
-0.02020772419525921
0.0005551976216917666
0.015127599374078038
-0.03516063853583172
-0.0396233234920121
-0.029197138101868084
0.004264991369550981
-0.039148631591863874
-0.0539905275816622
0.004264991369550981
-0.0036357248802262243
0.0029403221461259334
-0.034300746234460486
-0.01678887362436834
-0.0512750084474972
-0.042793636679912976
-0.03569524694232225
-0.03569524694232225
0.008742284605925148
-0.031662070244654165
-0.05160594082567901
-0.016615182419459095
-0.016259809212946424
-0.004977547700330267
-0.03241816179859153
-0.02598257957546997
-0.0034153068977196923
-0.019984167343124422
-0.031205931599564127
-0.017713459945578682
-0.027448136505678494
-0.016259809212946424
-0.00596533912269968
-0.031101197723508788
-0.028037478523042905
-0.014464545275142791
-0.009531910299872359
-0.045294154075864936
-0.008886295017181217
-0.008745126751014784
-0.02439760989366075
-0.008886295017181217
-0.031205931599564127
-0.034300746234460486
-0.01770864853944149
-0.034789658660424626
-0.014126633085374212
-0.0018576701649672678
-0.019984167343124422
-0.00596533912269968
-0.012904442814092164
-0.02020772419525921
-0.03604661507329165
-0.007562041935707541
-0.061038870209892675
0.0005551976216917666
-0.017091248502974114
-0.01064086413183229
0.015127599374078038
-0.010818671789812462
-0.03604661507329165
0.0349492809231071
-0.011422111040371741
0.0349492809231071
-0.00596533912269968
-0.05322228841332918
-0.005059041054898092
-0.004082460258056401
-0.0468781629721709
0.0031535268777446094
-0.016881058817330163
-0.02020772419525921
-0.02241325575166037
-0.05322228841332918
-0.061038870209892675
-0.015369395526976868
-0.010522458558237682
-0.01158419001349763
-0.010818671789812462
0.009766724499762024
-0.031205931599564127
-0.009269880468743339
-0.019984167343124422
-0.027448136505678494
-0.04341690070199758
0.0029403221461259334
-0.006881746626170776
0.009766724499762024
0.008829316547233257
-0.009213073753691388
-0.03723751588815492
-0.004977547700330267
-0.0017928573875066476
-0.017299945695526706
0.0349492809231071
-0.03987475161402248
-0.015369395526976868
-0.0539905275816622
-0.02471755855524097
-0.0019978124801487292
-0.017299945695526706
-0.0342717416285145
-0.02598257957546997
-0.01158419001349763
-0.002719271896522626
-0.0063978902136978275
-0.04675979753906395
-0.013989706300232897
-0.014003678233702946
-0.011920028199476856
-0.009911530662262557
-0.04481381022888931
-0.01175237798785273
0.02922797486426045
-0.020980696825885076
-0.006881746626170776
-0.02439760989366075
-0.04675979753906395
-0.001392669704970564
-0.012904442814092164
-0.01158419001349763
-0.009531910299872359
-0.020980696825885076
-0.013167514207230797
0.02922797486426045
-0.013989706300232897
-0.016881058817330163
-0.0036357248802262243
-0.03173107778940215
-0.009269880468743339
-0.032848845835614565
-0.03798822260657815
-0.007472201908658586
-0.015838585309927367
0.02707940120232236
-0.007472201908658586
-0.007562041935707541
-0.031101197723508788
0.015127599374078038
-0.029996914892237433
-0.0468781629721709
-0.028025608669359908
-0.021765016998418228
-0.013989706300232897
-0.06395971625578002
0.0029403221461259334
-0.017299945695526706
-0.024482733334113212
-0.03516063853583172
-0.01678887362436834
-0.019956788009044504
-0.015152811052919265
-0.028037478523042905
-0.032848845835614565
-0.023798771087483482
-0.031662070244654165
-0.02668921396231375
-0.00888107916105881
-0.039411994351200054
-0.01126111433533159
-0.010522458558237682
-0.009729449504797474
-0.0539905275816622
-0.02598257957546997
-0.007472201908658586
-0.016881058817330163
-0.045294154075864936
-0.035569239011925186
-0.008886295017181217
-0.01126111433533159
-0.03723751588815492
-0.007314558531843649
-0.020203883756630243
-0.02241325575166037
-0.054997662568150904
-0.01770864853944149
-0.005096555373013124
-0.034529668531163585
-0.03527587014711716
-0.03987475161402248
-0.014003678233702946
-0.035569239011925186
-0.04220036489506558
0.03169159869355384
-0.04378360976576204
0.009766724499762024
0.008742284605925148
-0.007314558531843649
-0.021124183679626776
-0.013989706300232897
-0.04481381022888931
-0.03798822260657815
-0.04826860957873421
-0.013989706300232897
-0.02471755855524097
-0.013167514207230797
-0.03569524694232225
-0.015838585309927367
-0.02471755855524097
-0.021765016998418228
-0.02439760989366075
0.011733770547764056
-0.04341690070199758
-0.013989706300232897
-0.004082460258056401
0.0005551976216917666
-0.012135874841547958
0.03169159869355384
-0.042793636679912976
-0.03173107778940215
-0.011920028199476856
-0.017091248502974114
-0.0512750084474972
-0.03321145097596063
-0.041935738179736844
-0.04378360976576204
-0.009911530662262557
0.007968494757549563
-0.005059041054898092
-0.003234679565554817
0.005635775110168757
-0.028037478523042905
-0.0512750084474972
-0.03527587014711716
-0.009531910299872359
-0.016615182419459095
-0.032848845835614565
-0.02020772419525921
-0.0396233234920121
-0.016259809212946424
-0.029837592788422712
-0.03798822260657815
-0.03527587014711716
-0.047420868629040464
0.0012956855720615296
-0.00596533912269968
0.011185342701619819
-0.004082460258056401
0.01475708847444221
-0.03193023819115049
-0.013989706300232897
-0.020980696825885076
-0.007314558531843649
-0.04441539195241922
0.006843013502745425
-0.01678887362436834
-0.027611380952477244
-0.028037478523042905
-0.03987475161402248
-0.00888107916105881
-0.010818671789812462
-0.013167514207230797
-0.03798822260657815
0.008742284605925148
-0.026286213216981325
0.01475708847444221
0.02707940120232236
-0.016615182419459095
-0.031662070244654165
-0.03516063853583172
-0.007562041935707541
-0.016881058817330163
-0.019984167343124422
-0.01126111433533159
-0.007314558531843649
-0.04220036489506558
-0.015152811052919265
-0.019760508927950834
-0.012904442814092164
-0.0342717416285145
-0.04378360976576204
-0.005059041054898092
-0.021765016998418228
-0.01064086413183229
-0.04481381022888931
-0.012135874841547958
-0.004977547700330267
-0.0035210032342371145
0.007968494757549563
-0.0186001508404712
-0.022752768077637396
-0.024482733334113212
-0.03516063853583172
-0.0186001508404712
-0.042793636679912976
-0.0025810541204590335
-0.04675979753906395
-0.00784045003063132
-0.027611380952477244
-0.012904442814092164
0.008742284605925148
-0.016259809212946424
-0.007472201908658586
-0.03243631937224897
-0.03227510621619745
-0.02471755855524097
-0.03476964169914702
-0.03798822260657815
-0.02471755855524097
-0.005059041054898092
-0.04675979753906395
-0.014101144546718401
-0.003939738285348501
-0.039752651332509714
-0.02020772419525921
-0.0396233234920121
-0.02598257957546997
0.03169159869355384
-0.009828387155307943
-0.015838585309927367
-0.0019978124801487292
-0.03987475161402248
0.005347174504605035
-0.03987475161402248
-0.03604661507329165
-0.0512750084474972
-0.034300746234460486
0.010073855470490603
-0.03173107778940215
-0.005059041054898092
-0.0035210032342371145
-0.02471755855524097
-0.034789658660424626
-0.028387086919749956
0.006843013502745425
-0.03227510621619745
-0.03476964169914702
-0.03173107778940215
-0.008886295017181217
-0.018644542189418332
-0.003939738285348501
-0.053163838210158826
-0.028025608669359908
-0.03216905430556285
-0.031205931599564127
-0.0186001508404712
-0.014915162408138793
-0.034789658660424626
-0.014126633085374212
-0.014101144546718401
-0.013959821946671273
-0.012135874841547958
-0.03321145097596063
-0.0035210032342371145
-0.02020772419525921
-0.015838585309927367
-0.0468781629721709
-0.0396233234920121
0.03169159869355384
-0.009922552039759305
-0.02439760989366075
-0.03516063853583172
-0.03516063853583172
-0.03569524694232225
-0.016615182419459095
-0.03193023819115049
-0.007562041935707541
-0.007472201908658586
-0.04378360976576204
-0.012904442814092164
-0.03604661507329165
-0.013989706300232897
-0.04297105760456888
-0.0019978124801487292
-0.008886295017181217
-0.030393559874421317
-0.014101144546718401
-0.031101197723508788
-0.009729449504797474
-0.016615182419459095
-0.01158419001349763
-0.03476964169914702
-0.014378925826555932
-0.027342426765570502
-0.014003678233702946
0.0012956855720615296
-0.028043849329372955
-0.029197138101868084
-0.009729449504797474
-0.0017928573875066476
-0.01678887362436834
-0.019956788009044504
-0.01158419001349763
-0.04481381022888931
0.010073855470490603
-0.009922552039759305
-0.00888107916105881
-0.009729449504797474
-0.03798822260657815
-0.013989706300232897
-0.02020772419525921
-0.014101144546718401
-0.00784045003063132
-0.029996914892237433
-0.009531910299872359
-0.028387086919749956
-0.009911530662262557
-0.019956788009044504
-0.009922552039759305
-0.04441539195241922
-0.03060383327710021
-0.021765016998418228
-0.022752768077637396
-0.01175237798785273
-0.012904442814092164
-0.007472201908658586
-0.013039688984177282
-0.032848845835614565
-0.05322228841332918
0.0029403221461259334
-0.013989706300232897
-0.031101197723508788
-0.02151556360390841
-0.011920028199476856
-0.001392669704970564
-0.014101144546718401
-0.01154734666530874
-0.019760508927950834
-0.01158419001349763
-0.021765016998418228
-0.004977547700330267
-0.03798822260657815
-0.05160594082567901
0.02922797486426045
-0.0034153068977196923
-0.04675979753906395
0.02922797486426045
-0.0035210032342371145
-0.004977547700330267
-0.021124183679626776
-0.009729449504797474
-0.05322228841332918
-0.004977547700330267
-0.021765016998418228
-0.06395971625578002
-0.053163838210158826
-0.06623290077662614
-0.0025810541204590335
-0.0035210032342371145
-0.05160594082567901
-0.01126111433533159
-0.04441539195241922
-0.03321145097596063
-0.01158419001349763
-0.012904442814092164
-0.013959821946671273
-0.025361377982875778
-0.0063978902136978275
-0.04441539195241922
-0.019984167343124422
-0.015152811052919265
-0.03243631937224897
-0.003234679565554817
-0.016881058817330163
-0.00888107916105881
-0.006427618663855289
-0.003234679565554817
-0.03516063853583172
-0.016259809212946424
0.015127599374078038
-0.01064086413183229
-0.003939738285348501
-0.034789658660424626
-0.011422111040371741
-0.035569239011925186
-0.014003678233702946
-0.014915162408138793
-0.017299945695526706
-0.013167514207230797
-0.01064086413183229
-0.031101197723508788
-0.02241325575166037
-0.017713459945578682
-0.01064086413183229
-0.005096555373013124
-0.03516063853583172
-0.03227510621619745
-0.03604661507329165
-0.04675979753906395
-0.03476964169914702
-0.0396233234920121
-0.019760508927950834
-0.042793636679912976
-0.03476964169914702
-0.017299945695526706
