-0.041734395493921286
-0.030476492059046345
-0.026007558473031718
-0.0035538347278276086
0.012467603061896171
-0.041734395493921286
-0.06293508820689966
-0.020176644747463748
-0.020357597050934147
-0.022832713552103215
-0.025541511457498816
0.053576669545613236
-0.006892001758625753
-0.002009918499153939
0.006845596588856864
-0.024019906175310853
0.008531757685136436
-0.03395376425594417
-0.015856969722585112
-0.015489346441765245
-0.008726333834641132
0.01270104461934638
-0.005959878731919841
0.0012740214578477412
-0.014613009580662804
-0.017943260605748093
0.007613396724157885
-0.02275912064828891
-0.005460129812572573
0.0021988731631178223
-0.005160356313981649
-0.028825209392520007
-0.005160356313981649
-0.015489346441765245
-0.0070365162750199205
-0.007142859232905187
-0.005004552857084576
-0.015856969722585112
-0.004060963826148776
-0.025541511457498816
-0.009000424159848554
-0.004927419517951319
-0.002491738223434804
-0.0055015349142988005
-0.028825209392520007
-0.005004552857084576
0.009246853629829566
-0.024019906175310853
-0.0008132336462247859
-0.03276324755547078
-0.013357435417441405
-0.014613009580662804
-0.0035538347278276086
-0.0035538347278276086
-0.002009918499153939
-0.015416298781700304
-0.04613326086055255
-0.02275912064828891
0.0003977585001939813
-0.010282099496807022
-0.03507314129161825
0.015227656994156095
-0.04564150166308196
-0.050403842943427826
0.008540356985267032
-0.005004552857084576
-0.004927419517951319
-0.005160356313981649
-0.01266028156883688
-0.0070365162750199205
0.0012740214578477412
-0.004806712764452388
0.0005353473785907604
0.015227656994156095
-0.013041289433546715
-0.014613009580662804
-0.03121847229965804
-0.016038490625534484
-0.024912128989020746
-0.0035538347278276086
0.012467603061896171
-0.02275912064828891
-0.0035538347278276086
0.008531757685136436
-0.018149804693224147
0.0003977585001939813
-0.00701016822719686
-0.034735721396480554
-0.002009918499153939
0.0022227470712589768
0.0022227470712589768
-0.01110375259596826
-0.00481106211966505
-0.020050469998843492
0.0005353473785907604
-0.05438155533550427
-0.00991810931098676
0.006845596588856864
-0.009000424159848554
-0.02555895448134329
0.007816443388146655
-0.006266923601387869
-0.01094473259303589
-0.024793263707938253
-0.05438155533550427
0.0012740214578477412
-0.006892001758625753
0.004748689585933982
-0.012238239718582919
0.022787951795542986
0.016006908304283744
-0.02250741656996471
-0.021510851473457177
-0.005275015439295328
-0.02250741656996471
-0.006266923601387869
0.0003977585001939813
-0.025412116683928097
-0.025660899784808813
-0.02991421991347206
0.009246853629829566
0.007816443388146655
0.0012740214578477412
-0.06694992943126901
0.015227656994156095
0.01946588784753852
-0.013991109883173111
-0.023345809732014763
-0.013041289433546715
0.06345869418492708
-0.010282099496807022
-0.014613009580662804
-0.01576493722887379
0.01946588784753852
-0.0070365162750199205
0.02023797714663809
-0.06841395909172251
0.02023797714663809
0.0012740214578477412
-0.01146064156220314
-0.02567933107356894
-0.015489346441765245
-0.06293508820689966
-0.006624247056490964
-0.006221799912987665
0.015227656994156095
0.021301847933530803
-0.021734160055530548
-0.01146064156220314
-0.023345809732014763
0.008877616046169432
-0.005469533460556696
-0.011503955304035604
-0.01576493722887379
-0.01583045212702389
-0.006266923601387869
-0.03938596215766271
0.007816443388146655
-0.024793263707938253
0.010906217352157108
-0.018149804693224147
-0.0029464304841775447
-0.01583045212702389
0.021015790480616123
-0.009277738551037865
-0.004927419517951319
-0.00991810931098676
-0.026181695619923926
-0.0021512035085742382
0.02023797714663809
-0.0052419202240465
0.008877616046169432
-0.02275912064828891
-0.005344294843173382
-0.05002469862880803
-0.0021512035085742382
-0.0104397517620552
-0.009000424159848554
-0.011503955304035604
-0.024019906175310853
-0.011973206487703027
-0.04140493539436032
-0.013357435417441405
-0.028825209392520007
-0.04613326086055255
-0.014128694276782556
-0.015416298781700304
-0.03276324755547078
-0.005160356313981649
-0.050403842943427826
0.0002479588020502598
-0.0029464304841775447
-0.005275015439295328
-0.04140493539436032
-0.01954502398355879
-0.06694992943126901
-0.011503955304035604
0.022787951795542986
0.0002479588020502598
-0.004806712764452388
-0.050403842943427826
-0.013357435417441405
-0.006221799912987665
0.008531757685136436
-0.006847533059446016
-0.03938596215766271
-0.004415435188127622
-0.01266028156883688
0.003164410465185226
-0.005460129812572573
-0.017233526430438434
0.003164410465185226
-0.013991109883173111
-0.006892001758625753
-0.014613009580662804
-0.04839029177641593
-0.06293508820689966
-0.008465068785646419
0.014482910697198433
-0.013357435417441405
-0.016076200624106626
-0.018149804693224147
-0.0021512035085742382
-0.04107673359601359
-0.03121847229965804
-0.00701016822719686
-0.04787796436606055
0.0021988731631178223
0.004748689585933982
-0.004415435188127622
-0.027513060710716027
-0.00481106211966505
0.005094833246053679
-0.023847924374772025
-0.03500392221587864
-0.0008132336462247859
-0.005469533460556696
-0.017399288851564106
-0.02275912064828891
-0.0320936605823452
-0.009000424159848554
0.003164410465185226
-0.006221799912987665
0.016006908304283744
-0.02331713930319999
-0.02250741656996471
-0.0008132336462247859
-0.004927419517951319
-0.004987479793877234
-0.011615104767206947
-0.014962005439650167
0.021301847933530803
-0.0055265054152323365
-0.025412116683928097
-0.011615104767206947
-0.03133058052128865
-0.017234072023324033
-0.016617619782287027
-0.0052419202240465
-0.028825209392520007
-0.02331713930319999
-0.04055061261904301
-0.0097243476641844
-0.030476492059046345
-0.01583045212702389
-0.01110375259596826
-0.004987479793877234
-0.008168218782232575
-0.013357435417441405
-0.005160356313981649
-0.015416298781700304
-0.01266028156883688
-0.004913156853321105
-0.013357435417441405
-0.005344294843173382
-0.004806712764452388
0.0022227470712589768
-0.005160356313981649
-0.005460129812572573
-0.005344294843173382
0.014482910697198433
-0.005275015439295328
-0.027155626710935934
0.010906217352157108
-0.013357435417441405
-0.015489346441765245
-0.013041289433546715
-0.028254148116551293
-0.0097243476641844
-0.002009918499153939
-0.006847533059446016
-0.04613326086055255
0.06345869418492708
-0.034735721396480554
-0.008726333834641132
-0.030426174037203227
-0.030476492059046345
-0.014128694276782556
-0.028588462567906727
-0.02567933107356894
-0.021734160055530548
0.0030355239544313244
-0.002491738223434804
0.004748689585933982
-0.034735721396480554
-0.016617619782287027
0.022787951795542986
0.0005353473785907604
-0.004415435188127622
0.015227656994156095
-0.016038490625534484
-0.05438155533550427
-0.022421208906805715
-0.01266028156883688
-0.016617619782287027
-0.0022072783886986926
0.010117575540954606
0.0012740214578477412
0.00309868914960625
-0.015489346441765245
-0.03507314129161825
-0.012311699365675352
-0.006975051924321328
-0.013357435417441405
0.0002479588020502598
-0.004987479793877234
-0.014312469480009478
-0.045597310864436136
-0.00701016822719686
-0.0008759352762939889
0.004748689585933982
-0.0052419202240465
-0.023847924374772025
-0.008769783696602423
-0.01576493722887379
-0.004806712764452388
-0.01266028156883688
-0.01110375259596826
0.053576669545613236
-0.012311699365675352
-0.017233526430438434
0.0005353473785907604
-0.00481106211966505
-0.03121847229965804
-0.013991109883173111
-0.006221799912987665
-0.005160356313981649
0.007816443388146655
-0.0008132336462247859
-0.004987479793877234
-0.04055061261904301
0.0021988731631178223
-0.025541511457498816
-0.06694992943126901
-0.0104397517620552
-0.030476492059046345
-0.02567933107356894
0.014482910697198433
-0.010282099496807022
-0.015416298781700304
-0.028254148116551293
-0.00991810931098676
-0.014720889867093152
-0.028588462567906727
0.007224804487163046
-0.024149385679829292
-0.04107673359601359
-0.03121847229965804
0.007224804487163046
-0.002009918499153939
0.007613396724157885
-0.02097224176225952
-0.04140493539436032
0.014723414390161203
-0.0008759352762939889
-0.06694992943126901
-0.01110375259596826
-0.05438155533550427
0.003164410465185226
-0.004060963826148776
-0.0074506509022606035
-0.005344294843173382
-0.020176644747463748
-0.01266028156883688
-0.005344294843173382
-0.02567933107356894
-0.011615104767206947
-0.04140493539436032
0.01270104461934638
-0.005959878731919841
-0.007142859232905187
0.015227656994156095
-0.016038490625534484
-0.009000424159848554
-0.0097243476641844
-0.018717251532862113
-0.005460129812572573
-0.05002469862880803
-0.0052419202240465
-0.0799142923496459
-0.0052419202240465
0.01946588784753852
-0.034735721396480554
0.0003977585001939813
-0.0026925380592163852
-0.006847533059446016
-0.02567933107356894
-0.014720889867093152
-0.0320936605823452
-0.005344294843173382
-0.025660899784808813
-0.0232037245977116
-0.045597310864436136
-0.0074506509022606035
-0.020176644747463748
-0.006847533059446016
-0.02250741656996471
-0.026007558473031718
-0.005959878731919841
-0.019971400447174874
-0.008465068785646419
-0.03395376425594417
-0.006266923601387869
0.007224804487163046
0.0446714876093924
-0.025660899784808813
-0.02991421991347206
0.01270104461934638
-0.04564150166308196
-0.028254148116551293
-0.008726333834641132
-0.014720889867093152
0.015227656994156095
-0.005460129812572573
-0.06293508820689966
-0.016038490625534484
-0.0097243476641844
-0.06608077884491416
-0.005275015439295328
-0.03121847229965804
-0.03121847229965804
0.0022227470712589768
0.0005353473785907604
-0.006975051924321328
-0.013991109883173111
0.003164410465185226
-0.030476492059046345
-0.06694992943126901
0.01946588784753852
-0.013357435417441405
-0.017943260605748093
-0.05002469862880803
-0.021734160055530548
-0.02250741656996471
-0.008769783696602423
-0.017838423792528
0.01270104461934638
-0.006892001758625753
-0.017399288851564106
0.0005353473785907604
-0.011503955304035604
-0.020176644747463748
-0.03238265137627237
-0.022674756828498163
-0.028825209392520007
0.010117575540954606
-0.0441746186327842
-0.024912128989020746
-0.017399288851564106
-0.026181695619923926
-0.00701016822719686
-0.04787796436606055
-0.011503955304035604
-0.015416298781700304
-0.0026925380592163852
-0.06608077884491416
-0.023847924374772025
-0.017399288851564106
-0.03507314129161825
-0.01266028156883688
-0.013357435417441405
0.015227656994156095
0.01270104461934638
0.014723414390161203
-0.0070365162750199205
-0.0320936605823452
-0.04839029177641593
-0.03507314129161825
0.022787951795542986
-0.0232037245977116
-0.014128694276782556
-0.04787796436606055
-0.06608077884491416
-0.011615104767206947
-0.014312469480009478
0.0037496304422524893
0.014482910697198433
-0.024149385679829292
-0.03276324755547078
-0.06694992943126901
0.003164410465185226
0.0040415728334392545
-0.004415435188127622
-0.01146064156220314
-0.018149804693224147
-0.013357435417441405
-0.006892001758625753
-0.03507314129161825
-0.005494800688403486
-0.04613326086055255
-0.01954502398355879
0.01270104461934638
-0.015856969722585112
-0.025541511457498816
-0.011503955304035604
0.014482910697198433
-0.00991810931098676
-0.01266028156883688
-0.020050469998843492
-0.050403842943427826
-0.02555895448134329
-0.04140493539436032
-0.050403842943427826
-0.014720889867093152
-0.011615104767206947
-0.00991810931098676
-0.008168218782232575
-0.017399288851564106
-0.01146064156220314
-0.00991810931098676
0.014482910697198433
-0.016076200624106626
-0.019971400447174874
-0.041734395493921286
-0.0320936605823452
-0.02097224176225952
-0.014720889867093152
-0.020050469998843492
-0.0008132336462247859
-0.014312469480009478
-0.008726333834641132
-0.011503955304035604
-0.06694992943126901
-0.04564150166308196
-0.0055015349142988005
-0.011973206487703027
-0.014312469480009478
0.007816443388146655
0.0021988731631178223
-0.004060963826148776
-0.021734160055530548
0.0030355239544313244
-0.006221799912987665
-0.023847924374772025
-0.022832713552103215
0.0030355239544313244
-0.03121847229965804
-0.05438155533550427
-0.014613009580662804
-0.010282099496807022
-0.005959878731919841
-0.025660899784808813
-0.06841395909172251
-0.02331713930319999
-0.028825209392520007
0.0446714876093924
-0.0021512035085742382
-0.004806712764452388
-0.010282099496807022
-0.006892001758625753
0.021301847933530803
-0.01094473259303589
-0.010282099496807022
-0.03133058052128865
-0.03121847229965804
-0.0074506509022606035
0.01946588784753852
-0.04140493539436032
-0.020176644747463748
-0.016038490625534484
-0.025541511457498816
-0.002009918499153939
-0.020176644747463748
-0.0021512035085742382
-0.0008132336462247859
-0.0320936605823452
-0.01567406854045086
-0.011615104767206947
-0.005494800688403486
-0.005160356313981649
-0.03395376425594417
-0.00481106211966505
-0.06608077884491416
-0.0104397517620552
-0.005344294843173382
-0.014613009580662804
-0.028825209392520007
-0.002945504382605642
-0.005494800688403486
0.0012740214578477412
-0.013357435417441405
-0.026181695619923926
-0.0026925380592163852
-0.022674756828498163
-0.006624247056490964
-0.0232037245977116
-0.0070365162750199205
-0.006975051924321328
-0.0026925380592163852
0.0037496304422524893
-0.014312469480009478
-0.014962005439650167
-0.06293508820689966
-0.008769783696602423
-0.006624247056490964
-0.04839029177641593
-0.02097224176225952
-0.022832713552103215
0.004748689585933982
-0.03238265137627237
-0.017233526430438434
-0.02555895448134329
0.003164410465185226
-0.016076200624106626
-0.04787796436606055
-0.05438155533550427
-0.00481106211966505
-0.024149385679829292
-0.005959878731919841
-0.022832713552103215
-0.013357435417441405
0.015227656994156095
0.0040415728334392545
-0.012311699365675352
-0.0104397517620552
-0.011503955304035604
-0.014962005439650167
-0.027155626710935934
0.053576669545613236
-0.05002469862880803
-0.020176644747463748
-0.015856969722585112
-0.021734160055530548
-0.022674756828498163
-0.03500392221587864
-0.016038490625534484
-0.04564150166308196
-0.030426174037203227
-0.004415435188127622
-0.0320936605823452
-0.021510851473457177
-0.028825209392520007
-0.017943260605748093
0.006845596588856864
-0.015856969722585112
0.009246853629829566
-0.028825209392520007
-0.022832713552103215
-0.024793263707938253
-0.007142859232905187
-0.005344294843173382
-0.04564150166308196
-0.034735721396480554
-0.0055265054152323365
-0.002491738223434804
-0.01266028156883688
-0.005004552857084576
-0.006266923601387869
-0.004913156853321105
0.028632965496586057
-0.02331713930319999
-0.04107673359601359
-0.045597310864436136
0.0037496304422524893
-0.008902622743466516
-0.00701016822719686
0.01270104461934638
-0.025660899784808813
-0.022674756828498163
-0.004806712764452388
0.008540356985267032
-0.03238265137627237
-0.03500392221587864
-0.008902622743466516
0.010906217352157108
-0.028825209392520007
-0.03500392221587864
-0.06293508820689966
-0.014720889867093152
-0.005004552857084576
-0.018149804693224147
-0.06841395909172251
0.021301847933530803
0.01946588784753852
-0.027155626710935934
-0.028825209392520007
0.003164410465185226
-0.013041289433546715
-0.0441746186327842
-0.050403842943427826
-0.025541511457498816
0.004748689585933982
-0.04787796436606055
0.0012740214578477412
-0.005494800688403486
0.007816443388146655
0.007613396724157885
-0.030426174037203227
0.01946588784753852
-0.023847924374772025
-0.020050469998843492
-0.0441746186327842
-0.028588462567906727
-0.024793263707938253
-0.024793263707938253
0.008877616046169432
0.007816443388146655
-0.030476492059046345
-0.03238265137627237
-0.013357435417441405
-0.0055265054152323365
-0.005004552857084576
0.0037496304422524893
-0.0052419202240465
0.0030355239544313244
-0.02275912064828891
-0.020050469998843492
0.0003977585001939813
-0.0052419202240465
-0.0097243476641844
-0.03395376425594417
-0.004060963826148776
0.022787951795542986
-0.028254148116551293
-0.06293508820689966
-0.0232037245977116
-0.002945504382605642
-0.004060963826148776
-0.0441746186327842
0.006845596588856864
-0.012311699365675352
-0.02275912064828891
0.021301847933530803
-0.011973206487703027
-0.028825209392520007
-0.027513060710716027
-0.004927419517951319
-0.008769783696602423
-0.019971400447174874
-0.01567406854045086
-0.01266028156883688
-0.005275015439295328
-0.010282099496807022
-0.017838423792528
-0.022832713552103215
-0.013357435417441405
-0.017233526430438434
-0.021734160055530548
-0.0029464304841775447
0.0005353473785907604
-0.02275912064828891
-0.0035538347278276086
0.014482910697198433
-0.06608077884491416
-0.004415435188127622
-0.005959878731919841
-0.004927419517951319
-0.016038490625534484
-0.02331713930319999
0.012467603061896171
-0.020050469998843492
-0.025412116683928097
-0.03133058052128865
-0.01567406854045086
-0.030476492059046345
-0.0104397517620552
0.0021988731631178223
0.007613396724157885
-0.03500392221587864
-0.008168218782232575
-0.02097224176225952
-0.004987479793877234
0.006845596588856864
-0.017399288851564106
-0.004927419517951319
-0.03507314129161825
-0.03133058052128865
-0.012238239718582919
0.0021988731631178223
-0.005469533460556696
-0.006624247056490964
-0.027155626710935934
-0.04140493539436032
-0.030476492059046345
-0.023847924374772025
-0.0320936605823452
-0.016038490625534484
-0.019971400447174874
0.009246853629829566
-0.022832713552103215
-0.011973206487703027
-0.014312469480009478
-0.008769783696602423
-0.020050469998843492
-0.0320936605823452
-0.009277738551037865
-0.0035538347278276086
-0.014720889867093152
-0.005004552857084576
-0.024149385679829292
-0.016617619782287027
-0.04107673359601359
-0.021734160055530548
-0.05002469862880803
0.010906217352157108
-0.005004552857084576
-0.0055015349142988005
-0.009277738551037865
-0.028588462567906727
-0.026007558473031718
0.022787951795542986
-0.008726333834641132
-0.005959878731919841
-0.027513060710716027
-0.03395376425594417
-0.006892001758625753
-0.008902622743466516
-0.06841395909172251
-0.004806712764452388
-0.002009918499153939
-0.017838423792528
-0.006266923601387869
0.06345869418492708
0.053576669545613236
-0.005494800688403486
-0.024019906175310853
-0.030476492059046345
-0.01266028156883688
-0.00701016822719686
-0.04107673359601359
0.01946588784753852
-0.01567406854045086
-0.0035538347278276086
0.007816443388146655
-0.015416298781700304
-0.006975051924321328
0.008540356985267032
-0.020050469998843492
0.053576669545613236
0.0040415728334392545
-0.025541511457498816
-0.017838423792528
0.021015790480616123
-0.005494800688403486
-0.02555895448134329
-0.0008132336462247859
0.0021988731631178223
0.007816443388146655
-0.017234072023324033
-0.012311699365675352
0.028632965496586057
-0.002491738223434804
-0.005160356313981649
0.009246853629829566
-0.0008759352762939889
-0.05438155533550427
0.012467603061896171
-0.023345809732014763
-0.022832713552103215
-0.020176644747463748
-0.03121847229965804
-0.025541511457498816
-0.005160356313981649
-0.04787796436606055
-0.01110375259596826
-0.01954502398355879
-0.014312469480009478
-0.004927419517951319
-0.019971400447174874
-0.005959878731919841
-0.00991810931098676
-0.04055061261904301
-0.06608077884491416
0.01946588784753852
-0.025660899784808813
-0.034735721396480554
-0.005469533460556696
-0.017234072023324033
-0.023847924374772025
-0.005460129812572573
-0.019971400447174874
0.0012740214578477412
-0.009000424159848554
-0.04564150166308196
-0.027155626710935934
0.0005353473785907604
-0.04140493539436032
0.005094833246053679
-0.01266028156883688
-0.03133058052128865
-0.0232037245977116
-0.009135960370187017
0.0037496304422524893
-0.005469533460556696
-0.022674756828498163
-0.01094473259303589
0.007224804487163046
-0.009277738551037865
-0.012311699365675352
-0.009000424159848554
-0.015856969722585112
-0.03238265137627237
-0.02331713930319999
-0.05438155533550427
-0.01110375259596826
-0.03121847229965804
-0.020357597050934147
-0.011615104767206947
0.010117575540954606
0.015227656994156095
-0.02567933107356894
-0.008769783696602423
0.010117575540954606
-0.030426174037203227
-0.0055265054152323365
-0.006624247056490964
-0.016617619782287027
0.015227656994156095
-0.006266923601387869
-0.017234072023324033
-0.002945504382605642
-0.008726333834641132
-0.0008132336462247859
-0.01146064156220314
-0.024019906175310853
-0.03121847229965804
-0.02250741656996471
0.009246853629829566
-0.025412116683928097
0.015227656994156095
-0.004987479793877234
-0.0022072783886986926
0.0030355239544313244
-0.007142859232905187
-0.02275912064828891
-0.012311699365675352
-0.02097224176225952
0.015227656994156095
-0.0021512035085742382
-0.019971400447174874
-0.05438155533550427
-0.03238265137627237
0.010906217352157108
0.010117575540954606
-0.027513060710716027
-0.025660899784808813
-0.01583045212702389
-0.01094473259303589
0.007816443388146655
-0.04107673359601359
-0.06841395909172251
-0.023345809732014763
-0.005275015439295328
-0.017399288851564106
0.008877616046169432
-0.002491738223434804
-0.02991421991347206
-0.0052419202240465
-0.008902622743466516
0.006845596588856864
0.0040415728334392545
-0.0008759352762939889
-0.015856969722585112
-0.020050469998843492
0.008877616046169432
-0.015416298781700304
-0.022421208906805715
-0.06694992943126901
-0.02331713930319999
-0.04140493539436032
-0.012311699365675352
0.005094833246053679
-0.03938596215766271
-0.004913156853321105
-0.01094473259303589
-0.013357435417441405
-0.002009918499153939
0.0030355239544313244
-0.020357597050934147
-0.0035538347278276086
-0.01266028156883688
-0.004060963826148776
0.0037496304422524893
-0.0232037245977116
-0.004913156853321105
-0.01576493722887379
0.003164410465185226
-0.008168218782232575
-0.008168218782232575
-0.02250741656996471
