-0.028260728211895552
-0.016869811236753837
0.002822015260975263
-0.003388426772089098
-0.02641914698893379
-0.007944818731110494
-0.027751807031618773
-0.05962484998633602
-0.026141595703263444
-0.015172034628897123
-0.004422166428761549
-0.015860784632433587
-0.042074077143083775
-0.008582152137995569
-0.018004280233087682
0.000810601272082045
-0.02303999102446211
-0.02853319222914745
-0.022314616683765037
-0.003388426772089098
-0.009399755125605525
0.000810601272082045
0.01018151102378519
-0.028142665058638636
-0.028260728211895552
-0.01945268543013193
-0.02028915362926226
-0.01948679083068206
-0.022133444870651442
0.013411763259094283
-0.015415413339155077
-0.03809385596570312
-0.03759690385926006
-0.01948679083068206
-0.013725227670564789
-0.022780134990243138
0.00046082508134816886
-0.004422166428761549
-0.01738206499183548
-0.006019140049368025
-0.018365971153271533
-0.007944818731110494
-0.05764661621125245
-0.030942846224696202
0.013840893819924842
-0.015860784632433587
-0.003229631345651249
-0.021084411510997585
-0.030942846224696202
-0.024785494582795303
-0.02011805198084274
-0.017242852868757444
0.018816806459639606
-0.007170804225616908
-0.024785494582795303
-0.03282961774005034
-0.04247712263448902
-0.005788987754356322
-0.007170804225616908
-0.021705866486296098
-0.028260728211895552
-0.022052614418763373
-0.0013958993640812915
0.000810601272082045
-0.006514074611624592
-0.016265555463241353
-0.02308377976574393
-0.037566582949022834
0.020622695404243302
0.005275561052863397
-0.022052614418763373
-0.018004280233087682
-0.01670394552353247
0.002196515499118288
-0.022133444870651442
-0.018836727177118224
-0.01062703726881153
-0.0055155363643826895
-0.028260728211895552
-0.003229631345651249
-0.045320598484856346
-0.028563583608903074
-0.011480102061498743
-0.010202601737067092
-0.0077737929150390895
-0.03805555988607869
-0.02160276535293295
0.000810601272082045
0.0006991912272934738
-0.028142665058638636
-0.003388426772089098
-0.01834649024479442
0.002822015260975263
-0.013518331474084608
-0.02177853647553306
-0.016265555463241353
-0.021084411510997585
-0.01062703726881153
-0.028142665058638636
0.011648962875732893
-0.003229631345651249
-0.015401611733489468
-0.03889629642812487
-0.017227825866490593
-0.011456254369992978
-0.04812186361394204
0.005275561052863397
-0.014934565456321252
-0.020976858561296
-0.018004280233087682
-0.013725227670564789
-0.008582152137995569
0.011839934616210062
-0.021705866486296098
-0.017242852868757444
-0.04883865172753055
-0.016265555463241353
-0.008807517058966345
-0.015027322942834214
0.01022488077805455
-0.00013404628217077692
-0.024785494582795303
-0.026141595703263444
0.003538510121268069
-0.017218027704493016
-0.012983248760605583
-0.04098572984591043
0.0036325889681209623
-0.022314616683765037
-0.02160276535293295
-0.017218027704493016
-0.030942846224696202
-0.04448806035567381
-0.004863481008887748
0.003538510121268069
-0.02011805198084274
-0.008582152137995569
-0.042074077143083775
-0.011283854283942733
-0.016869811236753837
-0.026141595703263444
-0.027563721024399745
-0.012620961184060924
-0.007944818731110494
-0.0022439569104343218
-0.027563721024399745
-0.023190842499710148
-0.003388426772089098
-0.018365971153271533
0.013840893819924842
-0.028563583608903074
-0.018365971153271533
0.003538510121268069
-0.012983248760605583
-0.005788987754356322
-0.03667547522058463
-0.018836727177118224
-0.021084411510997585
0.011648962875732893
0.0036325889681209623
-0.012975301979425792
-0.037566582949022834
-0.022314616683765037
-0.015417841183739912
-0.018146160278961574
0.020622695404243302
-0.03195004112546451
-0.020143862265113992
4.692971232357844e-05
-0.015926982381599307
-0.01834649024479442
-0.0022439569104343218
-0.08533302471878876
-0.03759690385926006
-0.0013958993640812915
-0.015415413339155077
-0.011456254369992978
-0.022133444870651442
-0.04098572984591043
-0.022308757610494615
0.018816806459639606
-0.028995546722834466
-0.0013958993640812915
-0.020976858561296
-0.008582152137995569
-0.0077737929150390895
0.002196515499118288
0.013411763259094283
-0.02011805198084274
-0.00013404628217077692
-0.03805555988607869
-0.008148629037051543
-0.017242852868757444
-0.02895482372819196
0.013411763259094283
-0.006019140049368025
0.002822015260975263
-0.03809385596570312
-0.02895482372819196
-0.030942846224696202
0.00034154929853076003
-0.011480102061498743
-0.024785494582795303
0.005275561052863397
-0.08533302471878876
-0.030942846224696202
-0.015417841183739912
-0.05234534296338321
-0.04448806035567381
-0.015401611733489468
0.005275561052863397
-0.015401611733489468
-0.045320598484856346
-0.012620961184060924
-0.028563583608903074
-0.01062703726881153
-0.0023186199209496695
-0.015926982381599307
-0.006514074611624592
-0.012499097533130317
-0.011587470528835462
-0.02708470379529273
-0.01945268543013193
-0.015401611733489468
0.011648962875732893
0.00034154929853076003
-0.02177853647553306
-0.02308377976574393
0.013411763259094283
-0.04890230404767405
-0.01945268543013193
-0.007540795545862686
-0.0010050475375122986
-0.04890230404767405
-0.021084411510997585
0.0047508143980635135
-0.021705866486296098
-0.011456254369992978
-0.02567557539132958
-0.007944818731110494
-0.022133444870651442
-0.007170804225616908
-0.026141595703263444
-0.01834649024479442
-0.015172034628897123
-0.05962484998633602
0.013840893819924842
-0.03676883293966269
-0.01062703726881153
-0.04890230404767405
-0.005788987754356322
-0.009399755125605525
-0.03199009372533204
-0.0010050475375122986
-0.03282961774005034
0.002196515499118288
-0.0023186199209496695
-0.02641914698893379
0.0036325889681209623
-0.011456254369992978
-0.015860784632433587
-0.013518331474084608
-0.02283058355223668
-0.04448806035567381
-0.018004280233087682
-0.0022439569104343218
-0.023277852159338887
-0.06322099825158331
-0.00930272844373929
-0.03111322307428549
-0.03676883293966269
-0.01738206499183548
-0.06985685225273805
-0.027563721024399745
-0.015172034628897123
0.006075972012460635
0.018816806459639606
-0.02028915362926226
-0.015926982381599307
-0.02895482372819196
-0.022780134990243138
-0.018836727177118224
0.013840893819924842
-0.02895482372819196
0.00034154929853076003
-0.028995546722834466
-0.0018129235628117203
-0.022052614418763373
-0.008582152137995569
-0.018365971153271533
-0.01738206499183548
0.008119489647388978
0.005094701737089
-0.06985685225273805
-0.005788987754356322
-0.015172034628897123
-0.015401611733489468
-0.013725227670564789
-0.021084411510997585
-0.013518331474084608
-0.015415413339155077
-0.008807517058966345
-0.015401611733489468
-0.03111322307428549
-0.04868664842205173
-0.015415413339155077
-0.0013958993640812915
-0.01670394552353247
-0.036091094051385074
-0.02283058355223668
-0.04883865172753055
-0.02011805198084274
-0.04883865172753055
-0.005788987754356322
-0.015027322942834214
-0.0379183524487055
-0.017218027704493016
-0.013699600226912259
-0.027751807031618773
-0.017218027704493016
-0.04812186361394204
-0.03199009372533204
-0.01945268543013193
-0.05234534296338321
-0.009399755125605525
-0.028563583608903074
-0.0013958993640812915
-0.0010050475375122986
-0.02303999102446211
-0.016534330015002464
-0.022308757610494615
-0.01945268543013193
-0.020976858561296
-0.01945268543013193
-0.037566582949022834
-0.016869811236753837
-0.02028915362926226
0.002196515499118288
-0.0462720370764186
-0.012983248760605583
-0.013518331474084608
-0.04883865172753055
0.0036325889681209623
-0.04890230404767405
-0.03160689291953746
-0.03676883293966269
-0.016265555463241353
-0.0013958993640812915
-0.031265632757344945
-0.007540795545862686
-0.010202601737067092
-0.01948679083068206
-0.011531128578260018
-0.0055155363643826895
-0.045320598484856346
-0.022308757610494615
-0.008582152137995569
-0.015415413339155077
-0.02160276535293295
-0.02708470379529273
-0.05234534296338321
-0.011456254369992978
-0.04052800154066043
0.008119489647388978
-0.0013958993640812915
-0.004422166428761549
-0.028260728211895552
-0.08533302471878876
-0.051701889814192964
-0.012983248760605583
-0.03676883293966269
-0.028260728211895552
-0.015415413339155077
-0.024785494582795303
-0.004863481008887748
-0.05234534296338321
-0.022052614418763373
-0.022133444870651442
0.013411763259094283
-0.014934565456321252
-0.04247712263448902
4.692971232357844e-05
-0.042074077143083775
-0.007170804225616908
-0.0010050475375122986
-0.04742041813497983
-0.022308757610494615
-0.04890230404767405
0.0006991912272934738
-0.02641914698893379
-0.009399755125605525
-0.016534330015002464
-0.030942846224696202
-0.03805555988607869
4.692971232357844e-05
-0.021705866486296098
-0.022308757610494615
0.0010266591006542767
0.000810601272082045
-0.011587470528835462
-0.02308377976574393
-0.03889629642812487
-0.017227825866490593
-0.016265555463241353
-0.004863481008887748
-0.011283854283942733
-0.020976858561296
-0.017218027704493016
-0.033000770872558725
-0.04098572984591043
-0.00849903048448887
-0.011456254369992978
-0.012620961184060924
-0.0018129235628117203
-0.015417841183739912
-0.028142665058638636
-0.021705866486296098
-0.021084411510997585
-0.010202601737067092
-0.042074077143083775
-0.0022439569104343218
-0.015860784632433587
-0.0462720370764186
-0.03667547522058463
-0.0056098145309463185
-0.006514074611624592
0.0171576456207022
-0.0055155363643826895
-0.0023186199209496695
0.0036325889681209623
-0.03759690385926006
-0.05234534296338321
-0.0013958993640812915
-0.04052800154066043
-0.00849903048448887
-0.0056098145309463185
-0.02177853647553306
-0.003388426772089098
-0.02340324551316972
-0.022133444870651442
-0.018836727177118224
-0.029029947158417394
-0.02160276535293295
-0.03160689291953746
-0.03160689291953746
-0.010202601737067092
-0.02567557539132958
-0.017242852868757444
-0.0022439569104343218
-0.027751807031618773
-0.015435327018236506
-0.01738206499183548
-0.023277852159338887
-0.05234534296338321
-0.026141595703263444
0.0010266591006542767
-0.013725227670564789
-0.01062703726881153
-0.007540795545862686
0.01018151102378519
-0.03676883293966269
0.002196515499118288
-0.018365971153271533
-0.03667547522058463
-0.002872769390824637
0.0006991912272934738
-0.042074077143083775
-0.02303999102446211
-0.011587470528835462
-0.015401611733489468
0.008119489647388978
-0.03889629642812487
-0.021084411510997585
-0.014097553641655873
-0.033000770872558725
-0.030942846224696202
-0.024785494582795303
-0.01834649024479442
-0.003229631345651249
-0.04890230404767405
-0.0055155363643826895
0.0036325889681209623
-0.00013404628217077692
-0.01062703726881153
-0.037566582949022834
-0.03199009372533204
0.0171576456207022
-0.02283058355223668
-0.051701889814192964
-0.01670394552353247
-0.015027322942834214
0.0036325889681209623
-0.02641914698893379
-0.010202601737067092
0.002822015260975263
-0.0013958993640812915
-0.051701889814192964
-0.01670394552353247
-0.028142665058638636
-0.027563721024399745
-0.007170804225616908
-0.017218027704493016
-0.009399755125605525
-0.03805555988607869
0.00046082508134816886
-0.017242852868757444
-0.011024790652827608
-0.028260728211895552
0.013411763259094283
-0.012975301979425792
-0.033000770872558725
0.011839934616210062
-0.015417841183739912
-0.03676883293966269
-0.017227825866490593
-0.020143862265113992
-0.003388426772089098
-0.00930272844373929
0.0006991912272934738
-0.03667547522058463
0.0036325889681209623
0.01018151102378519
-0.033000770872558725
-0.011480102061498743
0.008119489647388978
-0.042074077143083775
-0.033000770872558725
-0.03195004112546451
-0.011480102061498743
-0.011531128578260018
-0.028995546722834466
-0.04883865172753055
0.002196515499118288
-0.027563721024399745
-0.01670394552353247
-0.04812186361394204
-0.015435327018236506
-0.04868664842205173
-0.007944818731110494
-0.011456254369992978
-0.00930272844373929
-0.05234534296338321
-0.03199009372533204
-0.0013958993640812915
-0.05764661621125245
-0.008807517058966345
-0.04098572984591043
-0.028142665058638636
-0.02281630833309534
-0.015401611733489468
-0.02308377976574393
-0.005788987754356322
-0.05234534296338321
-0.01948679083068206
-0.014097553641655873
-0.00930272844373929
0.009055137108911872
-0.027563721024399745
-0.015860784632433587
-0.02641914698893379
-0.028563583608903074
-0.02160276535293295
-0.005788987754356322
-0.014097553641655873
-0.00013404628217077692
-0.007944818731110494
-0.0022439569104343218
-0.024785494582795303
-0.02567557539132958
-0.04098572984591043
-0.033000770872558725
-0.033000770872558725
-0.015435327018236506
-0.029029947158417394
-0.018836727177118224
-0.02281630833309534
-0.03759690385926006
0.00034154929853076003
0.013840893819924842
-0.013699600226912259
0.011648962875732893
0.020622695404243302
-0.014097553641655873
-0.02641914698893379
-0.015417841183739912
-0.008807517058966345
0.013411763259094283
-0.02340324551316972
0.013840893819924842
-0.03809385596570312
-0.04098572984591043
0.01018151102378519
-0.026141595703263444
-0.01945268543013193
-0.033000770872558725
-0.03195004112546451
-0.02281630833309534
-0.033000770872558725
-0.011456254369992978
0.005094701737089
-0.03759690385926006
4.692971232357844e-05
-0.036091094051385074
-0.015435327018236506
-0.03111322307428549
-0.03111322307428549
-0.03160689291953746
0.018816806459639606
-0.02340324551316972
-0.028260728211895552
-0.06322099825158331
-0.04868664842205173
-0.015860784632433587
-0.022314616683765037
-0.04052800154066043
-0.02708470379529273
-0.03236911461048048
-0.016534330015002464
-0.028260728211895552
-0.008807517058966345
-0.04812186361394204
-0.015415413339155077
-0.02283058355223668
-0.013518331474084608
-0.004863481008887748
-0.023190842499710148
-0.020143862265113992
-0.004863481008887748
-0.02708470379529273
-0.03759690385926006
-0.06985685225273805
-0.0055155363643826895
-0.006514074611624592
-0.00013404628217077692
-0.04052800154066043
-0.008807517058966345
-0.031265632757344945
0.013840893819924842
-0.021705866486296098
-0.02311234835894013
-0.0077737929150390895
-0.03809385596570312
-0.0462720370764186
0.00034154929853076003
-0.04098572984591043
-0.015172034628897123
-0.021705866486296098
-0.013386428739133484
0.000810601272082045
-0.013386428739133484
-0.008807517058966345
-0.01062703726881153
-0.012975301979425792
-0.05234534296338321
-0.011531128578260018
-0.011587470528835462
-0.03805555988607869
0.013840893819924842
0.0047508143980635135
-0.01062703726881153
-0.0077737929150390895
-0.002872769390824637
-0.008148629037051543
-0.015172034628897123
-0.015027322942834214
-0.02708470379529273
-0.018365971153271533
-0.04052800154066043
-0.016534330015002464
-0.022133444870651442
0.005094701737089
-0.015027322942834214
-0.037566582949022834
-0.012620961184060924
-0.02641914698893379
-0.06322099825158331
-0.08533302471878876
-0.013386428739133484
-0.01738206499183548
-0.002872769390824637
-0.02281630833309534
-0.011283854283942733
-0.04890230404767405
-0.08533302471878876
-0.008582152137995569
-0.015860784632433587
-0.008148629037051543
-0.007944818731110494
-0.03667547522058463
-0.017242852868757444
-0.02567557539132958
-0.005788987754356322
-0.018836727177118224
-0.016265555463241353
-0.029029947158417394
-0.024785494582795303
0.011648962875732893
0.0006991912272934738
-0.020143862265113992
-0.017242852868757444
-0.03676883293966269
-0.031265632757344945
-0.008148629037051543
-0.02283058355223668
0.0006991912272934738
0.013411763259094283
0.011648962875732893
-0.02567557539132958
-0.03805555988607869
-0.011456254369992978
0.0036325889681209623
-0.018365971153271533
-0.045320598484856346
-0.015417841183739912
-0.01834649024479442
-0.015401611733489468
-0.007540795545862686
-0.01834649024479442
-0.02311234835894013
-0.04812186361394204
-0.04098572984591043
-0.02504301697238156
-0.011531128578260018
0.0171576456207022
-0.04742041813497983
-0.02567557539132958
0.006075972012460635
0.005094701737089
-0.08533302471878876
-0.027751807031618773
0.01018151102378519
4.692971232357844e-05
-0.010202601737067092
-0.02308377976574393
-0.015415413339155077
-0.045320598484856346
-0.0379183524487055
-0.03160689291953746
-0.022052614418763373
-0.021084411510997585
-0.012983248760605583
-0.0022439569104343218
-0.014934565456321252
-0.02281630833309534
-0.015860784632433587
-0.01834649024479442
-0.03805555988607869
-0.013518331474084608
-0.004422166428761549
-0.004863481008887748
-0.0022439569104343218
-0.02641914698893379
-0.018146160278961574
-0.013725227670564789
0.0047508143980635135
-0.009399755125605525
-0.06985685225273805
-0.04448806035567381
-0.0023186199209496695
0.002822015260975263
-0.01738206499183548
-0.005788987754356322
-0.004422166428761549
-0.00849903048448887
-0.017218027704493016
0.008119489647388978
-0.015027322942834214
-0.018146160278961574
-0.00858925991583533
-0.02567557539132958
-0.029029947158417394
-0.015417841183739912
-0.04247712263448902
-0.02567557539132958
-0.011283854283942733
0.013411763259094283
-0.03111322307428549
-0.015401611733489468
-0.011283854283942733
-0.04742041813497983
-0.020143862265113992
-0.023277852159338887
-0.022133444870651442
-0.02567557539132958
-0.05234534296338321
-0.03809385596570312
0.00046082508134816886
-0.017218027704493016
-0.015435327018236506
0.0036325889681209623
-0.018836727177118224
-0.0462720370764186
-0.036091094051385074
-0.03199009372533204
0.003538510121268069
0.008119489647388978
-0.016265555463241353
-0.022780134990243138
-0.012975301979425792
-0.003229631345651249
-0.028563583608903074
-0.015415413339155077
-0.036091094051385074
0.002822015260975263
-0.02283058355223668
-0.02340324551316972
-0.045320598484856346
0.013840893819924842
-0.026141595703263444
-0.028260728211895552
-0.020976858561296
-0.015417841183739912
0.002822015260975263
0.01022488077805455
-0.017429536282131085
-0.008807517058966345
-0.02028915362926226
-0.05234534296338321
-0.05962484998633602
-0.011024790652827608
-0.02567557539132958
0.0006991912272934738
-0.018146160278961574
-0.016869811236753837
-0.0056098145309463185
4.692971232357844e-05
0.0010266591006542767
-0.015415413339155077
-0.01738206499183548
-0.021084411510997585
-0.015172034628897123
0.013411763259094283
-0.015417841183739912
-0.01670394552353247
-0.05962484998633602
-0.007540795545862686
-0.02340324551316972
-0.03160689291953746
0.01018151102378519
-0.02311234835894013
-0.03805555988607869
-0.04052800154066043
-0.0022439569104343218
-0.018146160278961574
-0.00849903048448887
-0.02308377976574393
-0.027563721024399745
-0.031265632757344945
-0.008582152137995569
0.008119489647388978
-0.012975301979425792
-0.04742041813497983
0.00034154929853076003
-0.029029947158417394
0.00046082508134816886
-0.06322099825158331
-0.03282961774005034
-0.022780134990243138
-0.0010050475375122986
-0.018004280233087682
-0.027751807031618773
0.01018151102378519
-0.0010050475375122986
-0.015435327018236506
0.005275561052863397
-0.017242852868757444
-0.007170804225616908
0.0010266591006542767
-0.031265632757344945
-0.028260728211895552
-0.01834649024479442
0.009055137108911872
-0.017227825866490593
-0.011283854283942733
-0.028995546722834466
-0.015417841183739912
-0.011283854283942733
-0.012975301979425792
-0.017242852868757444
-0.0013958993640812915
-0.05764661621125245
-0.01948679083068206
0.013840893819924842
-0.026141595703263444
-0.015860784632433587
-0.017218027704493016
-0.030942846224696202
-0.015401611733489468
-0.04890230404767405
-0.01738206499183548
-0.006019140049368025
-0.01738206499183548
-0.021705866486296098
-0.036091094051385074
-0.03759690385926006
-0.015926982381599307
0.0036325889681209623
-0.012975301979425792
-0.03282961774005034
-0.011283854283942733
-0.0055155363643826895
-0.02303999102446211
-0.0056098145309463185
-0.017227825866490593
-0.028995546722834466
0.0036325889681209623
-0.004863481008887748
-0.042074077143083775
-0.05764661621125245
0.0171576456207022
-0.02708470379529273
-0.0010050475375122986
-0.003388426772089098
-0.0055155363643826895
-0.006514074611624592
-0.0013958993640812915
-0.013699600226912259
0.00046082508134816886
-0.03199009372533204
-0.03282961774005034
0.013840893819924842
-0.015401611733489468
-0.011531128578260018
-0.026141595703263444
-0.017218027704493016
-0.02223973313680746
-0.020143862265113992
0.01018151102378519
0.01018151102378519
-0.03111322307428549
-0.02340324551316972
-0.011024790652827608
-0.02311234835894013
-0.01834649024479442
0.008119489647388978
-0.031265632757344945
-0.021705866486296098
-0.02567557539132958
-0.028142665058638636
-0.04890230404767405
-0.004863481008887748
-0.02853319222914745
-0.0013958993640812915
-0.04812186361394204
-0.014934565456321252
-0.02340324551316972
-0.008148629037051543
-0.028995546722834466
-0.022308757610494615
-0.03889629642812487
-0.005788987754356322
-0.017429536282131085
-0.051701889814192964
-0.01945268543013193
-0.014934565456321252
4.692971232357844e-05
-0.010202601737067092
-0.008148629037051543
-0.029029947158417394
-0.015926982381599307
-0.02223973313680746
-0.021084411510997585
-0.014934565456321252
-0.015417841183739912
-0.02567557539132958
0.013840893819924842
-0.0013958993640812915
-0.007170804225616908
-0.02504301697238156
-0.02283058355223668
-0.02303999102446211
-0.016265555463241353
-0.010202601737067092
-0.02223973313680746
-0.016869811236753837
-0.02011805198084274
-0.04742041813497983
-0.018004280233087682
-0.024785494582795303
-0.031265632757344945
-0.01834649024479442
-0.012499097533130317
-0.045320598484856346
-0.01062703726881153
0.005094701737089
-0.02567557539132958
-0.04812186361394204
-0.02177853647553306
-0.018836727177118224
-0.03676883293966269
-0.0013958993640812915
-0.00930272844373929
-0.027563721024399745
-0.008148629037051543
-0.04742041813497983
-0.06322099825158331
-0.015417841183739912
0.018816806459639606
0.011648962875732893
-0.022314616683765037
