-0.01175352004074634
-0.009886707007470451
-0.02066018423940429
-0.000842331297711299
-0.005451706112467408
-0.019217342384976414
-0.016492611963234646
0.005690304992693077
-0.01408777029998116
-0.057099508130936935
-0.03412658728436998
-0.02284892841162829
-0.008899225634818545
-0.020287409584770044
-0.008950105196298522
-0.057129381828950755
0.003816140072703599
-0.023986349215011086
-0.05377957425649028
-0.031975263344115185
-0.02444773328869215
-0.01728376752471432
-0.005451706112467408
-0.028808701109774026
-0.02909905559639921
-0.0077790067683154674
-0.022635080642981305
-0.009946759345682217
-0.013869654194420294
-0.004010040625094231
-0.00388583016803499
0.0020569870637741476
-0.013892016159693234
-0.05178840506417425
-0.04872330735796484
-0.03323443283029078
-0.008899225634818545
-0.02687227702122887
0.014858675963763364
-0.02282713821538691
-0.001779190108964936
-0.023378887737788265
0.00960007099949637
-0.02282713821538691
-0.015679382383402784
-0.016430852266866604
-0.03132714023534603
-0.006312095281643403
-0.015881738675191506
-0.002799568549161539
-0.02284892841162829
-0.011584715482252334
-0.057129381828950755
-0.015679382383402784
-0.026085688782229235
0.004021531197617539
-0.029303760081171616
-0.020287409584770044
-0.012025742856331161
-0.01697894960188251
-0.011151988674418639
-0.017828082572262986
-0.02909905559639921
-0.06825968647392672
0.003050713221981644
-0.021394538946192438
0.004357693661098564
-0.04233844900655176
0.03080878204871012
-0.017695344404529138
-0.043944935603913396
-0.016739823220931052
-0.013787340101980117
0.0010028727387055671
0.007624195052150257
-0.032991962040850094
-0.03945503509132077
-0.03412658728436998
-0.01982886389002087
-0.017738600911261383
0.004357693661098564
-0.03913438348445442
-0.015881738675191506
-0.01828389136379308
-0.023930548777884832
-0.07112396563708519
-0.019555738499679187
-0.01726235234358067
-0.009157734974686547
0.01872720124312436
-0.033760319871260575
-0.023686355827529735
-0.05448456183296621
-0.016430852266866604
-0.022265308283207236
-0.00795495192201912
-0.016739823220931052
-0.02258395292680059
-0.000842331297711299
-0.01047596391139483
-0.015013919880429792
0.02036867936482331
-0.026852504981723983
-0.0025826616580933003
-0.04196294062330825
-0.02756385972678675
0.00011481806756750951
-0.011151988674418639
-0.029815698377780024
-0.01697894960188251
-0.01408777029998116
0.004357693661098564
-0.009557090985690596
-0.008427879784435103
0.004357693661098564
-0.040568772984626085
-0.02981594052503076
-0.05377957425649028
-0.011100603652698703
0.009545593110274855
-0.040568772984626085
-0.026085688782229235
-0.03487616116174936
-0.015007390770397972
-0.012988618636480717
-0.022521490630290773
-0.031223418546115274
0.006525329659668862
-0.0016191872057545003
-0.00975247105253214
-0.019935514330601055
-0.04233844900655176
-0.03412658728436998
-0.02569418326548676
-0.004498045016326518
-0.011584715482252334
-0.01269630116187257
-0.016233350437175803
-0.034225287334976345
-0.028808701109774026
-0.04186887178164279
-0.015201701840917495
0.005613086979552576
-0.02981594052503076
-0.014171628844751559
-0.007709959027163934
-0.010230833821834933
-0.02287662634611079
-0.014171628844751559
-0.03913438348445442
-0.01175352004074634
-0.02693642069042671
-0.0013341273067520676
-0.022480475865072274
0.03080878204871012
-0.000842331297711299
-0.0042248033308514305
-0.0077227018602735314
-0.00388583016803499
0.024533303737039963
0.001868121115637773
-0.016206811814610176
-0.017738600911261383
0.00897695081078723
-0.0051605006949449585
-0.020287409584770044
-0.015881738675191506
-0.013869654194420294
-0.02261356439122462
-0.019578947990555737
-0.04719386723335164
-0.0016191872057545003
-0.013892016159693234
0.0007426145716045376
-0.015927817765917653
-0.008153953070920563
-0.02335579289386747
-0.05583957718655822
-0.012397384923699524
-0.010211700422011338
-0.03160582202418381
-0.0446347383209639
-0.015013919880429792
-0.04651002365412305
0.006668320621481286
-0.028070302399396497
-0.019217342384976414
-0.03945503509132077
-0.040568772984626085
-0.04186887178164279
-0.01352780063172087
-0.01408156916960519
0.0010028727387055671
-0.026852504981723983
-0.025211547739675287
-0.011151988674418639
-0.01352780063172087
-0.03132714023534603
-0.04562776590428013
-0.03876355514806802
-0.029815698377780024
-0.0077227018602735314
-0.013787340101980117
-0.00975247105253214
-0.05178840506417425
-0.019578947990555737
0.003816140072703599
0.0007426145716045376
-0.017281906176930928
-0.05070738090851324
-0.00975247105253214
-0.025609970159692658
-0.04961508808456815
-0.009886707007470451
-0.0036545922485702784
-0.016310217001575283
-0.03323443283029078
0.006474647937501159
-0.017738600911261383
-0.02284892841162829
-0.0051605006949449585
0.006525329659668862
-0.011661335346332541
-0.03412658728436998
-0.02287662634611079
-0.006873818574350429
-0.012988618636480717
-0.01892388965875041
0.00469576854015788
0.027762332836074516
-0.01016321798911751
-0.04196294062330825
-0.007709959027163934
-0.03299180097090875
-0.021394538946192438
-0.04651002365412305
0.0010350361758278395
-0.03160582202418381
-0.01982886389002087
-0.07917270011078478
-0.019578947990555737
-0.012691704919946312
-0.03323443283029078
-0.015881738675191506
-0.014171628844751559
-0.03166414023702082
0.01047259521946792
-0.015236802126276393
-0.010887129222347483
-0.0001313822427442512
-0.02244880983269931
-0.011316363126439659
-0.00388583016803499
-0.019935514330601055
-0.01016321798911751
-0.057129381828950755
-7.730675726269361e-05
-0.019766597956284767
-0.05008594940481585
-0.031223418546115274
-0.029403341396544474
-0.030660620499753835
-0.03487616116174936
-0.05008594940481585
-0.015007390770397972
-0.016206811814610176
-0.03513757553780553
-0.025211547739675287
-0.0020970910426120104
-0.009946759345682217
-0.03627784345475847
-0.02981594052503076
0.0020569870637741476
-0.002624580966387076
-0.0042248033308514305
-0.02287662634611079
-0.016430852266866604
-0.05898572582307236
-0.014171628844751559
-0.04008103686707919
-0.011661335346332541
-0.031975263344115185
0.027762332836074516
0.004348893663374229
-0.01408777029998116
0.0007571743902667374
-0.04692631492553317
-0.013769861232860905
-0.01676385013109778
0.01047259521946792
-0.006312095281643403
-0.03513757553780553
-0.06825968647392672
-0.04196294062330825
-0.015679382383402784
-0.010552706076050649
-0.015798414637183525
-0.013869654194420294
-0.04233844900655176
-0.008461567996723766
-0.011415198416340406
-0.0013341273067520676
-0.017828082572262986
-0.02261356439122462
0.0010350361758278395
0.00391408327761584
-0.03308240367177345
-0.012277386498696552
-0.01853241724469729
0.004357693661098564
-0.015881738675191506
-0.027899476743143664
0.006525329659668862
0.004348893663374229
-7.730675726269361e-05
-0.007797914076297052
-0.05898572582307236
-0.019660142560943762
-0.015201701840917495
-0.032991962040850094
-0.000842331297711299
-0.019217342384976414
-0.028866990727063873
-0.016430852266866604
0.01872720124312436
-0.057129381828950755
-0.02282713821538691
-0.03166414023702082
-0.017695344404529138
-0.01853241724469729
-0.01175352004074634
0.0029260116623670593
-0.0001313822427442512
-0.024439764173725897
0.0007426145716045376
-0.04872330735796484
-0.043944935603913396
-0.016739823220931052
-0.0032303190963829807
-0.018809889970855934
-0.015927817765917653
0.006525329659668862
-0.01580005680742628
-0.04692631492553317
-0.006029032275358028
-0.02569418326548676
-0.010230833821834933
-0.05583957718655822
-0.03480998331826336
-0.0032303190963829807
0.00391408327761584
-0.03179229487790698
-0.03847671608204175
-0.016233350437175803
-0.015131464949231557
-0.01676385013109778
-0.010552706076050649
-0.00795495192201912
0.005690304992693077
-0.014171628844751559
0.02036867936482331
-0.015131464949231557
-0.01828389136379308
-0.016492611963234646
-0.02569418326548676
-0.021750835752177795
-0.012277386498696552
-0.016310217001575283
-0.029403341396544474
-0.006849299578768634
-0.015881738675191506
-0.02821856795953658
-0.0001313822427442512
-0.05377957425649028
-0.029403341396544474
-0.009886707007470451
-0.011415198416340406
-0.031810990690487415
-0.009946759345682217
0.00897695081078723
-0.008950105196298522
-0.025205147191281446
-0.04872330735796484
-0.023823532485314932
0.003753842241371346
-0.07112396563708519
-0.030660620499753835
-0.0010562730117225497
0.0037013171982113006
-0.05448456183296621
0.00011481806756750951
-0.04008103686707919
0.00391408327761584
-0.013022820314931401
-0.029214854374388418
-0.015881738675191506
-0.008781557888232597
-0.035123896533548575
-0.005451706112467408
0.003753842241371346
-0.014473234097017085
-0.043944935603913396
-0.010552706076050649
-0.01629993461403196
-0.014473234097017085
-0.026852504981723983
0.006474647937501159
-0.02066018423940429
-0.009886707007470451
-0.004010040625094231
0.016572262476717347
-0.02909905559639921
-0.0108087807380303
-0.0047490645296432476
-0.0051605006949449585
-0.0025826616580933003
-0.05070738090851324
-0.016206811814610176
0.005613086979552576
-0.01175352004074634
-0.0274309349105532
-0.029214854374388418
-0.02244880983269931
-0.01728376752471432
-0.031810990690487415
-0.03627784345475847
-0.02821856795953658
-0.023986349215011086
-0.017738600911261383
-0.01408777029998116
-0.023378887737788265
-0.07917270011078478
0.03080878204871012
-0.016739823220931052
-0.022480475865072274
-0.01047596391139483
0.003753842241371346
-0.010552706076050649
-0.018809889970855934
-0.005412528793041871
-0.019217342384976414
-0.04064936261890619
-0.0160009330108567
-0.02756385972678675
-0.022863082690347928
-0.006873818574350429
-0.03945503509132077
-0.0032303190963829807
-0.028808701109774026
0.014858675963763364
-0.02981594052503076
-0.004418007541224239
-0.012691704919946312
-0.03945503509132077
-0.012691704919946312
-0.01047596391139483
0.003753842241371346
-0.023686355827529735
0.003753842241371346
-0.01726235234358067
-0.002624580966387076
-0.0036545922485702784
0.016572262476717347
-0.025609970159692658
-0.025609970159692658
-0.01408156916960519
0.0029260116623670593
-0.01728376752471432
-0.004418007541224239
-0.05008594940481585
-0.029815698377780024
-7.730675726269361e-05
-0.034225287334976345
-0.016430852266866604
-0.01782315135274635
0.027762332836074516
-0.05008594940481585
-0.05070738090851324
-0.008899225634818545
-0.04719386723335164
-0.019578947990555737
0.007624195052150257
-0.05448456183296621
-0.03160582202418381
-0.01352780063172087
-0.022863082690347928
-0.023986349215011086
-0.05070738090851324
0.001868121115637773
-0.018391651622285187
-0.0032303190963829807
-0.0032303190963829807
-0.033812094887790224
-0.01047596391139483
-0.010211700422011338
-0.0013341273067520676
-0.029214854374388418
-0.015732249926746492
-0.012988618636480717
-0.02687227702122887
-0.023333127620701378
-0.018333588193760863
-0.05070738090851324
-0.02569418326548676
-0.023823532485314932
-0.011316363126439659
-0.016233350437175803
-0.012397384923699524
-0.008950105196298522
0.001868121115637773
-0.01892388965875041
-0.02693642069042671
-0.025550274113426037
-0.00388583016803499
-0.02810514275723354
-0.01879835832278144
0.003816140072703599
-0.005589865376467817
-0.0077227018602735314
-0.001779190108964936
-0.03480998331826336
-0.07917270011078478
-7.730675726269361e-05
0.027762332836074516
-0.000842331297711299
-0.04562776590428013
-0.008329998502623375
-0.001779190108964936
-0.03299180097090875
-0.04233844900655176
-0.03253661107333323
-0.015732249926746492
-0.02335579289386747
-0.03179229487790698
-0.0274309349105532
-0.011638822566463272
-0.011151988674418639
-0.005589865376467817
-0.0108087807380303
0.00391408327761584
-0.04872330735796484
-0.022480475865072274
-0.017738600911261383
-0.019217342384976414
0.01047259521946792
-0.004281703817209418
-0.015007390770397972
-0.01175352004074634
-0.013022820314931401
-0.028808701109774026
-0.008329998502623375
-0.009157734974686547
-0.05448456183296621
-0.04872330735796484
-0.015236802126276393
-0.01879835832278144
-0.005589865376467817
-0.016310217001575283
-0.04008103686707919
-0.02981594052503076
-0.028808701109774026
-0.022480475865072274
-0.01352780063172087
-0.005451706112467408
-0.008950105196298522
-0.015881738675191506
-0.03480998331826336
-0.057099508130936935
-0.07112396563708519
-0.00795495192201912
-0.02687227702122887
-0.010230833821834933
-0.00795495192201912
-0.018391651622285187
-0.004010040625094231
-0.01047596391139483
-0.020318088676580148
-0.011316363126439659
-0.011149707318750972
-0.022480475865072274
-0.0446347383209639
-0.009557090985690596
-0.035123896533548575
-0.002624580966387076
-0.0001313822427442512
-0.010364051297859654
-0.013769861232860905
-0.019935514330601055
-0.020818377842539246
-0.012988618636480717
-0.016857832333408537
-0.002799568549161539
-0.03166414023702082
-0.025211547739675287
-0.020818377842539246
-0.03913438348445442
-0.01982886389002087
-0.01728376752471432
-0.016739823220931052
0.0020569870637741476
-0.04064936261890619
-0.02261356439122462
-0.023986349215011086
-0.008950105196298522
-0.019578947990555737
-0.02551005411695564
-0.016739823220931052
-0.03160582202418381
-0.012256356635319949
-0.05178840506417425
-0.02693642069042671
-0.023986349215011086
0.00897695081078723
-0.03876355514806802
0.0007426145716045376
-0.011250993502299396
-0.0016191872057545003
-0.02258395292680059
-0.004498045016326518
-0.02335579289386747
-0.02551005411695564
-0.015798414637183525
-0.015679382383402784
-0.018327168752748715
-0.019555738499679187
0.004206705909161194
-0.024439764173725897
-0.005412528793041871
-0.022480475865072274
-0.06825968647392672
-0.02981594052503076
-0.025609970159692658
-0.02687227702122887
0.0007571743902667374
-0.040324822976455406
-0.030115439598893005
-0.015927817765917653
-0.028070302399396497
-0.024439764173725897
-0.03487616116174936
-0.011100603652698703
-0.013648746187182459
-0.015679382383402784
-0.018809889970855934
-0.019217342384976414
0.0010350361758278395
-0.0036545922485702784
-0.011638822566463272
-0.0051605006949449585
-0.018327168752748715
0.01872720124312436
0.01047259521946792
0.006668320621481286
-0.023823532485314932
0.005690304992693077
-0.017281906176930928
-0.03487616116174936
-0.0036545922485702784
-0.016310217001575283
-0.019935514330601055
-0.03945503509132077
-0.009557090985690596
0.003816140072703599
0.00960007099949637
-0.01580005680742628
-0.01728376752471432
-0.04196294062330825
-0.07112396563708519
0.02036867936482331
-0.02258395292680059
-0.022438032276255526
0.014858675963763364
-0.04651002365412305
0.006525329659668862
-0.006873818574350429
0.024533303737039963
-0.03788377950844748
-0.022480475865072274
-0.019555738499679187
-0.03308240367177345
-0.025883199986520104
-0.017281906176930928
0.003050713221981644
0.003816140072703599
-0.010211700422011338
-0.02981594052503076
-0.07112396563708519
-0.009886707007470451
0.024533303737039963
-0.010887129222347483
-0.03166414023702082
-0.018391651622285187
-0.008950105196298522
-0.016739823220931052
-0.012256356635319949
-0.007797914076297052
0.005613086979552576
-0.031810990690487415
-0.015131464949231557
-0.018327168752748715
-0.005412528793041871
-0.025205147191281446
-0.03253661107333323
-0.06462529756303119
-0.013892016159693234
-0.02287662634611079
0.016572262476717347
-0.02909905559639921
-0.00388583016803499
-0.029303760081171616
-0.04872330735796484
-0.04692631492553317
-0.015236802126276393
-0.01408156916960519
-0.05008594940481585
-0.00795495192201912
-0.015777063756309075
-0.026852504981723983
-0.0020970910426120104
-0.023823532485314932
-0.011312272340658682
0.0007426145716045376
-0.03945503509132077
-0.013022820314931401
-0.01580005680742628
-0.02261356439122462
-0.012691704919946312
-0.03627784345475847
-0.014171628844751559
-0.02335579289386747
0.0028562869969868277
-0.02335579289386747
-0.0013341273067520676
-0.013241113288184971
-0.022863082690347928
0.02036867936482331
-0.022265308283207236
-0.015881738675191506
-0.023823532485314932
-0.005193448228052846
-0.02284892841162829
-0.016492611963234646
-0.03847671608204175
-0.03308240367177345
-0.026852504981723983
-0.015881738675191506
-0.017828082572262986
-0.028070302399396497
-0.011149707318750972
0.0010028727387055671
-0.034225287334976345
-0.016492611963234646
-0.013648746187182459
-0.021750835752177795
-0.005193448228052846
-0.004281703817209418
-0.009157734974686547
-0.03945503509132077
-0.01580005680742628
-0.012397384923699524
-0.05448456183296621
-0.035123896533548575
0.004357693661098564
-0.008153953070920563
-0.004418007541224239
-0.03788377950844748
0.0005650961383963273
-0.019357018191324585
-0.018327168752748715
-0.022480475865072274
0.0007426145716045376
0.003050713221981644
0.01872720124312436
0.0020569870637741476
-0.004418007541224239
-0.005589865376467817
-0.0035230352021129382
-0.01016321798911751
-0.022635080642981305
0.0007426145716045376
-0.017738600911261383
-0.022438032276255526
-0.029403341396544474
0.0020569870637741476
0.00011481806756750951
-0.010364051297859654
-0.005589865376467817
-0.008781557888232597
-0.022265308283207236
-0.012636685841601365
-0.006873818574350429
-0.07112396563708519
-0.024439764173725897
-0.02258395292680059
0.001868121115637773
-0.012962672179636783
-0.0025826616580933003
-0.02284892841162829
-0.020318088676580148
-0.006873818574350429
-0.016310217001575283
-0.03847671608204175
-0.012636685841601365
-0.021394538946192438
-0.040324822976455406
-0.015236802126276393
-0.00795495192201912
-0.019935514330601055
-0.02569418326548676
-0.024439764173725897
-0.004010040625094231
-0.015201701840917495
-0.006462987406974747
-0.030660620499753835
-0.005589865376467817
-0.03253661107333323
-0.03487616116174936
-0.015013919880429792
-0.028808701109774026
0.0007571743902667374
-0.011250993502299396
-0.017807436271022065
0.004206705909161194
0.0020569870637741476
-0.013787340101980117
-0.014473234097017085
-0.02284892841162829
-0.005193448228052846
-0.021394538946192438
-0.021750835752177795
-0.005589865376467817
-0.015236802126276393
-0.01352780063172087
-0.029815698377780024
-0.057129381828950755
-0.021394538946192438
-7.730675726269361e-05
-0.012397384923699524
-0.013769861232860905
0.009545593110274855
-0.0077790067683154674
-0.023341022176905594
-0.008950105196298522
-0.03913438348445442
-0.02066018423940429
-0.0077790067683154674
-0.017695344404529138
-0.009157734974686547
-0.035123896533548575
-0.05008594940481585
-0.01047596391139483
-0.04186887178164279
-0.008973775342051174
-0.016492611963234646
-0.019766597956284767
-0.04186887178164279
-0.01728376752471432
-0.004010040625094231
-0.02693642069042671
-0.036394325483989264
-0.04186887178164279
0.004021531197617539
-0.035123896533548575
-0.011312272340658682
-0.04872330735796484
-0.026852504981723983
-0.00388583016803499
-0.01580005680742628
-0.031810990690487415
-0.018809889970855934
-0.026852504981723983
-0.03132714023534603
-0.016739823220931052
0.018226115085306874
-0.02444773328869215
-0.011584715482252334
-0.03166414023702082
-0.03487616116174936
-0.02444773328869215
-0.028866990727063873
-0.05070738090851324
-0.024439764173725897
0.00011481806756750951
-0.022265308283207236
-0.004281703817209418
-0.03132714023534603
-0.022635080642981305
-0.016233350437175803
0.00469576854015788
-0.029214854374388418
-0.027899476743143664
-0.03788377950844748
-0.022265308283207236
-0.01697894960188251
-0.021394538946192438
-0.05178840506417425
0.003050713221981644
-0.016233350437175803
-0.02258395292680059
-0.020318088676580148
-0.031975263344115185
-0.05898572582307236
-0.022521490630290773
-0.011638822566463272
-0.02066018423940429
-0.01728376752471432
-0.017281906176930928
-0.010230833821834933
-0.023930548777884832
0.0029260116623670593
-0.02066018423940429
-0.022480475865072274
-0.03945503509132077
-0.01269630116187257
-0.009543757253449536
-0.011151988674418639
-0.020818377842539246
-0.005589865376467817
-0.05178840506417425
-0.015927817765917653
-0.009886707007470451
-0.01892388965875041
-0.014171628844751559
-0.028866990727063873
-0.0035230352021129382
-0.0047490645296432476
0.009545593110274855
-0.022635080642981305
-0.011312272340658682
-0.057099508130936935
-0.017738600911261383
-0.04961508808456815
-0.0047490645296432476
-0.023378887737788265
-0.017738600911261383
-0.02066018423940429
-0.043944935603913396
0.027762332836074516
-0.02244880983269931
-0.06825968647392672
-0.013241113288184971
0.00897695081078723
-0.03412658728436998
-0.034225287334976345
-0.010364051297859654
-0.006878902117265851
-0.008461567996723766
-0.019766597956284767
-0.029889546002494168
-0.019660142560943762
0.004357693661098564
-0.020818377842539246
-0.01697894960188251
-0.031975263344115185
-0.008781557888232597
-0.02282713821538691
-0.00388583016803499
-0.002624580966387076
-0.023986349215011086
-0.0025826616580933003
-0.016492611963234646
-0.01676385013109778
-0.02981594052503076
-0.02282713821538691
-0.017738600911261383
-0.01982886389002087
-0.011316363126439659
-0.005193448228052846
-0.023333127620701378
-0.0013341273067520676
-0.011100603652698703
-0.027312472001159056
-0.028808701109774026
-0.017281906176930928
-0.019357018191324585
0.0007426145716045376
-0.01408777029998116
0.014858675963763364
-0.02444773328869215
-0.016206811814610176
-0.012025742856331161
-0.029403341396544474
0.006668320621481286
-0.03179229487790698
-7.730675726269361e-05
-0.05583957718655822
-0.022480475865072274
0.00897695081078723
-0.02335579289386747
-0.0077790067683154674
-0.05898572582307236
-0.012397384923699524
-0.015013919880429792
-0.05898572582307236
-0.022863082690347928
-0.015679382383402784
-0.03487616116174936
-0.011584715482252334
-0.04719386723335164
-0.012962672179636783
