-0.017113142143311028
-0.00957315035991399
0.006142432312830217
-0.015727368823276865
-0.018371402820816257
-0.017113142143311028
-0.019140835762789767
-0.013759264979226476
-0.006662356019764061
-0.0026151147556335826
-0.013797297430022693
-0.044884599966621364
-0.022279228270097692
-0.007972465395178416
-0.02228010021166882
-0.011386317501407008
-0.000791992352531721
-0.018371402820816257
-0.028609494756795268
-0.013594833997274236
-0.010827821047440003
-0.007177282555580437
-0.000791992352531721
-0.044884599966621364
0.006142432312830217
-0.018371402820816257
-0.015727368823276865
-0.012033144367073294
-0.0026151147556335826
-0.03613414959669897
-0.013435684047550375
-0.011386317501407008
-0.019140835762789767
-0.035388872378267315
-0.035388872378267315
-0.013759264979226476
-0.010827821047440003
-0.022279228270097692
-0.022123122156656166
-0.012033144367073294
-0.013020126835066212
-0.007177282555580437
-0.044884599966621364
-0.0026151147556335826
-0.007956807331469083
-0.015727368823276865
-0.03613414959669897
-0.013435684047550375
-0.017113142143311028
-0.011386317501407008
-0.03613414959669897
-0.007972465395178416
-0.044884599966621364
-0.044884599966621364
-0.027593157396673618
-0.025262227476586307
-0.044884599966621364
-0.013759264979226476
-0.013759264979226476
-0.007956807331469083
-0.013759264979226476
-0.013594833997274236
-0.006662356019764061
-0.012033144367073294
-0.044884599966621364
-0.011386317501407008
-0.00957315035991399
-0.02228010021166882
-0.012033144367073294
-0.013020126835066212
-0.0026151147556335826
-0.013759264979226476
-0.028609494756795268
-0.013797297430022693
-0.015727368823276865
-0.028609494756795268
-0.022123122156656166
-0.03613414959669897
-0.006662356019764061
-0.013435684047550375
-0.013594833997274236
-0.03613414959669897
-0.0026151147556335826
-0.02228010021166882
-0.006662356019764061
-0.007177282555580437
-0.017113142143311028
-0.013020126835066212
-0.015727368823276865
-0.017113142143311028
-0.0026151147556335826
-0.03613414959669897
-0.028609494756795268
0.006142432312830217
-0.02228010021166882
-0.00957315035991399
-0.011386317501407008
-0.0026151147556335826
-0.03613414959669897
-0.006662356019764061
-0.03613414959669897
-0.022279228270097692
-0.019140835762789767
-0.019140835762789767
-0.017113142143311028
-0.007177282555580437
-0.02228010021166882
-0.007177282555580437
-0.044884599966621364
-0.00957315035991399
0.006142432312830217
-0.018371402820816257
-0.006662356019764061
-0.010827821047440003
-0.010827821047440003
-0.018371402820816257
-0.007972465395178416
-0.013435684047550375
-0.013594833997274236
-0.012033144367073294
-0.007972465395178416
-0.013020126835066212
-0.019140835762789767
-0.007972465395178416
-0.013797297430022693
-0.012033144367073294
-0.007177282555580437
-0.013435684047550375
-0.022279228270097692
-0.028609494756795268
-0.017113142143311028
-0.013435684047550375
-0.013594833997274236
-0.0026151147556335826
-0.019140835762789767
-0.007956807331469083
-0.015727368823276865
-0.025262227476586307
0.006142432312830217
-0.000791992352531721
-0.006662356019764061
-0.019140835762789767
-0.018371402820816257
-0.044884599966621364
-0.027593157396673618
-0.027593157396673618
-0.017113142143311028
-0.027593157396673618
-0.013435684047550375
-0.000791992352531721
-0.013020126835066212
-0.02228010021166882
0.006142432312830217
-0.015727368823276865
-0.017113142143311028
-0.013797297430022693
-0.007956807331469083
-0.013435684047550375
-0.0026151147556335826
-0.044884599966621364
-0.017113142143311028
-0.017113142143311028
-0.007972465395178416
-0.011386317501407008
-0.000791992352531721
-0.0026151147556335826
-0.028609494756795268
-0.010827821047440003
-0.044884599966621364
-0.03613414959669897
-0.011386317501407008
-0.013759264979226476
-0.013020126835066212
-0.022123122156656166
-0.00957315035991399
-0.007972465395178416
-0.044884599966621364
-0.0026151147556335826
-0.000791992352531721
-0.007972465395178416
-0.02228010021166882
-0.025262227476586307
-0.035388872378267315
-0.022279228270097692
-0.025262227476586307
-0.02228010021166882
-0.035388872378267315
-0.007972465395178416
-0.013594833997274236
-0.013435684047550375
-0.006662356019764061
-0.006662356019764061
-0.007177282555580437
-0.022123122156656166
-0.007956807331469083
-0.017113142143311028
-0.028609494756795268
-0.044884599966621364
-0.010827821047440003
-0.000791992352531721
-0.018371402820816257
-0.000791992352531721
-0.02228010021166882
-0.010827821047440003
-0.007972465395178416
-0.007956807331469083
-0.0026151147556335826
0.006142432312830217
-0.025262227476586307
-0.0026151147556335826
-0.000791992352531721
-0.022279228270097692
-0.011386317501407008
-0.025262227476586307
-0.013435684047550375
-0.013797297430022693
-0.013797297430022693
-0.018371402820816257
-0.000791992352531721
-0.013020126835066212
-0.010827821047440003
-0.0026151147556335826
-0.011386317501407008
-0.010827821047440003
-0.025262227476586307
-0.022279228270097692
-0.011386317501407008
-0.025262227476586307
-0.019140835762789767
-0.028609494756795268
-0.022123122156656166
-0.03613414959669897
-0.013020126835066212
-0.013759264979226476
-0.007177282555580437
-0.013594833997274236
-0.035388872378267315
-0.015727368823276865
-0.012033144367073294
-0.03613414959669897
0.006142432312830217
-0.022279228270097692
-0.02228010021166882
-0.035388872378267315
-0.007956807331469083
-0.022123122156656166
-0.03613414959669897
-0.02228010021166882
-0.027593157396673618
-0.017113142143311028
-0.0026151147556335826
-0.015727368823276865
-0.02228010021166882
-0.017113142143311028
-0.013020126835066212
-0.015727368823276865
-0.013759264979226476
-0.00957315035991399
-0.03613414959669897
-0.03613414959669897
-0.044884599966621364
-0.013759264979226476
-0.013594833997274236
-0.013759264979226476
-0.017113142143311028
-0.000791992352531721
-0.022279228270097692
-0.022279228270097692
0.006142432312830217
-0.044884599966621364
-0.013759264979226476
-0.007956807331469083
-0.022123122156656166
-0.013435684047550375
-0.00957315035991399
-0.013759264979226476
-0.015727368823276865
-0.013435684047550375
-0.007956807331469083
-0.022279228270097692
-0.02228010021166882
-0.019140835762789767
-0.018371402820816257
-0.013594833997274236
-0.035388872378267315
-0.015727368823276865
-0.022123122156656166
-0.022123122156656166
-0.022123122156656166
-0.007972465395178416
-0.025262227476586307
-0.007177282555580437
-0.012033144367073294
-0.010827821047440003
-0.022123122156656166
-0.027593157396673618
-0.013435684047550375
-0.012033144367073294
-0.022279228270097692
-0.011386317501407008
-0.025262227476586307
-0.013759264979226476
-0.017113142143311028
-0.006662356019764061
-0.012033144367073294
-0.013435684047550375
-0.012033144367073294
-0.000791992352531721
-0.027593157396673618
-0.013020126835066212
-0.010827821047440003
-0.022279228270097692
-0.013020126835066212
-0.025262227476586307
-0.011386317501407008
-0.02228010021166882
-0.013759264979226476
-0.028609494756795268
-0.013797297430022693
-0.000791992352531721
-0.013020126835066212
-0.007956807331469083
-0.015727368823276865
-0.012033144367073294
-0.018371402820816257
-0.0026151147556335826
-0.0026151147556335826
-0.00957315035991399
-0.019140835762789767
-0.03613414959669897
-0.007956807331469083
0.006142432312830217
-0.02228010021166882
-0.013797297430022693
-0.007956807331469083
-0.013797297430022693
0.006142432312830217
-0.007972465395178416
-0.013797297430022693
-0.00957315035991399
-0.019140835762789767
-0.000791992352531721
-0.028609494756795268
-0.00957315035991399
-0.00957315035991399
-0.00957315035991399
-0.044884599966621364
-0.028609494756795268
0.006142432312830217
-0.011386317501407008
-0.019140835762789767
-0.027593157396673618
-0.044884599966621364
-0.007177282555580437
-0.011386317501407008
-0.013020126835066212
-0.012033144367073294
-0.007956807331469083
0.006142432312830217
-0.010827821047440003
-0.006662356019764061
-0.022123122156656166
-0.006662356019764061
-0.007972465395178416
-0.03613414959669897
-0.013594833997274236
0.006142432312830217
-0.00957315035991399
-0.013020126835066212
-0.03613414959669897
-0.013594833997274236
-0.027593157396673618
-0.006662356019764061
-0.019140835762789767
-0.0026151147556335826
-0.007972465395178416
-0.027593157396673618
-0.035388872378267315
-0.03613414959669897
-0.044884599966621364
-0.006662356019764061
-0.007177282555580437
-0.017113142143311028
0.006142432312830217
-0.010827821047440003
-0.03613414959669897
-0.00957315035991399
-0.035388872378267315
-0.035388872378267315
-0.035388872378267315
-0.00957315035991399
-0.007956807331469083
-0.027593157396673618
-0.019140835762789767
-0.007956807331469083
-0.013759264979226476
-0.007956807331469083
-0.007177282555580437
-0.017113142143311028
-0.011386317501407008
0.006142432312830217
-0.02228010021166882
-0.0026151147556335826
0.006142432312830217
-0.035388872378267315
-0.012033144367073294
-0.000791992352531721
-0.018371402820816257
-0.0026151147556335826
-0.013759264979226476
-0.027593157396673618
-0.006662356019764061
-0.013759264979226476
-0.000791992352531721
-0.03613414959669897
-0.007177282555580437
-0.013435684047550375
-0.015727368823276865
-0.013020126835066212
-0.013020126835066212
-0.000791992352531721
-0.012033144367073294
-0.0026151147556335826
-0.025262227476586307
-0.006662356019764061
-0.013594833997274236
-0.02228010021166882
-0.006662356019764061
-0.022123122156656166
-0.0026151147556335826
-0.025262227476586307
-0.007956807331469083
-0.02228010021166882
-0.007177282555580437
-0.011386317501407008
-0.028609494756795268
-0.007956807331469083
-0.0026151147556335826
-0.013435684047550375
-0.013594833997274236
-0.02228010021166882
-0.011386317501407008
-0.015727368823276865
-0.011386317501407008
-0.035388872378267315
-0.0026151147556335826
-0.022123122156656166
-0.013797297430022693
-0.010827821047440003
-0.0026151147556335826
-0.017113142143311028
-0.03613414959669897
-0.013759264979226476
-0.028609494756795268
-0.027593157396673618
-0.035388872378267315
-0.010827821047440003
-0.03613414959669897
-0.011386317501407008
-0.0026151147556335826
-0.000791992352531721
-0.022279228270097692
-0.007177282555580437
-0.007177282555580437
0.006142432312830217
-0.022279228270097692
-0.011386317501407008
-0.006662356019764061
-0.044884599966621364
-0.035388872378267315
-0.02228010021166882
-0.02228010021166882
-0.007972465395178416
-0.027593157396673618
0.006142432312830217
-0.015727368823276865
-0.012033144367073294
-0.044884599966621364
-0.000791992352531721
-0.007972465395178416
-0.013435684047550375
-0.006662356019764061
-0.018371402820816257
-0.025262227476586307
-0.015727368823276865
-0.013020126835066212
-0.000791992352531721
-0.011386317501407008
-0.015727368823276865
-0.035388872378267315
-0.007956807331469083
-0.007956807331469083
-0.022123122156656166
-0.025262227476586307
-0.013435684047550375
-0.013797297430022693
-0.010827821047440003
0.006142432312830217
-0.035388872378267315
-0.02228010021166882
-0.022123122156656166
-0.019140835762789767
-0.018371402820816257
-0.019140835762789767
-0.0026151147556335826
-0.017113142143311028
-0.022279228270097692
-0.007177282555580437
-0.013797297430022693
-0.012033144367073294
-0.022279228270097692
-0.015727368823276865
-0.007956807331469083
-0.013797297430022693
-0.027593157396673618
-0.013797297430022693
-0.006662356019764061
-0.044884599966621364
-0.028609494756795268
-0.025262227476586307
-0.013759264979226476
-0.011386317501407008
-0.010827821047440003
-0.007972465395178416
-0.012033144367073294
-0.022123122156656166
-0.0026151147556335826
-0.025262227476586307
-0.013435684047550375
-0.010827821047440003
-0.035388872378267315
-0.013435684047550375
-0.007177282555580437
-0.00957315035991399
-0.000791992352531721
-0.007956807331469083
-0.02228010021166882
-0.00957315035991399
-0.027593157396673618
-0.028609494756795268
-0.022123122156656166
-0.022279228270097692
-0.013594833997274236
-0.02228010021166882
-0.018371402820816257
-0.0026151147556335826
-0.013020126835066212
-0.013797297430022693
-0.013594833997274236
-0.035388872378267315
-0.000791992352531721
-0.007972465395178416
0.006142432312830217
-0.007956807331469083
-0.02228010021166882
-0.011386317501407008
-0.0026151147556335826
-0.013594833997274236
-0.007972465395178416
-0.013594833997274236
-0.013594833997274236
-0.018371402820816257
-0.012033144367073294
-0.02228010021166882
0.006142432312830217
-0.03613414959669897
-0.013759264979226476
-0.013435684047550375
-0.013594833997274236
-0.015727368823276865
-0.02228010021166882
0.006142432312830217
-0.007177282555580437
-0.0026151147556335826
-0.006662356019764061
-0.013435684047550375
-0.013759264979226476
-0.035388872378267315
-0.02228010021166882
-0.011386317501407008
-0.010827821047440003
-0.015727368823276865
-0.013020126835066212
-0.025262227476586307
-0.012033144367073294
-0.02228010021166882
-0.011386317501407008
-0.0026151147556335826
-0.007956807331469083
0.006142432312830217
-0.022279228270097692
-0.025262227476586307
-0.012033144367073294
-0.025262227476586307
-0.013435684047550375
-0.025262227476586307
-0.013759264979226476
-0.007972465395178416
-0.028609494756795268
-0.010827821047440003
-0.044884599966621364
-0.015727368823276865
-0.027593157396673618
-0.010827821047440003
-0.000791992352531721
-0.013435684047550375
-0.007956807331469083
-0.012033144367073294
-0.007972465395178416
-0.007956807331469083
-0.011386317501407008
-0.018371402820816257
-0.02228010021166882
-0.010827821047440003
-0.013759264979226476
-0.0026151147556335826
0.006142432312830217
-0.022279228270097692
-0.02228010021166882
-0.015727368823276865
-0.013020126835066212
-0.027593157396673618
-0.017113142143311028
-0.010827821047440003
-0.007177282555580437
-0.011386317501407008
-0.015727368823276865
-0.006662356019764061
-0.013594833997274236
-0.000791992352531721
-0.010827821047440003
-0.011386317501407008
-0.0026151147556335826
-0.015727368823276865
-0.0026151147556335826
-0.018371402820816257
-0.03613414959669897
-0.007177282555580437
-0.027593157396673618
-0.0026151147556335826
-0.044884599966621364
-0.019140835762789767
-0.02228010021166882
-0.018371402820816257
-0.013435684047550375
-0.007972465395178416
-0.007956807331469083
-0.035388872378267315
0.006142432312830217
-0.018371402820816257
-0.00957315035991399
-0.013435684047550375
-0.013759264979226476
-0.011386317501407008
-0.007956807331469083
-0.011386317501407008
-0.011386317501407008
-0.013759264979226476
-0.011386317501407008
-0.02228010021166882
-0.027593157396673618
-0.00957315035991399
-0.022123122156656166
-0.011386317501407008
-0.017113142143311028
-0.000791992352531721
-0.018371402820816257
-0.011386317501407008
-0.013435684047550375
-0.010827821047440003
-0.028609494756795268
-0.015727368823276865
-0.013759264979226476
-0.000791992352531721
-0.011386317501407008
-0.012033144367073294
-0.022279228270097692
-0.007177282555580437
-0.00957315035991399
-0.013020126835066212
0.006142432312830217
-0.03613414959669897
-0.035388872378267315
-0.006662356019764061
-0.010827821047440003
-0.017113142143311028
-0.022123122156656166
-0.007177282555580437
-0.007177282555580437
-0.011386317501407008
-0.013594833997274236
-0.013594833997274236
-0.007972465395178416
-0.035388872378267315
-0.010827821047440003
-0.00957315035991399
-0.019140835762789767
-0.000791992352531721
-0.035388872378267315
-0.018371402820816257
-0.007956807331469083
-0.035388872378267315
-0.025262227476586307
-0.013020126835066212
-0.03613414959669897
-0.007956807331469083
-0.025262227476586307
-0.011386317501407008
-0.02228010021166882
-0.007177282555580437
-0.0026151147556335826
-0.011386317501407008
-0.019140835762789767
-0.010827821047440003
-0.010827821047440003
-0.012033144367073294
-0.00957315035991399
0.006142432312830217
-0.018371402820816257
-0.007956807331469083
-0.028609494756795268
-0.017113142143311028
0.006142432312830217
-0.00957315035991399
-0.007177282555580437
-0.013435684047550375
-0.017113142143311028
-0.022123122156656166
-0.007972465395178416
-0.018371402820816257
-0.013594833997274236
-0.044884599966621364
-0.007972465395178416
-0.00957315035991399
-0.00957315035991399
-0.044884599966621364
-0.0026151147556335826
-0.018371402820816257
-0.012033144367073294
-0.027593157396673618
-0.007956807331469083
-0.013797297430022693
-0.007177282555580437
-0.027593157396673618
-0.007177282555580437
-0.027593157396673618
-0.006662356019764061
-0.028609494756795268
0.006142432312830217
-0.007956807331469083
-0.0026151147556335826
-0.00957315035991399
-0.007956807331469083
-0.035388872378267315
-0.013797297430022693
-0.018371402820816257
-0.018371402820816257
-0.017113142143311028
-0.007956807331469083
-0.025262227476586307
-0.006662356019764061
-0.000791992352531721
-0.010827821047440003
-0.018371402820816257
-0.027593157396673618
-0.018371402820816257
-0.017113142143311028
-0.006662356019764061
-0.013020126835066212
-0.022123122156656166
-0.025262227476586307
-0.017113142143311028
-0.00957315035991399
-0.044884599966621364
-0.019140835762789767
-0.044884599966621364
-0.027593157396673618
-0.044884599966621364
-0.015727368823276865
-0.015727368823276865
-0.022123122156656166
-0.00957315035991399
-0.022279228270097692
-0.00957315035991399
-0.03613414959669897
-0.02228010021166882
-0.015727368823276865
-0.00957315035991399
-0.018371402820816257
-0.018371402820816257
-0.010827821047440003
-0.007177282555580437
-0.013594833997274236
-0.022279228270097692
-0.02228010021166882
-0.00957315035991399
-0.011386317501407008
-0.013020126835066212
-0.022123122156656166
-0.02228010021166882
-0.027593157396673618
-0.010827821047440003
-0.012033144367073294
-0.019140835762789767
-0.02228010021166882
-0.013797297430022693
-0.013759264979226476
-0.013594833997274236
-0.011386317501407008
-0.013759264979226476
-0.007956807331469083
-0.013594833997274236
-0.013020126835066212
-0.0026151147556335826
-0.012033144367073294
-0.007956807331469083
-0.013759264979226476
0.006142432312830217
-0.013759264979226476
-0.00957315035991399
-0.022279228270097692
-0.010827821047440003
-0.006662356019764061
-0.007972465395178416
-0.017113142143311028
-0.035388872378267315
-0.02228010021166882
-0.018371402820816257
-0.007956807331469083
-0.010827821047440003
-0.018371402820816257
-0.013435684047550375
-0.010827821047440003
-0.018371402820816257
-0.010827821047440003
-0.025262227476586307
-0.022123122156656166
-0.006662356019764061
-0.022123122156656166
-0.013020126835066212
-0.013797297430022693
-0.028609494756795268
-0.03613414959669897
-0.007177282555580437
-0.02228010021166882
-0.022279228270097692
-0.022279228270097692
-0.015727368823276865
-0.019140835762789767
0.006142432312830217
-0.013797297430022693
-0.011386317501407008
-0.007177282555580437
-0.007972465395178416
-0.035388872378267315
-0.022279228270097692
-0.022279228270097692
-0.025262227476586307
-0.018371402820816257
-0.015727368823276865
-0.011386317501407008
-0.0026151147556335826
-0.017113142143311028
-0.013594833997274236
-0.012033144367073294
-0.006662356019764061
-0.013759264979226476
-0.007972465395178416
-0.011386317501407008
-0.02228010021166882
-0.007956807331469083
-0.019140835762789767
-0.010827821047440003
-0.007972465395178416
-0.013594833997274236
-0.007956807331469083
-0.010827821047440003
-0.02228010021166882
-0.013020126835066212
-0.000791992352531721
-0.0026151147556335826
-0.017113142143311028
-0.0026151147556335826
-0.013797297430022693
-0.044884599966621364
-0.02228010021166882
-0.0026151147556335826
-0.018371402820816257
-0.000791992352531721
-0.022279228270097692
0.006142432312830217
-0.018371402820816257
-0.017113142143311028
-0.013759264979226476
-0.013435684047550375
-0.007972465395178416
-0.000791992352531721
-0.013759264979226476
-0.02228010021166882
-0.044884599966621364
-0.006662356019764061
-0.011386317501407008
-0.007177282555580437
-0.010827821047440003
-0.013020126835066212
-0.015727368823276865
0.006142432312830217
-0.013020126835066212
-0.025262227476586307
-0.00957315035991399
-0.010827821047440003
-0.0026151147556335826
-0.0026151147556335826
-0.03613414959669897
-0.013435684047550375
-0.013797297430022693
-0.0026151147556335826
-0.010827821047440003
-0.013594833997274236
-0.013594833997274236
0.006142432312830217
-0.035388872378267315
-0.007177282555580437
-0.027593157396673618
-0.018371402820816257
-0.019140835762789767
-0.011386317501407008
-0.035388872378267315
-0.0026151147556335826
-0.006662356019764061
-0.044884599966621364
-0.025262227476586307
-0.006662356019764061
-0.013594833997274236
-0.013435684047550375
-0.013797297430022693
-0.013797297430022693
-0.027593157396673618
-0.013797297430022693
-0.013594833997274236
-0.022123122156656166
-0.007177282555580437
-0.022279228270097692
-0.017113142143311028
-0.022279228270097692
-0.027593157396673618
-0.007177282555580437
-0.035388872378267315
-0.025262227476586307
-0.02228010021166882
-0.007972465395178416
-0.013797297430022693
-0.013594833997274236
-0.00957315035991399
-0.013797297430022693
-0.035388872378267315
-0.013594833997274236
-0.007972465395178416
-0.013797297430022693
-0.013435684047550375
-0.00957315035991399
-0.007956807331469083
-0.013594833997274236
-0.0026151147556335826
-0.00957315035991399
-0.007972465395178416
0.006142432312830217
-0.012033144367073294
-0.011386317501407008
-0.035388872378267315
-0.006662356019764061
-0.03613414959669897
-0.028609494756795268
-0.00957315035991399
-0.018371402820816257
-0.027593157396673618
-0.044884599966621364
-0.00957315035991399
-0.027593157396673618
0.006142432312830217
-0.0026151147556335826
-0.006662356019764061
-0.013759264979226476
-0.013020126835066212
-0.03613414959669897
0.006142432312830217
-0.013435684047550375
-0.02228010021166882
-0.011386317501407008
-0.00957315035991399
-0.035388872378267315
-0.011386317501407008
-0.013435684047550375
-0.015727368823276865
-0.0026151147556335826
-0.015727368823276865
-0.000791992352531721
-0.022279228270097692
-0.007972465395178416
-0.03613414959669897
