-0.018776770066411888
0.0005837204009668856
-0.014147038420727613
-0.023442267696626728
-0.018776770066411888
-0.03761550853704132
0.018846622539894664
0.018846622539894664
-0.023442267696626728
-0.03915927580349701
-0.018776770066411888
-0.023442267696626728
-0.01599325636297563
-0.023442267696626728
0.0005837204009668856
-0.014147038420727613
0.018846622539894664
-0.0337794243025625
-0.013900923296284562
-0.01905985149174605
-0.01905985149174605
-0.007387657439811253
-0.0064070634105217236
-0.01599325636297563
-0.03915927580349701
-0.0064070634105217236
-0.031040744701462477
-0.004646066681109322
0.0005837204009668856
-0.014147038420727613
-0.0003927971822391424
-0.0337794243025625
-0.01599325636297563
-0.0337794243025625
-0.004646066681109322
-0.004646066681109322
-0.023442267696626728
-0.0064070634105217236
-0.02206583036241144
-0.014147038420727613
-0.024729679127340455
-0.0337794243025625
-0.014147038420727613
-0.031040744701462477
0.0005837204009668856
-0.02206583036241144
-0.03915927580349701
-0.01905985149174605
0.018846622539894664
-0.03915927580349701
-0.0337794243025625
-0.018776770066411888
-0.01599325636297563
-0.03915927580349701
-0.0092050871307689
0.018846622539894664
-0.0064070634105217236
0.018846622539894664
-0.01599325636297563
-0.007387657439811253
-0.023442267696626728
-0.0064070634105217236
-0.023442267696626728
0.0005837204009668856
-0.016174470960640282
0.0005837204009668856
0.018846622539894664
-0.0092050871307689
0.0005837204009668856
-0.0064070634105217236
-0.023442267696626728
-0.014147038420727613
-0.016174470960640282
0.0005837204009668856
-0.0092050871307689
-0.024729679127340455
0.018846622539894664
-0.0337794243025625
-0.031040744701462477
-0.0003927971822391424
-0.0017640169569914227
-0.004646066681109322
-0.016174470960640282
-0.013900923296284562
-0.02206583036241144
-0.03761550853704132
-0.007387657439811253
-0.004646066681109322
-0.031040744701462477
-0.023442267696626728
-0.016174470960640282
-0.014147038420727613
0.018846622539894664
-0.0092050871307689
-0.01599325636297563
-0.01599325636297563
-0.03761550853704132
-0.0003927971822391424
-0.01905985149174605
-0.007387657439811253
-0.031040744701462477
0.018846622539894664
-0.018776770066411888
-0.014147038420727613
0.0005837204009668856
-0.0017640169569914227
-0.031040744701462477
-0.031040744701462477
-0.03915927580349701
-0.031040744701462477
-0.018776770066411888
-0.02206583036241144
-0.024729679127340455
-0.031040744701462477
-0.0064070634105217236
0.018846622539894664
-0.013900923296284562
-0.0337794243025625
-0.014147038420727613
-0.013900923296284562
-0.01905985149174605
-0.024729679127340455
-0.02206583036241144
0.018846622539894664
-0.024729679127340455
-0.007387657439811253
0.0005837204009668856
-0.014147038420727613
0.0005837204009668856
0.018846622539894664
-0.013900923296284562
-0.023442267696626728
-0.0064070634105217236
0.018846622539894664
-0.024729679127340455
-0.0003927971822391424
-0.0092050871307689
-0.0092050871307689
0.0005837204009668856
-0.007387657439811253
-0.007387657439811253
-0.031040744701462477
-0.0064070634105217236
-0.023442267696626728
-0.016174470960640282
-0.024729679127340455
-0.03761550853704132
-0.03761550853704132
-0.016174470960640282
-0.0017640169569914227
-0.02206583036241144
-0.0017640169569914227
-0.0092050871307689
-0.0017640169569914227
-0.0337794243025625
-0.007387657439811253
-0.0003927971822391424
-0.013900923296284562
0.0005837204009668856
-0.02206583036241144
0.018846622539894664
-0.0092050871307689
-0.018776770066411888
-0.014147038420727613
-0.023442267696626728
-0.004646066681109322
-0.024729679127340455
-0.0092050871307689
-0.016174470960640282
-0.031040744701462477
-0.03915927580349701
-0.03915927580349701
0.0005837204009668856
-0.03915927580349701
-0.004646066681109322
-0.023442267696626728
-0.014147038420727613
0.0005837204009668856
-0.0337794243025625
-0.018776770066411888
0.018846622539894664
-0.031040744701462477
0.0005837204009668856
0.0005837204009668856
-0.0017640169569914227
-0.004646066681109322
0.018846622539894664
-0.013900923296284562
-0.03761550853704132
-0.031040744701462477
-0.01905985149174605
-0.0064070634105217236
-0.0017640169569914227
-0.031040744701462477
0.018846622539894664
-0.004646066681109322
-0.0017640169569914227
-0.01599325636297563
-0.0003927971822391424
-0.01599325636297563
-0.0017640169569914227
-0.02206583036241144
-0.024729679127340455
-0.024729679127340455
-0.007387657439811253
-0.01905985149174605
-0.018776770066411888
0.0005837204009668856
-0.013900923296284562
-0.031040744701462477
-0.03761550853704132
-0.004646066681109322
-0.016174470960640282
-0.004646066681109322
-0.03761550853704132
-0.0017640169569914227
-0.018776770066411888
0.018846622539894664
-0.023442267696626728
0.018846622539894664
-0.004646066681109322
-0.0003927971822391424
-0.0337794243025625
-0.0337794243025625
-0.016174470960640282
-0.004646066681109322
-0.03761550853704132
0.018846622539894664
-0.03761550853704132
-0.0003927971822391424
-0.0092050871307689
-0.013900923296284562
-0.01905985149174605
-0.007387657439811253
-0.02206583036241144
-0.01599325636297563
-0.014147038420727613
-0.023442267696626728
-0.0003927971822391424
-0.01599325636297563
-0.018776770066411888
-0.01905985149174605
-0.03915927580349701
0.0005837204009668856
0.018846622539894664
-0.014147038420727613
0.0005837204009668856
-0.014147038420727613
-0.0064070634105217236
-0.031040744701462477
-0.02206583036241144
0.0005837204009668856
-0.004646066681109322
-0.0003927971822391424
-0.0003927971822391424
-0.023442267696626728
-0.031040744701462477
-0.018776770066411888
-0.01905985149174605
-0.0064070634105217236
-0.014147038420727613
-0.018776770066411888
-0.0003927971822391424
-0.0092050871307689
-0.016174470960640282
-0.02206583036241144
-0.01599325636297563
-0.014147038420727613
-0.01905985149174605
-0.01905985149174605
-0.01905985149174605
-0.0017640169569914227
-0.007387657439811253
-0.03761550853704132
-0.01905985149174605
-0.03915927580349701
-0.0003927971822391424
0.0005837204009668856
-0.024729679127340455
-0.004646066681109322
-0.03915927580349701
-0.03761550853704132
-0.0003927971822391424
-0.013900923296284562
-0.0337794243025625
-0.004646066681109322
-0.018776770066411888
-0.014147038420727613
-0.016174470960640282
0.018846622539894664
0.018846622539894664
-0.0064070634105217236
-0.0092050871307689
-0.018776770066411888
-0.023442267696626728
-0.0337794243025625
-0.018776770066411888
-0.0337794243025625
-0.023442267696626728
-0.0017640169569914227
-0.0337794243025625
-0.0064070634105217236
-0.0092050871307689
-0.004646066681109322
-0.013900923296284562
-0.0064070634105217236
-0.0064070634105217236
-0.0064070634105217236
-0.031040744701462477
-0.013900923296284562
-0.023442267696626728
-0.0092050871307689
-0.03915927580349701
-0.031040744701462477
-0.007387657439811253
-0.018776770066411888
-0.023442267696626728
-0.03761550853704132
-0.024729679127340455
-0.01905985149174605
-0.024729679127340455
-0.0017640169569914227
-0.02206583036241144
-0.023442267696626728
-0.0064070634105217236
-0.02206583036241144
-0.03915927580349701
-0.024729679127340455
-0.0092050871307689
0.018846622539894664
-0.0017640169569914227
-0.03915927580349701
-0.01599325636297563
-0.031040744701462477
-0.024729679127340455
-0.007387657439811253
0.0005837204009668856
-0.023442267696626728
-0.03761550853704132
-0.0064070634105217236
-0.01599325636297563
-0.01599325636297563
-0.01599325636297563
-0.0064070634105217236
-0.018776770066411888
-0.03915927580349701
-0.0092050871307689
-0.018776770066411888
-0.018776770066411888
-0.007387657439811253
0.0005837204009668856
-0.023442267696626728
0.018846622539894664
-0.023442267696626728
-0.01599325636297563
-0.004646066681109322
-0.016174470960640282
0.018846622539894664
-0.03915927580349701
-0.024729679127340455
-0.004646066681109322
-0.007387657439811253
-0.014147038420727613
-0.004646066681109322
0.018846622539894664
-0.024729679127340455
-0.02206583036241144
-0.024729679127340455
-0.01905985149174605
0.018846622539894664
-0.018776770066411888
-0.007387657439811253
-0.013900923296284562
-0.018776770066411888
0.018846622539894664
-0.02206583036241144
-0.014147038420727613
-0.01599325636297563
0.018846622539894664
-0.01905985149174605
-0.0337794243025625
-0.03761550853704132
0.018846622539894664
0.0005837204009668856
-0.013900923296284562
-0.03915927580349701
-0.01599325636297563
-0.03761550853704132
0.018846622539894664
-0.004646066681109322
-0.0003927971822391424
-0.007387657439811253
-0.007387657439811253
-0.023442267696626728
-0.0003927971822391424
-0.024729679127340455
-0.031040744701462477
-0.01599325636297563
-0.0017640169569914227
-0.03915927580349701
-0.023442267696626728
-0.014147038420727613
-0.031040744701462477
-0.004646066681109322
-0.0017640169569914227
-0.024729679127340455
-0.016174470960640282
-0.014147038420727613
-0.004646066681109322
-0.014147038420727613
-0.01599325636297563
-0.018776770066411888
-0.018776770066411888
-0.01905985149174605
-0.0337794243025625
-0.03761550853704132
-0.023442267696626728
-0.01599325636297563
-0.01905985149174605
-0.0092050871307689
-0.016174470960640282
-0.0092050871307689
0.018846622539894664
0.0005837204009668856
-0.0003927971822391424
-0.007387657439811253
-0.0337794243025625
-0.0003927971822391424
-0.014147038420727613
-0.018776770066411888
-0.0337794243025625
-0.03915927580349701
-0.0337794243025625
-0.024729679127340455
-0.031040744701462477
-0.013900923296284562
-0.03761550853704132
-0.0017640169569914227
-0.01905985149174605
0.018846622539894664
-0.03761550853704132
-0.01599325636297563
-0.007387657439811253
-0.0064070634105217236
-0.004646066681109322
-0.018776770066411888
-0.0064070634105217236
-0.03915927580349701
-0.013900923296284562
-0.01905985149174605
-0.0003927971822391424
-0.02206583036241144
-0.016174470960640282
0.018846622539894664
-0.0337794243025625
-0.02206583036241144
-0.01599325636297563
-0.004646066681109322
-0.0017640169569914227
-0.023442267696626728
-0.018776770066411888
0.018846622539894664
-0.02206583036241144
-0.0017640169569914227
-0.02206583036241144
-0.02206583036241144
-0.016174470960640282
-0.023442267696626728
-0.02206583036241144
-0.014147038420727613
-0.023442267696626728
-0.007387657439811253
0.018846622539894664
-0.024729679127340455
-0.01599325636297563
-0.03761550853704132
-0.014147038420727613
0.018846622539894664
-0.018776770066411888
-0.023442267696626728
-0.0003927971822391424
-0.0017640169569914227
-0.013900923296284562
-0.03761550853704132
-0.031040744701462477
-0.014147038420727613
-0.03915927580349701
-0.03761550853704132
-0.004646066681109322
-0.018776770066411888
-0.0017640169569914227
-0.018776770066411888
-0.016174470960640282
-0.03761550853704132
0.018846622539894664
-0.023442267696626728
-0.0003927971822391424
-0.014147038420727613
-0.03915927580349701
0.0005837204009668856
-0.03761550853704132
-0.007387657439811253
-0.014147038420727613
-0.024729679127340455
-0.02206583036241144
-0.004646066681109322
-0.03761550853704132
0.018846622539894664
-0.014147038420727613
0.018846622539894664
-0.016174470960640282
-0.007387657439811253
-0.03915927580349701
0.018846622539894664
-0.031040744701462477
-0.0092050871307689
-0.016174470960640282
-0.0017640169569914227
-0.018776770066411888
-0.01599325636297563
-0.023442267696626728
-0.016174470960640282
-0.0064070634105217236
-0.018776770066411888
-0.03915927580349701
-0.0064070634105217236
-0.01905985149174605
0.0005837204009668856
-0.004646066681109322
-0.016174470960640282
-0.03761550853704132
-0.013900923296284562
-0.014147038420727613
-0.004646066681109322
-0.0003927971822391424
-0.007387657439811253
-0.0064070634105217236
-0.023442267696626728
-0.01599325636297563
-0.024729679127340455
-0.03761550853704132
0.0005837204009668856
-0.01905985149174605
-0.007387657439811253
-0.007387657439811253
-0.02206583036241144
-0.02206583036241144
-0.0017640169569914227
-0.01599325636297563
-0.03761550853704132
-0.0064070634105217236
-0.0092050871307689
-0.004646066681109322
-0.01599325636297563
-0.016174470960640282
-0.018776770066411888
-0.01599325636297563
-0.018776770066411888
-0.007387657439811253
0.018846622539894664
-0.0092050871307689
-0.03761550853704132
-0.03761550853704132
-0.0064070634105217236
-0.023442267696626728
-0.016174470960640282
-0.018776770066411888
-0.013900923296284562
0.0005837204009668856
-0.023442267696626728
-0.0064070634105217236
-0.007387657439811253
0.0005837204009668856
-0.01905985149174605
-0.0017640169569914227
-0.016174470960640282
-0.02206583036241144
-0.031040744701462477
-0.0017640169569914227
-0.0064070634105217236
-0.0064070634105217236
-0.031040744701462477
0.018846622539894664
-0.016174470960640282
-0.03915927580349701
-0.018776770066411888
-0.0337794243025625
-0.007387657439811253
-0.03915927580349701
-0.007387657439811253
-0.03915927580349701
-0.024729679127340455
-0.013900923296284562
-0.023442267696626728
-0.018776770066411888
0.018846622539894664
-0.0064070634105217236
-0.018776770066411888
-0.01599325636297563
-0.0337794243025625
-0.016174470960640282
-0.016174470960640282
0.0005837204009668856
-0.018776770066411888
-0.024729679127340455
-0.004646066681109322
-0.03761550853704132
-0.016174470960640282
-0.03915927580349701
-0.016174470960640282
0.0005837204009668856
-0.024729679127340455
-0.01905985149174605
0.0005837204009668856
-0.0064070634105217236
-0.031040744701462477
-0.0092050871307689
-0.031040744701462477
-0.03915927580349701
-0.031040744701462477
-0.014147038420727613
-0.014147038420727613
-0.01905985149174605
-0.0064070634105217236
-0.0003927971822391424
-0.0064070634105217236
-0.014147038420727613
-0.0064070634105217236
-0.016174470960640282
-0.016174470960640282
-0.03761550853704132
-0.007387657439811253
-0.02206583036241144
-0.0003927971822391424
-0.0064070634105217236
-0.01905985149174605
-0.03915927580349701
-0.03761550853704132
-0.0092050871307689
-0.0337794243025625
-0.02206583036241144
-0.018776770066411888
-0.02206583036241144
0.018846622539894664
-0.018776770066411888
-0.023442267696626728
-0.0064070634105217236
-0.0003927971822391424
-0.03761550853704132
-0.024729679127340455
-0.0017640169569914227
0.0005837204009668856
-0.01599325636297563
-0.016174470960640282
-0.018776770066411888
-0.03761550853704132
-0.016174470960640282
-0.03761550853704132
-0.016174470960640282
-0.03761550853704132
-0.01905985149174605
-0.024729679127340455
-0.01905985149174605
-0.0337794243025625
-0.013900923296284562
-0.007387657439811253
-0.0003927971822391424
-0.0003927971822391424
-0.014147038420727613
-0.0092050871307689
-0.023442267696626728
-0.0337794243025625
-0.007387657439811253
-0.0017640169569914227
-0.01599325636297563
-0.0003927971822391424
-0.0003927971822391424
-0.016174470960640282
-0.014147038420727613
0.018846622539894664
0.0005837204009668856
-0.02206583036241144
-0.024729679127340455
-0.0017640169569914227
-0.018776770066411888
-0.0092050871307689
-0.03761550853704132
-0.0017640169569914227
-0.02206583036241144
-0.018776770066411888
-0.03761550853704132
-0.004646066681109322
0.018846622539894664
0.0005837204009668856
0.018846622539894664
-0.0337794243025625
-0.031040744701462477
0.018846622539894664
-0.016174470960640282
-0.004646066681109322
-0.0003927971822391424
-0.023442267696626728
-0.016174470960640282
0.0005837204009668856
-0.0017640169569914227
-0.004646066681109322
-0.031040744701462477
-0.024729679127340455
-0.007387657439811253
-0.03761550853704132
-0.014147038420727613
-0.023442267696626728
-0.0064070634105217236
-0.03761550853704132
0.018846622539894664
0.018846622539894664
-0.0337794243025625
0.018846622539894664
-0.03761550853704132
-0.02206583036241144
-0.02206583036241144
-0.023442267696626728
-0.01599325636297563
-0.007387657439811253
-0.03915927580349701
-0.016174470960640282
-0.0092050871307689
-0.01599325636297563
0.018846622539894664
-0.024729679127340455
-0.031040744701462477
-0.024729679127340455
-0.02206583036241144
-0.0337794243025625
-0.0337794243025625
-0.03915927580349701
-0.0337794243025625
-0.02206583036241144
-0.01905985149174605
-0.007387657439811253
-0.0003927971822391424
0.0005837204009668856
-0.0003927971822391424
-0.03915927580349701
-0.007387657439811253
-0.01599325636297563
-0.0017640169569914227
-0.0337794243025625
-0.02206583036241144
-0.0064070634105217236
-0.0337794243025625
-0.01599325636297563
-0.02206583036241144
-0.0017640169569914227
-0.0337794243025625
-0.0064070634105217236
-0.018776770066411888
-0.02206583036241144
0.018846622539894664
-0.0064070634105217236
-0.0017640169569914227
-0.023442267696626728
-0.01599325636297563
-0.024729679127340455
-0.013900923296284562
-0.0064070634105217236
-0.016174470960640282
-0.03915927580349701
-0.031040744701462477
-0.0064070634105217236
-0.03915927580349701
-0.023442267696626728
0.018846622539894664
-0.024729679127340455
-0.023442267696626728
-0.0064070634105217236
-0.01599325636297563
-0.014147038420727613
0.018846622539894664
-0.014147038420727613
-0.004646066681109322
-0.0003927971822391424
-0.0017640169569914227
-0.0017640169569914227
-0.0003927971822391424
0.018846622539894664
-0.023442267696626728
-0.03915927580349701
-0.016174470960640282
-0.013900923296284562
-0.014147038420727613
-0.03915927580349701
0.018846622539894664
-0.0064070634105217236
-0.02206583036241144
-0.01599325636297563
-0.01599325636297563
-0.03915927580349701
-0.023442267696626728
0.0005837204009668856
-0.0064070634105217236
-0.0092050871307689
0.018846622539894664
-0.03761550853704132
-0.0337794243025625
-0.0337794243025625
-0.03915927580349701
0.018846622539894664
-0.01905985149174605
-0.0337794243025625
-0.018776770066411888
-0.03761550853704132
-0.024729679127340455
-0.0064070634105217236
-0.0017640169569914227
-0.004646066681109322
-0.0017640169569914227
-0.0003927971822391424
-0.0092050871307689
-0.01905985149174605
-0.03761550853704132
-0.0337794243025625
-0.016174470960640282
-0.03915927580349701
-0.02206583036241144
-0.0337794243025625
-0.004646066681109322
-0.018776770066411888
-0.02206583036241144
0.0005837204009668856
-0.03915927580349701
-0.03761550853704132
0.0005837204009668856
0.018846622539894664
-0.01905985149174605
-0.0017640169569914227
-0.016174470960640282
-0.024729679127340455
-0.023442267696626728
-0.031040744701462477
-0.031040744701462477
-0.01905985149174605
-0.031040744701462477
-0.007387657439811253
-0.004646066681109322
-0.0017640169569914227
-0.0017640169569914227
-0.02206583036241144
-0.03761550853704132
0.0005837204009668856
0.018846622539894664
-0.018776770066411888
-0.018776770066411888
-0.01599325636297563
-0.0003927971822391424
-0.024729679127340455
-0.0337794243025625
-0.013900923296284562
-0.004646066681109322
-0.01905985149174605
-0.0337794243025625
-0.03761550853704132
-0.004646066681109322
-0.007387657439811253
-0.018776770066411888
-0.01599325636297563
-0.03915927580349701
-0.0017640169569914227
-0.004646066681109322
-0.0092050871307689
-0.0017640169569914227
-0.02206583036241144
-0.023442267696626728
-0.023442267696626728
0.0005837204009668856
-0.01599325636297563
-0.02206583036241144
0.0005837204009668856
-0.03761550853704132
0.0005837204009668856
-0.004646066681109322
-0.024729679127340455
-0.03915927580349701
-0.0092050871307689
-0.007387657439811253
0.0005837204009668856
-0.014147038420727613
-0.03915927580349701
-0.0064070634105217236
-0.0003927971822391424
-0.0003927971822391424
0.018846622539894664
-0.0064070634105217236
-0.023442267696626728
-0.018776770066411888
-0.031040744701462477
-0.014147038420727613
-0.007387657439811253
0.0005837204009668856
-0.03915927580349701
-0.013900923296284562
0.018846622539894664
-0.0017640169569914227
-0.03915927580349701
-0.02206583036241144
-0.03915927580349701
-0.0064070634105217236
-0.0017640169569914227
-0.01599325636297563
-0.01905985149174605
-0.023442267696626728
-0.023442267696626728
-0.024729679127340455
-0.016174470960640282
-0.023442267696626728
-0.014147038420727613
-0.016174470960640282
-0.018776770066411888
-0.0017640169569914227
-0.0337794243025625
-0.0064070634105217236
-0.0337794243025625
-0.02206583036241144
-0.01905985149174605
-0.007387657439811253
-0.018776770066411888
-0.0064070634105217236
-0.0017640169569914227
-0.0064070634105217236
-0.013900923296284562
-0.018776770066411888
-0.0017640169569914227
-0.01905985149174605
-0.023442267696626728
-0.031040744701462477
-0.01905985149174605
0.0005837204009668856
-0.03761550853704132
-0.016174470960640282
-0.014147038420727613
-0.03761550853704132
0.018846622539894664
-0.0003927971822391424
-0.0017640169569914227
-0.03915927580349701
-0.031040744701462477
0.0005837204009668856
-0.03761550853704132
-0.03761550853704132
-0.0092050871307689
-0.023442267696626728
0.0005837204009668856
-0.014147038420727613
-0.01599325636297563
-0.01599325636297563
-0.007387657439811253
-0.0092050871307689
-0.016174470960640282
0.018846622539894664
-0.004646066681109322
-0.013900923296284562
-0.018776770066411888
-0.014147038420727613
-0.0064070634105217236
-0.0003927971822391424
0.018846622539894664
-0.0064070634105217236
-0.03915927580349701
-0.024729679127340455
-0.0064070634105217236
-0.0064070634105217236
-0.024729679127340455
-0.023442267696626728
-0.014147038420727613
-0.024729679127340455
-0.01905985149174605
-0.018776770066411888
-0.013900923296284562
-0.02206583036241144
-0.01599325636297563
-0.0003927971822391424
-0.03915927580349701
-0.016174470960640282
-0.02206583036241144
-0.01599325636297563
-0.03761550853704132
-0.018776770066411888
-0.004646066681109322
-0.01599325636297563
-0.0064070634105217236
-0.02206583036241144
-0.016174470960640282
-0.03915927580349701
0.0005837204009668856
-0.01599325636297563
-0.016174470960640282
-0.03915927580349701
0.0005837204009668856
-0.024729679127340455
-0.03761550853704132
