-0.027106424115179304
-0.034525468644677086
-0.0277164540073333
-0.0277164540073333
-0.014870708574249273
0.008038217133898785
0.02102221249817465
-0.029639121937986283
0.0021904603872350686
0.0009979312969464332
0.005984381700224106
-0.029639121937986283
-0.018740923120969068
-0.037922781295391755
0.009878423893017433
-0.034525468644677086
0.0009979312969464332
-0.005432078471144334
-0.0060197215121054505
-0.011377094771680295
-0.001559534227045923
-0.029639121937986283
-0.013792575520276188
-0.013792575520276188
-0.0060197215121054505
-0.018740923120969068
-0.0277164540073333
0.008038217133898785
-0.005460594552976861
0.0009979312969464332
0.005984381700224106
-0.01349414217103606
-0.03057823975462768
0.00811486080763433
-0.006446225196726265
-0.005460594552976861
-0.018740923120969068
-0.018740923120969068
-0.007496673090899216
0.008038217133898785
-0.0168480231855726
-0.02440909531175304
-0.037922781295391755
0.0021904603872350686
-0.001559534227045923
-0.02440909531175304
0.0021904603872350686
-0.03057823975462768
-0.011377094771680295
-0.013792575520276188
-0.013547064306419563
0.008038217133898785
0.005984381700224106
-0.009434073640654015
-0.001559534227045923
-0.037922781295391755
-0.03135245195201034
-0.01349414217103606
0.005984381700224106
0.005984381700224106
0.0021904603872350686
-0.01349414217103606
-0.006446225196726265
0.0009979312969464332
-0.014870708574249273
-0.0277164540073333
0.005984381700224106
-0.02440909531175304
-0.005432078471144334
-0.011377094771680295
0.0021904603872350686
-0.02440909531175304
-0.013547064306419563
-0.026746959736871856
-0.013547064306419563
-0.02440909531175304
-0.013547064306419563
-0.011377094771680295
-0.0277164540073333
0.008038217133898785
0.005984381700224106
0.005984381700224106
-0.018740923120969068
-0.001559534227045923
-0.006201337564130663
-0.0277164540073333
0.008038217133898785
-0.011377094771680295
-0.019562732967348936
-0.014870708574249273
-0.018740923120969068
-0.026746959736871856
-0.019562732967348936
-0.034525468644677086
-0.013792575520276188
-0.029639121937986283
-0.005432078471144334
-0.01349414217103606
-0.034525468644677086
0.008038217133898785
-0.018740923120969068
-0.0029960639386059783
0.0021904603872350686
-0.0060197215121054505
-0.019562732967348936
0.005984381700224106
-0.02440909531175304
-0.0277164540073333
-0.018740923120969068
-0.018740923120969068
0.02102221249817465
0.02102221249817465
-0.005432078471144334
-0.037922781295391755
0.00811486080763433
-0.019562732967348936
-0.006201337564130663
-0.006201337564130663
-0.005460594552976861
-0.0277164540073333
-0.029639121937986283
-0.0029960639386059783
-0.0060197215121054505
-0.006201337564130663
-0.006446225196726265
-0.013792575520276188
-0.0029960639386059783
-0.029639121937986283
-0.019562732967348936
-0.005460594552976861
-0.018740923120969068
-0.018740923120969068
-0.005432078471144334
0.0009979312969464332
-0.03135245195201034
-0.03135245195201034
-0.03057823975462768
-0.009434073640654015
-0.013547064306419563
-0.019562732967348936
0.005984381700224106
-0.0168480231855726
0.005984381700224106
0.0021904603872350686
-0.0029960639386059783
-0.034525468644677086
-0.019562732967348936
0.017492177660423453
-0.029639121937986283
-0.001559534227045923
-0.005432078471144334
-0.006446225196726265
0.00811486080763433
-0.027106424115179304
-0.018740923120969068
-0.013792575520276188
-0.013792575520276188
-0.0168480231855726
-0.0277164540073333
-0.001559534227045923
-0.014870708574249273
-0.026746959736871856
-0.029639121937986283
-0.0060197215121054505
0.017492177660423453
-0.006446225196726265
-0.0277164540073333
-0.013792575520276188
-0.027106424115179304
-0.009434073640654015
-0.011377094771680295
-0.001559534227045923
0.0021904603872350686
-0.014870708574249273
-0.0060197215121054505
-0.0029960639386059783
-0.013792575520276188
0.008038217133898785
-0.03057823975462768
-0.009434073640654015
-0.013792575520276188
-0.0029960639386059783
0.008038217133898785
-0.03057823975462768
-0.03135245195201034
-0.007496673090899216
-0.0060197215121054505
0.017492177660423453
0.007156649113543547
0.005984381700224106
-0.03135245195201034
0.017492177660423453
-0.034525468644677086
-0.005432078471144334
0.00811486080763433
-0.0168480231855726
-0.027106424115179304
-0.029639121937986283
-0.0060197215121054505
-0.029639121937986283
-0.027106424115179304
-0.0277164540073333
-0.0029960639386059783
-0.0168480231855726
0.005984381700224106
-0.037922781295391755
-0.019562732967348936
0.009878423893017433
-0.014870708574249273
-0.03135245195201034
0.008038217133898785
-0.013792575520276188
-0.0060197215121054505
-0.014870708574249273
-0.0168480231855726
-0.005460594552976861
-0.03135245195201034
-0.006446225196726265
-0.018740923120969068
-0.009434073640654015
0.02102221249817465
-0.009434073640654015
-0.018740923120969068
-0.0029960639386059783
0.0009979312969464332
-0.0029960639386059783
-0.005460594552976861
-0.0277164540073333
0.02102221249817465
-0.009434073640654015
0.005984381700224106
-0.0277164540073333
-0.013792575520276188
0.00811486080763433
-0.006446225196726265
-0.03057823975462768
-0.019562732967348936
-0.014870708574249273
0.00811486080763433
-0.018740923120969068
0.0021904603872350686
0.02102221249817465
-0.0029960639386059783
-0.019562732967348936
0.017492177660423453
-0.0168480231855726
-0.013547064306419563
-0.013547064306419563
0.02102221249817465
-0.029639121937986283
-0.0029960639386059783
-0.013792575520276188
-0.018740923120969068
-0.007496673090899216
0.0021904603872350686
-0.01349414217103606
0.017492177660423453
-0.009434073640654015
-0.005432078471144334
-0.037922781295391755
-0.011377094771680295
-0.009434073640654015
-0.018740923120969068
-0.007496673090899216
0.0009979312969464332
-0.001559534227045923
-0.02440909531175304
-0.029639121937986283
0.0009979312969464332
-0.005460594552976861
-0.013792575520276188
-0.0168480231855726
0.0021904603872350686
0.0009979312969464332
-0.029639121937986283
0.017492177660423453
-0.005460594552976861
-0.006201337564130663
-0.034525468644677086
-0.03135245195201034
-0.0168480231855726
-0.01349414217103606
-0.013547064306419563
0.009878423893017433
-0.001559534227045923
-0.02440909531175304
-0.03057823975462768
-0.029639121937986283
0.007156649113543547
-0.014870708574249273
-0.03057823975462768
-0.013792575520276188
-0.0029960639386059783
-0.0060197215121054505
-0.034525468644677086
-0.011377094771680295
-0.0168480231855726
0.005984381700224106
0.009878423893017433
-0.0277164540073333
0.005984381700224106
0.00811486080763433
-0.0029960639386059783
0.008038217133898785
-0.007496673090899216
0.00811486080763433
-0.009434073640654015
-0.011377094771680295
-0.001559534227045923
-0.01349414217103606
0.008038217133898785
0.008038217133898785
-0.037922781295391755
-0.01349414217103606
0.00811486080763433
-0.011377094771680295
0.02102221249817465
0.0021904603872350686
-0.018740923120969068
0.005984381700224106
0.009878423893017433
-0.029639121937986283
-0.006201337564130663
-0.014870708574249273
-0.018740923120969068
-0.005460594552976861
0.0021904603872350686
-0.029639121937986283
-0.0277164540073333
-0.005460594552976861
-0.034525468644677086
-0.029639121937986283
-0.02440909531175304
0.0009979312969464332
-0.037922781295391755
0.008038217133898785
-0.006201337564130663
-0.03135245195201034
0.008038217133898785
-0.029639121937986283
-0.005432078471144334
0.008038217133898785
-0.0168480231855726
-0.02440909531175304
-0.03057823975462768
0.02102221249817465
-0.037922781295391755
-0.006446225196726265
-0.013792575520276188
-0.0060197215121054505
-0.006201337564130663
-0.014870708574249273
0.005984381700224106
-0.013792575520276188
-0.0060197215121054505
-0.018740923120969068
-0.029639121937986283
-0.019562732967348936
-0.0277164540073333
0.008038217133898785
0.005984381700224106
-0.006446225196726265
-0.0060197215121054505
0.005984381700224106
-0.014870708574249273
0.0021904603872350686
0.017492177660423453
-0.007496673090899216
-0.037922781295391755
0.0009979312969464332
-0.019562732967348936
-0.006201337564130663
-0.011377094771680295
-0.007496673090899216
-0.014870708574249273
-0.0029960639386059783
-0.0060197215121054505
0.009878423893017433
-0.027106424115179304
-0.013547064306419563
0.00811486080763433
0.0009979312969464332
-0.009434073640654015
-0.026746959736871856
-0.006446225196726265
-0.007496673090899216
-0.006201337564130663
0.007156649113543547
-0.005460594552976861
-0.027106424115179304
-0.014870708574249273
0.02102221249817465
-0.03057823975462768
-0.006201337564130663
-0.005460594552976861
-0.029639121937986283
-0.009434073640654015
-0.0277164540073333
-0.029639121937986283
-0.001559534227045923
-0.001559534227045923
-0.018740923120969068
0.0009979312969464332
-0.029639121937986283
-0.013792575520276188
-0.037922781295391755
0.0021904603872350686
-0.03057823975462768
-0.009434073640654015
-0.037922781295391755
-0.037922781295391755
0.007156649113543547
-0.03135245195201034
-0.03057823975462768
-0.01349414217103606
-0.01349414217103606
-0.0277164540073333
-0.014870708574249273
0.005984381700224106
-0.0168480231855726
-0.03135245195201034
-0.0029960639386059783
-0.0029960639386059783
-0.019562732967348936
0.008038217133898785
-0.037922781295391755
-0.027106424115179304
-0.013792575520276188
-0.006446225196726265
-0.029639121937986283
-0.034525468644677086
-0.006201337564130663
0.008038217133898785
-0.007496673090899216
-0.01349414217103606
-0.005460594552976861
0.008038217133898785
0.017492177660423453
-0.005432078471144334
0.008038217133898785
-0.005460594552976861
-0.01349414217103606
-0.006201337564130663
-0.02440909531175304
-0.005460594552976861
-0.006446225196726265
-0.013547064306419563
-0.005432078471144334
-0.018740923120969068
-0.001559534227045923
-0.0029960639386059783
-0.007496673090899216
0.007156649113543547
0.0021904603872350686
-0.019562732967348936
-0.029639121937986283
0.005984381700224106
-0.005460594552976861
0.00811486080763433
-0.027106424115179304
-0.027106424115179304
-0.009434073640654015
-0.034525468644677086
-0.01349414217103606
-0.026746959736871856
-0.03135245195201034
-0.013792575520276188
-0.02440909531175304
-0.0277164540073333
-0.01349414217103606
-0.03057823975462768
-0.029639121937986283
0.02102221249817465
-0.019562732967348936
-0.027106424115179304
-0.011377094771680295
0.007156649113543547
-0.001559534227045923
-0.037922781295391755
-0.03135245195201034
-0.001559534227045923
-0.019562732967348936
0.017492177660423453
-0.027106424115179304
0.005984381700224106
-0.018740923120969068
-0.02440909531175304
-0.026746959736871856
-0.0168480231855726
0.02102221249817465
0.007156649113543547
-0.011377094771680295
-0.001559534227045923
-0.0277164540073333
-0.001559534227045923
0.017492177660423453
-0.005432078471144334
0.0021904603872350686
0.005984381700224106
-0.026746959736871856
0.007156649113543547
-0.006446225196726265
0.02102221249817465
-0.034525468644677086
-0.0060197215121054505
-0.029639121937986283
-0.037922781295391755
-0.019562732967348936
0.00811486080763433
-0.02440909531175304
0.02102221249817465
-0.03057823975462768
0.0009979312969464332
0.0009979312969464332
-0.005460594552976861
-0.006201337564130663
-0.01349414217103606
-0.007496673090899216
-0.013547064306419563
0.0009979312969464332
-0.013547064306419563
-0.006446225196726265
-0.0277164540073333
-0.0277164540073333
-0.034525468644677086
0.009878423893017433
0.008038217133898785
-0.001559534227045923
-0.029639121937986283
0.008038217133898785
0.0021904603872350686
0.0021904603872350686
-0.018740923120969068
0.009878423893017433
-0.037922781295391755
-0.005460594552976861
0.007156649113543547
-0.006446225196726265
-0.037922781295391755
0.009878423893017433
-0.0277164540073333
-0.014870708574249273
0.007156649113543547
-0.026746959736871856
0.008038217133898785
-0.037922781295391755
-0.0060197215121054505
0.0009979312969464332
-0.013792575520276188
-0.019562732967348936
0.0009979312969464332
-0.018740923120969068
-0.018740923120969068
-0.006201337564130663
-0.026746959736871856
-0.005432078471144334
-0.014870708574249273
0.005984381700224106
-0.011377094771680295
-0.01349414217103606
-0.03057823975462768
0.017492177660423453
-0.034525468644677086
-0.007496673090899216
-0.037922781295391755
-0.013792575520276188
0.008038217133898785
-0.018740923120969068
0.0009979312969464332
0.007156649113543547
-0.013792575520276188
-0.03135245195201034
-0.0168480231855726
-0.001559534227045923
-0.006446225196726265
0.0021904603872350686
-0.03057823975462768
-0.034525468644677086
0.009878423893017433
-0.037922781295391755
-0.037922781295391755
-0.0060197215121054505
0.0009979312969464332
-0.018740923120969068
0.009878423893017433
-0.013792575520276188
-0.014870708574249273
-0.0168480231855726
0.0009979312969464332
-0.0060197215121054505
0.0009979312969464332
-0.03135245195201034
0.0021904603872350686
0.017492177660423453
-0.029639121937986283
-0.014870708574249273
-0.005432078471144334
-0.027106424115179304
-0.011377094771680295
-0.034525468644677086
0.0021904603872350686
0.02102221249817465
-0.005432078471144334
-0.034525468644677086
0.0021904603872350686
-0.013792575520276188
-0.026746959736871856
-0.014870708574249273
-0.006201337564130663
0.009878423893017433
-0.005432078471144334
-0.013547064306419563
-0.019562732967348936
-0.018740923120969068
-0.037922781295391755
-0.0060197215121054505
-0.005432078471144334
0.0009979312969464332
-0.027106424115179304
0.02102221249817465
-0.01349414217103606
-0.029639121937986283
-0.02440909531175304
-0.0029960639386059783
0.009878423893017433
-0.01349414217103606
-0.027106424115179304
-0.005432078471144334
-0.03135245195201034
0.0009979312969464332
-0.014870708574249273
-0.0168480231855726
-0.029639121937986283
-0.0029960639386059783
-0.013547064306419563
0.009878423893017433
0.009878423893017433
-0.005460594552976861
-0.011377094771680295
0.0021904603872350686
-0.01349414217103606
-0.027106424115179304
0.007156649113543547
-0.013547064306419563
-0.0277164540073333
-0.02440909531175304
0.02102221249817465
0.007156649113543547
-0.037922781295391755
-0.005432078471144334
0.00811486080763433
-0.029639121937986283
-0.01349414217103606
0.0009979312969464332
-0.027106424115179304
-0.029639121937986283
-0.0029960639386059783
0.0009979312969464332
-0.03135245195201034
0.00811486080763433
-0.001559534227045923
-0.03057823975462768
-0.026746959736871856
-0.0277164540073333
-0.01349414217103606
0.008038217133898785
-0.0168480231855726
0.017492177660423453
-0.007496673090899216
-0.005432078471144334
0.0009979312969464332
-0.02440909531175304
-0.018740923120969068
-0.011377094771680295
-0.03135245195201034
-0.0060197215121054505
0.0009979312969464332
-0.034525468644677086
-0.018740923120969068
0.009878423893017433
-0.03057823975462768
-0.01349414217103606
0.0009979312969464332
0.009878423893017433
-0.006446225196726265
-0.007496673090899216
-0.03057823975462768
-0.0168480231855726
-0.011377094771680295
-0.009434073640654015
0.005984381700224106
0.02102221249817465
-0.037922781295391755
0.017492177660423453
0.005984381700224106
-0.0060197215121054505
-0.006201337564130663
-0.034525468644677086
-0.037922781295391755
-0.026746959736871856
-0.018740923120969068
0.0009979312969464332
-0.0277164540073333
-0.013792575520276188
-0.006201337564130663
-0.03135245195201034
-0.03135245195201034
-0.01349414217103606
0.005984381700224106
-0.013792575520276188
-0.0060197215121054505
-0.029639121937986283
-0.018740923120969068
-0.001559534227045923
0.017492177660423453
-0.037922781295391755
-0.018740923120969068
-0.03057823975462768
-0.034525468644677086
0.008038217133898785
-0.037922781295391755
-0.027106424115179304
0.009878423893017433
0.02102221249817465
0.009878423893017433
-0.019562732967348936
0.00811486080763433
-0.009434073640654015
-0.02440909531175304
-0.005432078471144334
0.009878423893017433
0.005984381700224106
-0.018740923120969068
-0.006201337564130663
-0.001559534227045923
0.005984381700224106
-0.005460594552976861
-0.009434073640654015
0.017492177660423453
-0.007496673090899216
-0.009434073640654015
0.0021904603872350686
-0.001559534227045923
-0.006201337564130663
-0.03135245195201034
-0.03057823975462768
0.0009979312969464332
-0.019562732967348936
-0.029639121937986283
-0.026746959736871856
-0.026746959736871856
-0.006446225196726265
-0.027106424115179304
-0.014870708574249273
0.02102221249817465
-0.001559534227045923
-0.0168480231855726
-0.007496673090899216
-0.034525468644677086
0.008038217133898785
-0.005460594552976861
-0.005432078471144334
-0.0029960639386059783
-0.018740923120969068
-0.0168480231855726
-0.02440909531175304
-0.018740923120969068
0.005984381700224106
-0.0277164540073333
-0.027106424115179304
-0.03135245195201034
0.007156649113543547
-0.034525468644677086
-0.03057823975462768
-0.026746959736871856
-0.013547064306419563
0.008038217133898785
-0.014870708574249273
-0.037922781295391755
0.00811486080763433
-0.0168480231855726
-0.001559534227045923
-0.001559534227045923
-0.014870708574249273
-0.01349414217103606
-0.009434073640654015
0.0021904603872350686
-0.03057823975462768
-0.013547064306419563
-0.005460594552976861
0.0009979312969464332
-0.0060197215121054505
-0.019562732967348936
-0.014870708574249273
-0.001559534227045923
0.009878423893017433
-0.03057823975462768
0.017492177660423453
0.0009979312969464332
0.0009979312969464332
-0.018740923120969068
-0.026746959736871856
-0.007496673090899216
0.0009979312969464332
0.009878423893017433
-0.029639121937986283
-0.026746959736871856
0.009878423893017433
0.0021904603872350686
-0.01349414217103606
0.00811486080763433
0.02102221249817465
-0.018740923120969068
-0.027106424115179304
-0.01349414217103606
0.0021904603872350686
0.009878423893017433
-0.03057823975462768
-0.014870708574249273
-0.026746959736871856
-0.03057823975462768
0.007156649113543547
-0.034525468644677086
-0.013547064306419563
0.007156649113543547
-0.029639121937986283
-0.019562732967348936
-0.027106424115179304
-0.006446225196726265
-0.014870708574249273
-0.01349414217103606
0.02102221249817465
-0.005432078471144334
-0.005460594552976861
0.02102221249817465
-0.03057823975462768
-0.005460594552976861
-0.009434073640654015
-0.0277164540073333
-0.0029960639386059783
-0.029639121937986283
0.009878423893017433
0.008038217133898785
-0.03057823975462768
-0.027106424115179304
-0.005432078471144334
-0.006446225196726265
-0.006201337564130663
-0.013792575520276188
0.02102221249817465
-0.0060197215121054505
-0.0029960639386059783
-0.0168480231855726
-0.034525468644677086
-0.006446225196726265
0.0021904603872350686
-0.019562732967348936
-0.013792575520276188
-0.02440909531175304
-0.005432078471144334
-0.011377094771680295
0.02102221249817465
0.007156649113543547
-0.018740923120969068
-0.005460594552976861
-0.0277164540073333
-0.019562732967348936
-0.0168480231855726
0.008038217133898785
-0.034525468644677086
-0.037922781295391755
-0.0277164540073333
-0.027106424115179304
-0.006446225196726265
0.017492177660423453
0.00811486080763433
0.009878423893017433
-0.026746959736871856
-0.013792575520276188
-0.006201337564130663
-0.03057823975462768
0.007156649113543547
-0.013547064306419563
0.00811486080763433
0.00811486080763433
-0.005460594552976861
-0.005432078471144334
-0.027106424115179304
-0.005460594552976861
0.02102221249817465
-0.0168480231855726
-0.005460594552976861
-0.013792575520276188
-0.0168480231855726
-0.02440909531175304
-0.005432078471144334
-0.005460594552976861
0.02102221249817465
-0.01349414217103606
-0.02440909531175304
-0.027106424115179304
-0.001559534227045923
0.009878423893017433
0.0009979312969464332
-0.005432078471144334
-0.005432078471144334
-0.019562732967348936
-0.026746959736871856
-0.027106424115179304
0.007156649113543547
-0.011377094771680295
0.007156649113543547
-0.0168480231855726
-0.0029960639386059783
0.00811486080763433
-0.01349414217103606
0.00811486080763433
-0.0029960639386059783
0.02102221249817465
-0.01349414217103606
-0.001559534227045923
0.009878423893017433
-0.013547064306419563
-0.013792575520276188
-0.03135245195201034
-0.006446225196726265
-0.03135245195201034
-0.02440909531175304
0.0009979312969464332
-0.026746959736871856
0.009878423893017433
-0.026746959736871856
-0.034525468644677086
-0.01349414217103606
0.005984381700224106
-0.0060197215121054505
-0.0168480231855726
-0.027106424115179304
-0.009434073640654015
-0.018740923120969068
-0.013792575520276188
-0.027106424115179304
0.0009979312969464332
-0.001559534227045923
-0.037922781295391755
-0.03135245195201034
-0.018740923120969068
-0.006201337564130663
-0.018740923120969068
0.005984381700224106
-0.037922781295391755
0.0009979312969464332
-0.01349414217103606
0.005984381700224106
-0.034525468644677086
-0.0277164540073333
-0.029639121937986283
-0.03135245195201034
-0.037922781295391755
-0.011377094771680295
-0.034525468644677086
-0.009434073640654015
-0.005460594552976861
-0.013547064306419563
-0.005460594552976861
-0.005432078471144334
-0.006201337564130663
-0.019562732967348936
-0.029639121937986283
0.0009979312969464332
-0.034525468644677086
0.009878423893017433
-0.001559534227045923
-0.001559534227045923
-0.0029960639386059783
-0.001559534227045923
-0.011377094771680295
0.0021904603872350686
-0.006446225196726265
0.007156649113543547
-0.013792575520276188
-0.005432078471144334
-0.027106424115179304
-0.006446225196726265
-0.01349414217103606
-0.026746959736871856
-0.037922781295391755
-0.0029960639386059783
0.009878423893017433
-0.03057823975462768
-0.005432078471144334
0.005984381700224106
-0.009434073640654015
-0.013547064306419563
-0.019562732967348936
0.008038217133898785
0.017492177660423453
-0.013547064306419563
-0.014870708574249273
-0.026746959736871856
