-0.04031972190991974
0.0027205777864623545
-0.007860894309308537
-0.0016690746115553155
-0.03604381463869064
-0.04764016888007118
-0.0024870664631530307
-0.019591469121780464
0.009602118308789124
-0.014944817966849124
0.007861511554912763
-0.011053238898349117
0.010375609499392258
0.007861511554912763
-0.007860894309308537
0.008543270060601786
-0.0070926340108035555
-0.004324790652307299
0.007662022881610426
-0.04038618402689525
-0.0024870664631530307
0.007662022881610426
-0.01805869640817148
0.0027205777864623545
-0.014944817966849124
-0.011860287113997127
-0.0022112885436005657
-0.0005647028040687912
-0.019591469121780464
-0.012654149645623655
-0.04764016888007118
-0.009954840975149036
0.009602118308789124
-0.007111095998902596
-0.012654149645623655
-0.012654149645623655
0.010375609499392258
-0.019591469121780464
0.004056378282905566
-0.005452451142676986
0.007662022881610426
0.003377926631951618
0.004056378282905566
-0.01353578097078641
-0.009077720603174019
-0.025025396433937537
0.007662022881610426
0.009602118308789124
0.004056378282905566
0.009602118308789124
0.004017849823599917
-0.000435042932814923
-0.01221367302832192
0.009602118308789124
3.021976100590164e-05
-0.0005647028040687912
-0.007860894309308537
-0.0070926340108035555
-0.014944817966849124
-0.0016690746115553155
-0.007111095998902596
0.004017849823599917
-0.04916257338438752
-0.007860894309308537
-0.009954840975149036
0.0027205777864623545
-0.014944817966849124
0.0027205777864623545
-0.01221367302832192
0.045265733419607115
-0.018999856669630173
-0.03604381463869064
-0.005452451142676986
-0.01805869640817148
-0.0005647028040687912
-0.03604381463869064
-0.04764016888007118
-0.004324790652307299
-0.0024870664631530307
-0.009954840975149036
-0.01805869640817148
-0.000435042932814923
-0.04916257338438752
-0.005627471034337643
-0.011053238898349117
-0.0016690746115553155
-0.04031972190991974
0.007662022881610426
0.010554662153402594
0.002883789810220659
-0.000435042932814923
0.003377926631951618
-0.03604381463869064
-0.009077720603174019
-0.009077720603174019
-0.011860287113997127
-0.0016690746115553155
-0.04764016888007118
0.0027205777864623545
0.045265733419607115
3.021976100590164e-05
-0.01805869640817148
0.0019998597413555196
-0.0005647028040687912
-0.0022112885436005657
0.0019998597413555196
0.007861511554912763
-0.01683694937935667
-0.014944817966849124
0.008543270060601786
-0.000435042932814923
-0.020072606151515883
3.021976100590164e-05
-0.04764016888007118
-0.04764016888007118
-0.005828869228895818
0.045265733419607115
-0.007111095998902596
-0.012654149645623655
0.004017849823599917
-0.014944817966849124
-0.004324790652307299
-0.005452451142676986
-0.011053238898349117
-0.04916257338438752
0.003377926631951618
-0.012654149645623655
-0.005452451142676986
0.007861511554912763
0.002883789810220659
-0.011860287113997127
0.004017849823599917
-0.009077720603174019
-0.04038618402689525
-0.011860287113997127
0.045265733419607115
-0.04916257338438752
-0.020072606151515883
-0.0005647028040687912
-0.014944817966849124
-0.015229874511136818
-0.000435042932814923
0.003377926631951618
-0.04031972190991974
-0.004324790652307299
-0.011053238898349117
-0.014944817966849124
0.009602118308789124
-0.04916257338438752
-0.0022112885436005657
0.0019998597413555196
-0.014204754290897138
-0.0005647028040687912
-0.0005647028040687912
-0.005452451142676986
-0.0022112885436005657
0.008543270060601786
-0.04031972190991974
-0.01805869640817148
0.007662022881610426
0.004017849823599917
-0.01221367302832192
0.0027205777864623545
-0.0005647028040687912
-0.012654149645623655
0.010554662153402594
-0.04031972190991974
-0.005627471034337643
0.002883789810220659
-0.005452451142676986
-0.04916257338438752
-0.012654149645623655
-0.04038618402689525
-0.013071082693039618
-0.04038618402689525
-0.012654149645623655
-0.04038618402689525
0.004056378282905566
0.004056378282905566
0.002883789810220659
-0.04916257338438752
-0.04916257338438752
0.0027205777864623545
0.004056378282905566
0.045265733419607115
-0.0005647028040687912
-0.0005647028040687912
-0.04764016888007118
0.003377926631951618
-0.022854899393816294
0.010375609499392258
0.0027205777864623545
0.045265733419607115
0.002883789810220659
-0.019591469121780464
-0.01221367302832192
-0.04764016888007118
-0.013071082693039618
-0.019591469121780464
-0.014204754290897138
-0.009954840975149036
-0.009077720603174019
-0.03604381463869064
-0.014944817966849124
-0.022854899393816294
-0.005627471034337643
-0.020072606151515883
-0.0022112885436005657
-0.011053238898349117
-0.009954840975149036
0.045265733419607115
-0.04764016888007118
-0.04031972190991974
-0.0070926340108035555
-0.005452451142676986
-0.0016690746115553155
-0.019591469121780464
-0.0005647028040687912
-0.012654149645623655
0.0027205777864623545
-0.014944817966849124
0.007662022881610426
0.004017849823599917
-0.04764016888007118
0.004017849823599917
-0.04764016888007118
-0.018999856669630173
-0.04031972190991974
-0.018999856669630173
-0.005627471034337643
-0.014204754290897138
-0.004324790652307299
-0.01683694937935667
-0.000435042932814923
-0.019591469121780464
0.010375609499392258
0.010375609499392258
0.004056378282905566
3.021976100590164e-05
-0.011053238898349117
-0.014204754290897138
0.0027205777864623545
-0.03604381463869064
-0.000435042932814923
-0.0070926340108035555
-0.0016690746115553155
0.010375609499392258
0.008543270060601786
0.004017849823599917
0.004056378282905566
-0.020072606151515883
0.010554662153402594
-0.009077720603174019
-0.04031972190991974
-0.0070926340108035555
-0.03604381463869064
-0.019591469121780464
-0.014944817966849124
3.021976100590164e-05
-0.04764016888007118
-0.011860287113997127
-0.022854899393816294
-0.014944817966849124
-0.04764016888007118
-0.005627471034337643
-0.01805869640817148
0.009602118308789124
0.010554662153402594
0.009602118308789124
0.007861511554912763
-0.015229874511136818
-0.04038618402689525
-0.019591469121780464
-0.020072606151515883
-0.0005647028040687912
-0.025025396433937537
-0.007111095998902596
-0.0005647028040687912
-0.005452451142676986
-0.0070926340108035555
-0.025025396433937537
-0.009954840975149036
-0.019591469121780464
-0.01353578097078641
-0.03604381463869064
0.003377926631951618
0.007662022881610426
-0.005627471034337643
0.004056378282905566
-0.011053238898349117
0.008543270060601786
-0.04916257338438752
0.007662022881610426
-0.020072606151515883
-0.020072606151515883
-0.01683694937935667
-0.007860894309308537
-0.014204754290897138
-0.020072606151515883
-0.04764016888007118
-0.009077720603174019
-0.009077720603174019
-0.007111095998902596
0.0019998597413555196
0.0027205777864623545
0.003377926631951618
-0.01221367302832192
0.004017849823599917
-0.013071082693039618
-0.03604381463869064
-0.0016690746115553155
-0.020072606151515883
-0.01353578097078641
0.008543270060601786
-0.04031972190991974
0.0027205777864623545
-0.009077720603174019
-0.007860894309308537
-0.014204754290897138
-0.015229874511136818
-0.014204754290897138
-0.022854899393816294
0.002883789810220659
0.003377926631951618
-0.005452451142676986
-0.01221367302832192
-0.000435042932814923
-0.0016690746115553155
-0.0070926340108035555
-0.014204754290897138
-0.009077720603174019
0.045265733419607115
0.007861511554912763
-0.015229874511136818
0.0019998597413555196
-0.009077720603174019
-0.0070926340108035555
-0.014204754290897138
0.045265733419607115
-0.014944817966849124
0.007861511554912763
-0.022854899393816294
0.009602118308789124
-0.04916257338438752
-0.011860287113997127
-0.011053238898349117
-0.005828869228895818
-0.0016690746115553155
-0.01353578097078641
0.003444557844401441
-0.04916257338438752
-0.0005647028040687912
-0.04916257338438752
-0.011053238898349117
0.009602118308789124
-0.01353578097078641
-0.009954840975149036
-0.005627471034337643
-0.01683694937935667
-0.007111095998902596
-0.007860894309308537
-0.03604381463869064
-0.04916257338438752
-0.0016690746115553155
-0.03604381463869064
-0.007860894309308537
0.004056378282905566
-0.020072606151515883
0.004056378282905566
-0.025025396433937537
0.0027205777864623545
-0.011860287113997127
-0.0070926340108035555
-0.020072606151515883
-0.007111095998902596
-0.0005647028040687912
-0.004324790652307299
-0.019591469121780464
-0.0024870664631530307
-0.01221367302832192
0.009602118308789124
0.045265733419607115
-0.009077720603174019
-0.0016690746115553155
0.0019998597413555196
-0.01221367302832192
-0.007111095998902596
0.010554662153402594
-0.04916257338438752
3.021976100590164e-05
0.009602118308789124
0.008543270060601786
-0.04764016888007118
-0.015229874511136818
-0.014204754290897138
-0.020072606151515883
-0.018999856669630173
-0.015229874511136818
-0.014944817966849124
-0.04764016888007118
-0.04031972190991974
-0.04916257338438752
-0.0070926340108035555
-0.01805869640817148
-0.0070926340108035555
3.021976100590164e-05
0.0027205777864623545
-0.018999856669630173
0.007662022881610426
-0.015229874511136818
-0.0005647028040687912
0.0027205777864623545
-0.009077720603174019
-0.01683694937935667
-0.014204754290897138
-0.025025396433937537
0.008543270060601786
-0.014944817966849124
0.007861511554912763
-0.022854899393816294
0.010554662153402594
-0.019591469121780464
-0.01221367302832192
-0.01683694937935667
-0.04764016888007118
-0.005452451142676986
-0.020072606151515883
-0.018999856669630173
-0.0070926340108035555
-0.019591469121780464
0.004017849823599917
-0.01353578097078641
-0.007111095998902596
-0.04038618402689525
-0.04038618402689525
-0.018999856669630173
-0.03604381463869064
-0.000435042932814923
-0.025025396433937537
-0.0070926340108035555
-0.011860287113997127
-0.009077720603174019
-0.04764016888007118
-0.005828869228895818
-0.005452451142676986
-0.020072606151515883
-0.014944817966849124
-0.0022112885436005657
0.0019998597413555196
-0.01353578097078641
-0.015229874511136818
-0.005627471034337643
-0.004324790652307299
-0.025025396433937537
0.002883789810220659
-0.015229874511136818
-0.04764016888007118
-0.005828869228895818
-0.01805869640817148
0.003377926631951618
-0.014944817966849124
0.0019998597413555196
-0.012654149645623655
-0.03604381463869064
-0.011860287113997127
-0.01805869640817148
3.021976100590164e-05
-0.011860287113997127
-0.009077720603174019
-0.011053238898349117
-0.007111095998902596
0.010554662153402594
0.0019998597413555196
-0.022854899393816294
-0.005452451142676986
0.007662022881610426
0.010554662153402594
-0.01805869640817148
-0.03604381463869064
-0.01353578097078641
3.021976100590164e-05
-0.000435042932814923
0.010554662153402594
0.004056378282905566
-0.04916257338438752
0.010375609499392258
-0.009954840975149036
0.009602118308789124
-0.04916257338438752
-0.007111095998902596
-0.0022112885436005657
-0.04038618402689525
-0.0024870664631530307
0.003377926631951618
-0.012654149645623655
0.007861511554912763
0.010554662153402594
-0.03604381463869064
0.003444557844401441
-0.020072606151515883
-0.011860287113997127
-0.01221367302832192
0.007861511554912763
-0.009077720603174019
-0.04916257338438752
-0.0070926340108035555
-0.0016690746115553155
-0.009954840975149036
0.002883789810220659
-0.007111095998902596
-0.011053238898349117
-0.04031972190991974
-0.0005647028040687912
-0.011053238898349117
-0.0024870664631530307
0.0027205777864623545
-0.0005647028040687912
-0.01683694937935667
-0.014944817966849124
-0.0070926340108035555
-0.014204754290897138
0.045265733419607115
-0.005828869228895818
-0.01683694937935667
-0.015229874511136818
-0.022854899393816294
0.002883789810220659
0.003377926631951618
-0.0022112885436005657
0.045265733419607115
-0.011860287113997127
0.045265733419607115
-0.004324790652307299
-0.0022112885436005657
-0.01683694937935667
-0.011860287113997127
0.002883789810220659
-0.011053238898349117
-0.018999856669630173
-0.005452451142676986
-0.04764016888007118
-0.0005647028040687912
-0.0024870664631530307
-0.03604381463869064
0.007662022881610426
-0.020072606151515883
0.010375609499392258
-0.011860287113997127
-0.01221367302832192
0.010554662153402594
-0.04764016888007118
0.007662022881610426
3.021976100590164e-05
-0.011053238898349117
-0.005452451142676986
0.004056378282905566
0.0019998597413555196
0.0019998597413555196
-0.03604381463869064
0.0027205777864623545
-0.000435042932814923
3.021976100590164e-05
-0.009954840975149036
-0.03604381463869064
-0.012654149645623655
0.004017849823599917
-0.020072606151515883
-0.01805869640817148
-0.004324790652307299
-0.014944817966849124
0.004056378282905566
0.045265733419607115
0.010375609499392258
0.009602118308789124
0.045265733419607115
-0.03604381463869064
-0.04031972190991974
-0.005627471034337643
-0.04916257338438752
0.045265733419607115
-0.04031972190991974
-0.007111095998902596
0.004056378282905566
-0.012654149645623655
-0.04031972190991974
0.007861511554912763
-0.018999856669630173
-0.014944817966849124
-0.004324790652307299
0.008543270060601786
-0.009077720603174019
-0.0016690746115553155
0.010375609499392258
-0.01221367302832192
-0.0005647028040687912
-0.009077720603174019
-0.0016690746115553155
-0.04764016888007118
-0.03604381463869064
-0.014944817966849124
-0.025025396433937537
0.0019998597413555196
-0.019591469121780464
0.0027205777864623545
0.045265733419607115
-0.022854899393816294
-0.0005647028040687912
0.008543270060601786
0.010554662153402594
-0.0016690746115553155
-0.0005647028040687912
-0.01221367302832192
-0.005452451142676986
-0.01353578097078641
0.007662022881610426
-0.005828869228895818
-0.000435042932814923
-0.04031972190991974
-0.004324790652307299
-0.01805869640817148
-0.019591469121780464
0.010375609499392258
-0.04031972190991974
-0.04031972190991974
0.002883789810220659
-0.005828869228895818
-0.01221367302832192
0.0019998597413555196
-0.0070926340108035555
-0.0016690746115553155
-0.0024870664631530307
-0.007860894309308537
-0.04031972190991974
-0.011860287113997127
-0.04038618402689525
-0.01683694937935667
-0.01805869640817148
-0.015229874511136818
-0.013071082693039618
0.008543270060601786
-0.020072606151515883
-0.005828869228895818
0.010375609499392258
-0.025025396433937537
-0.014204754290897138
0.003444557844401441
3.021976100590164e-05
0.010554662153402594
-0.007860894309308537
-0.014944817966849124
-0.000435042932814923
-0.01221367302832192
0.010554662153402594
-0.025025396433937537
0.004056378282905566
-0.025025396433937537
-0.018999856669630173
0.007861511554912763
0.010375609499392258
-0.014944817966849124
-0.025025396433937537
-0.014204754290897138
3.021976100590164e-05
-0.03604381463869064
-0.011053238898349117
-0.015229874511136818
0.010554662153402594
0.0027205777864623545
-0.03604381463869064
0.003377926631951618
0.003377926631951618
-0.04764016888007118
-0.011860287113997127
-0.011860287113997127
-0.01805869640817148
0.004056378282905566
-0.04916257338438752
-0.000435042932814923
-0.03604381463869064
-0.009077720603174019
-0.04916257338438752
-0.004324790652307299
-0.005452451142676986
0.007861511554912763
-0.015229874511136818
-0.004324790652307299
-0.004324790652307299
0.003444557844401441
0.009602118308789124
0.007861511554912763
-0.0022112885436005657
-0.0022112885436005657
0.0027205777864623545
-0.01221367302832192
0.010554662153402594
-0.0005647028040687912
-0.007111095998902596
0.009602118308789124
-0.0070926340108035555
-0.0070926340108035555
-0.019591469121780464
0.045265733419607115
-0.004324790652307299
0.004056378282905566
-0.007860894309308537
-0.009077720603174019
0.008543270060601786
0.004017849823599917
-0.03604381463869064
-0.020072606151515883
-0.009954840975149036
0.010375609499392258
-0.04031972190991974
0.045265733419607115
-0.005828869228895818
-0.0022112885436005657
3.021976100590164e-05
0.045265733419607115
-0.020072606151515883
-0.01353578097078641
-0.005627471034337643
-0.000435042932814923
-0.011053238898349117
-0.04916257338438752
0.045265733419607115
0.004017849823599917
3.021976100590164e-05
-0.0022112885436005657
0.010375609499392258
-0.012654149645623655
3.021976100590164e-05
0.008543270060601786
-0.04038618402689525
-0.005627471034337643
-0.04031972190991974
-0.04764016888007118
0.003377926631951618
-0.0070926340108035555
-0.005828869228895818
-0.04031972190991974
0.003444557844401441
-0.005452451142676986
-0.019591469121780464
-0.03604381463869064
-0.0005647028040687912
3.021976100590164e-05
-0.01683694937935667
-0.007860894309308537
-0.007860894309308537
-0.011053238898349117
-0.015229874511136818
-0.014944817966849124
-0.009954840975149036
-0.0022112885436005657
-0.013071082693039618
-0.025025396433937537
0.009602118308789124
-0.009077720603174019
-0.025025396433937537
-0.012654149645623655
0.0027205777864623545
-0.0022112885436005657
0.007861511554912763
-0.03604381463869064
-0.018999856669630173
0.0019998597413555196
-0.019591469121780464
-0.007860894309308537
0.004056378282905566
0.004056378282905566
0.002883789810220659
-0.011860287113997127
-0.04031972190991974
-0.022854899393816294
0.003444557844401441
0.003377926631951618
-0.004324790652307299
0.009602118308789124
-0.025025396433937537
0.003377926631951618
-0.019591469121780464
-0.01353578097078641
-0.011053238898349117
-0.007860894309308537
0.010554662153402594
-0.0005647028040687912
-0.04764016888007118
-0.012654149645623655
-0.013071082693039618
-0.007111095998902596
-0.018999856669630173
0.003444557844401441
0.002883789810220659
0.007662022881610426
0.003377926631951618
0.0027205777864623545
0.003377926631951618
-0.01353578097078641
-0.005627471034337643
0.007662022881610426
-0.005452451142676986
-0.0005647028040687912
-0.013071082693039618
-0.014204754290897138
-0.014204754290897138
-0.014204754290897138
0.003444557844401441
0.004056378282905566
0.008543270060601786
-0.018999856669630173
-0.000435042932814923
-0.009954840975149036
-0.0016690746115553155
-0.04031972190991974
-0.03604381463869064
-0.004324790652307299
-0.025025396433937537
-0.019591469121780464
-0.04031972190991974
0.010554662153402594
-0.01683694937935667
-0.012654149645623655
-0.018999856669630173
0.007861511554912763
-0.01805869640817148
-0.01805869640817148
3.021976100590164e-05
-0.000435042932814923
0.010554662153402594
-0.014204754290897138
0.010375609499392258
-0.011860287113997127
-0.0022112885436005657
-0.005828869228895818
-0.04038618402689525
-0.014944817966849124
-0.01805869640817148
-0.04038618402689525
0.008543270060601786
0.004017849823599917
0.0027205777864623545
0.0027205777864623545
-0.009954840975149036
-0.0024870664631530307
0.010554662153402594
0.045265733419607115
0.003377926631951618
0.004017849823599917
-0.03604381463869064
0.045265733419607115
-0.04031972190991974
-0.005452451142676986
-0.020072606151515883
-0.014204754290897138
-0.005452451142676986
-0.020072606151515883
-0.04764016888007118
-0.0024870664631530307
-0.004324790652307299
3.021976100590164e-05
0.003444557844401441
0.008543270060601786
-0.004324790652307299
-0.0024870664631530307
0.0027205777864623545
-0.01221367302832192
0.003444557844401441
-0.013071082693039618
0.007662022881610426
0.045265733419607115
-0.004324790652307299
-0.0016690746115553155
-0.01805869640817148
-0.009077720603174019
-0.019591469121780464
-0.01805869640817148
0.007662022881610426
-0.04764016888007118
-0.04764016888007118
0.010375609499392258
-0.013071082693039618
-0.005627471034337643
-0.04031972190991974
-0.014204754290897138
-0.01221367302832192
-0.0005647028040687912
-0.020072606151515883
0.002883789810220659
0.010554662153402594
-0.0022112885436005657
0.007861511554912763
-0.01353578097078641
-0.009954840975149036
-0.022854899393816294
-0.005828869228895818
-0.000435042932814923
-0.004324790652307299
-0.009077720603174019
0.045265733419607115
-0.04764016888007118
-0.011053238898349117
-0.011053238898349117
-0.01805869640817148
0.003444557844401441
-0.011053238898349117
-0.025025396433937537
-0.009077720603174019
0.009602118308789124
-0.007111095998902596
0.003377926631951618
0.008543270060601786
-0.04031972190991974
-0.005452451142676986
0.007662022881610426
0.007662022881610426
0.004017849823599917
-0.000435042932814923
0.007861511554912763
-0.009954840975149036
-0.025025396433937537
-0.0024870664631530307
-0.004324790652307299
-0.004324790652307299
-0.0016690746115553155
-0.01805869640817148
-0.04764016888007118
-0.014944817966849124
-0.0024870664631530307
-0.009077720603174019
-0.01221367302832192
-0.007111095998902596
-0.01805869640817148
-0.0016690746115553155
-0.04031972190991974
-0.020072606151515883
-0.01805869640817148
-0.04916257338438752
0.009602118308789124
-0.011053238898349117
-0.005452451142676986
-0.020072606151515883
-0.01353578097078641
-0.03604381463869064
0.007662022881610426
-0.025025396433937537
-0.01221367302832192
-0.025025396433937537
-0.005627471034337643
-0.007860894309308537
0.002883789810220659
-0.009954840975149036
-0.005452451142676986
-0.018999856669630173
-0.005627471034337643
-0.009954840975149036
-0.005452451142676986
-0.011860287113997127
-0.009077720603174019
-0.013071082693039618
-0.01221367302832192
0.010375609499392258
-0.0024870664631530307
0.0019998597413555196
-0.005627471034337643
-0.014944817966849124
-0.014204754290897138
-0.04038618402689525
-0.019591469121780464
-0.04764016888007118
-0.004324790652307299
-0.0016690746115553155
-0.005627471034337643
-0.04031972190991974
-0.014944817966849124
-0.01805869640817148
-0.014204754290897138
0.0019998597413555196
-0.011860287113997127
-0.007860894309308537
-0.000435042932814923
0.004056378282905566
-0.018999856669630173
-0.022854899393816294
-0.0022112885436005657
-0.03604381463869064
-0.012654149645623655
0.0019998597413555196
-0.0070926340108035555
-0.0024870664631530307
-0.025025396433937537
-0.04031972190991974
-0.0022112885436005657
-0.011860287113997127
-0.007860894309308537
-0.005627471034337643
0.009602118308789124
-0.01805869640817148
-0.01221367302832192
-0.025025396433937537
-0.014204754290897138
