-0.006803203548966496
-0.007782733622646455
-0.007972902684193355
-0.005963641092556344
-0.02471001486435174
-0.011612582266107938
-0.02643385586122751
-0.04609432746130891
0.016003037528769866
-0.00427631554320009
-0.01938328429134904
-0.02595994509228171
-0.035082372216903114
-0.005963641092556344
-0.004932108122248403
-0.03410749512472741
-0.007972902684193355
-0.011612582266107938
-0.018362513459406034
-0.018106831790272938
-0.041380336622278885
-0.041380336622278885
-0.03516518092211419
-0.02595994509228171
-0.011947938269010897
-0.007858372266311723
-0.011947938269010897
-0.02643385586122751
-0.01868902265227132
-0.013750904482336325
-0.025541505262432422
-0.019130526316310025
-0.016296638535070393
-0.018362513459406034
-0.007858372266311723
-0.008237031033420633
-0.008237031033420633
-0.04609432746130891
-0.007782733622646455
-0.011947938269010897
-0.019130526316310025
-0.007972902684193355
-0.00427631554320009
-0.01868902265227132
-0.041380336622278885
-0.01938328429134904
-0.018362513459406034
-0.02595994509228171
-0.005963641092556344
-0.007858372266311723
-0.005985171160209042
-0.017537859449213395
-0.011612582266107938
-0.011612582266107938
-0.004932108122248403
-0.03516518092211419
-0.011947938269010897
-0.04609432746130891
-0.03410749512472741
-0.025541505262432422
-0.025541505262432422
-0.011612582266107938
-0.035082372216903114
-0.005985171160209042
-0.025541505262432422
-0.011947938269010897
-0.007972902684193355
-0.025541505262432422
-0.023133255932353724
-0.011612582266107938
-0.00988759413011141
-0.023640429537080065
-0.013750904482336325
-0.001202948927189524
-0.015895553538363093
-0.008710637201585849
-0.02471001486435174
-0.005045291189702613
-0.013750904482336325
-0.01868902265227132
-0.04609432746130891
-0.001202948927189524
-0.019130526316310025
-0.02643385586122751
-0.011612582266107938
-0.008279461013995845
-0.023640429537080065
-0.023133255932353724
-0.007858372266311723
-0.007858372266311723
-0.02595994509228171
-0.02471001486435174
-0.013640699971270091
-0.02643385586122751
0.016003037528769866
-0.005045291189702613
-0.03410749512472741
-0.011612582266107938
-0.005963641092556344
-0.019130526316310025
-0.008279461013995845
-0.03410749512472741
-0.013763103570375024
-0.01938328429134904
-0.007782733622646455
-0.01868902265227132
-0.02595994509228171
-0.006803203548966496
-0.02595994509228171
-0.02643385586122751
-0.017537859449213395
-0.018106831790272938
-0.00427631554320009
-0.018362513459406034
-0.019130526316310025
-0.018106831790272938
-0.041380336622278885
-0.017537859449213395
-0.0381980025456892
-0.005045291189702613
-0.025541505262432422
0.016003037528769866
-0.007972902684193355
-0.00427631554320009
-0.008279461013995845
-0.015895553538363093
-0.04609432746130891
-0.011947938269010897
-0.023640429537080065
-0.008279461013995845
-0.03410749512472741
-0.005985171160209042
-0.005985171160209042
-0.005045291189702613
-0.03516518092211419
-0.01868902265227132
-0.04609432746130891
-0.012623280799627053
-0.012623280799627053
-0.013763103570375024
-0.016296638535070393
-0.008710637201585849
-0.013763103570375024
0.016003037528769866
-0.023133255932353724
-0.013763103570375024
-0.03516518092211419
-0.016296638535070393
-0.015895553538363093
-0.025541505262432422
-0.008710637201585849
-0.023133255932353724
-0.005963641092556344
-0.019130526316310025
-0.007782733622646455
-0.00427631554320009
-0.04609432746130891
-0.013750904482336325
-0.005985171160209042
-0.001202948927189524
-0.01938328429134904
-0.01938328429134904
-0.016296638535070393
-0.008237031033420633
-0.017537859449213395
-0.007972902684193355
-0.006803203548966496
-0.016296638535070393
-0.01868902265227132
-0.025541505262432422
-0.025541505262432422
-0.013763103570375024
-0.023640429537080065
-0.008237031033420633
-0.011612582266107938
-0.018106831790272938
-0.02471001486435174
-0.03410749512472741
-0.008279461013995845
-0.023640429537080065
0.016003037528769866
-0.013640699971270091
-0.00988759413011141
-0.008237031033420633
-0.00988759413011141
-0.007782733622646455
-0.004932108122248403
-0.007782733622646455
-0.007858372266311723
-0.00988759413011141
-0.0381980025456892
-0.03516518092211419
-0.041380336622278885
-0.00427631554320009
-0.005963641092556344
-0.015895553538363093
-0.01868902265227132
-0.012623280799627053
-0.035082372216903114
-0.013750904482336325
-0.03410749512472741
-0.035082372216903114
-0.001202948927189524
-0.013750904482336325
-0.017537859449213395
-0.012623280799627053
-0.00988759413011141
-0.005963641092556344
-0.011612582266107938
-0.04609432746130891
-0.013750904482336325
-0.01377127309454647
-0.023640429537080065
-0.016296638535070393
-0.018362513459406034
-0.018362513459406034
-0.001202948927189524
-0.008237031033420633
-0.02471001486435174
-0.023640429537080065
-0.02471001486435174
-0.007782733622646455
-0.01377127309454647
-0.007782733622646455
-0.005985171160209042
-0.018106831790272938
-0.041380336622278885
-0.008279461013995845
0.016003037528769866
-0.005045291189702613
-0.004932108122248403
-0.007972902684193355
-0.02643385586122751
-0.008279461013995845
-0.04609432746130891
-0.017537859449213395
-0.007858372266311723
-0.006803203548966496
-0.013640699971270091
-0.008279461013995845
-0.01938328429134904
-0.025541505262432422
-0.035082372216903114
-0.011612582266107938
-0.00427631554320009
-0.019130526316310025
-0.00427631554320009
0.016003037528769866
-0.019130526316310025
-0.02595994509228171
-0.01868902265227132
-0.02595994509228171
-0.013750904482336325
-0.01377127309454647
-0.01868902265227132
-0.005963641092556344
-0.013640699971270091
-0.02595994509228171
-0.019130526316310025
-0.005963641092556344
-0.01377127309454647
-0.005985171160209042
-0.001202948927189524
-0.004932108122248403
-0.007972902684193355
-0.013640699971270091
-0.013640699971270091
-0.041380336622278885
-0.013763103570375024
-0.007782733622646455
-0.005045291189702613
-0.02643385586122751
-0.012623280799627053
-0.013640699971270091
-0.02643385586122751
-0.025541505262432422
-0.035082372216903114
-0.016296638535070393
-0.02643385586122751
-0.013750904482336325
-0.01938328429134904
0.016003037528769866
-0.012623280799627053
-0.01377127309454647
0.016003037528769866
-0.023640429537080065
-0.017537859449213395
-0.02595994509228171
-0.015895553538363093
-0.013750904482336325
-0.005963641092556344
-0.019130526316310025
-0.001202948927189524
-0.011612582266107938
-0.011612582266107938
-0.023133255932353724
-0.006803203548966496
-0.04609432746130891
-0.018362513459406034
-0.006803203548966496
-0.018362513459406034
-0.04609432746130891
-0.00988759413011141
-0.00427631554320009
-0.005985171160209042
-0.013750904482336325
-0.015895553538363093
-0.035082372216903114
-0.015895553538363093
-0.04609432746130891
-0.035082372216903114
-0.023640429537080065
-0.005985171160209042
-0.03516518092211419
0.016003037528769866
-0.00427631554320009
-0.005963641092556344
-0.04609432746130891
-0.02471001486435174
-0.0381980025456892
-0.041380336622278885
-0.0381980025456892
-0.00988759413011141
-0.008279461013995845
-0.04609432746130891
-0.008279461013995845
-0.008710637201585849
-0.023133255932353724
-0.011612582266107938
-0.013763103570375024
-0.004932108122248403
-0.005045291189702613
-0.025541505262432422
-0.012623280799627053
-0.007858372266311723
-0.007858372266311723
-0.007858372266311723
-0.005963641092556344
-0.01938328429134904
-0.023133255932353724
-0.006803203548966496
-0.035082372216903114
-0.005963641092556344
-0.03516518092211419
-0.035082372216903114
-0.023640429537080065
-0.04609432746130891
-0.011612582266107938
-0.007858372266311723
-0.02643385586122751
-0.013750904482336325
-0.011612582266107938
-0.0381980025456892
-0.013750904482336325
-0.03516518092211419
-0.007972902684193355
0.016003037528769866
-0.035082372216903114
-0.013750904482336325
-0.011612582266107938
-0.0381980025456892
-0.017537859449213395
-0.0381980025456892
-0.013640699971270091
-0.011612582266107938
-0.006803203548966496
-0.00427631554320009
-0.005045291189702613
-0.018106831790272938
-0.005963641092556344
-0.035082372216903114
-0.023640429537080065
-0.007972902684193355
-0.023640429537080065
-0.035082372216903114
-0.007858372266311723
-0.011612582266107938
-0.013640699971270091
-0.018362513459406034
-0.02471001486435174
-0.011612582266107938
-0.025541505262432422
-0.02595994509228171
-0.018106831790272938
-0.004932108122248403
-0.012623280799627053
-0.00427631554320009
-0.008279461013995845
-0.011612582266107938
-0.008237031033420633
-0.01377127309454647
-0.005045291189702613
-0.005045291189702613
-0.035082372216903114
-0.023640429537080065
-0.01868902265227132
-0.004932108122248403
-0.017537859449213395
-0.017537859449213395
-0.013763103570375024
-0.03410749512472741
-0.00427631554320009
-0.04609432746130891
-0.019130526316310025
-0.008237031033420633
-0.013763103570375024
-0.016296638535070393
-0.019130526316310025
-0.013750904482336325
-0.019130526316310025
-0.007858372266311723
-0.005963641092556344
-0.006803203548966496
-0.013640699971270091
-0.016296638535070393
-0.02471001486435174
-0.007858372266311723
-0.041380336622278885
-0.023133255932353724
-0.001202948927189524
-0.023133255932353724
-0.011612582266107938
-0.03410749512472741
-0.025541505262432422
-0.01377127309454647
-0.03516518092211419
-0.018362513459406034
-0.019130526316310025
-0.035082372216903114
-0.006803203548966496
-0.018362513459406034
-0.0381980025456892
-0.018106831790272938
-0.007782733622646455
-0.023640429537080065
-0.012623280799627053
-0.013763103570375024
-0.041380336622278885
-0.011612582266107938
-0.007782733622646455
-0.012623280799627053
-0.004932108122248403
-0.03516518092211419
-0.011947938269010897
-0.008237031033420633
-0.006803203548966496
-0.011947938269010897
-0.01938328429134904
-0.015895553538363093
-0.041380336622278885
-0.01377127309454647
-0.008710637201585849
-0.017537859449213395
0.016003037528769866
-0.018362513459406034
-0.008710637201585849
-0.004932108122248403
-0.013750904482336325
-0.00988759413011141
-0.04609432746130891
-0.006803203548966496
-0.017537859449213395
-0.023640429537080065
-0.00988759413011141
-0.008710637201585849
-0.04609432746130891
-0.008279461013995845
-0.03410749512472741
-0.02595994509228171
-0.016296638535070393
-0.008710637201585849
-0.019130526316310025
-0.017537859449213395
-0.04609432746130891
-0.005045291189702613
-0.00427631554320009
-0.016296638535070393
-0.007858372266311723
-0.023640429537080065
-0.012623280799627053
-0.019130526316310025
-0.017537859449213395
-0.011612582266107938
-0.005963641092556344
-0.035082372216903114
-0.01377127309454647
-0.035082372216903114
-0.016296638535070393
-0.007782733622646455
-0.013763103570375024
-0.015895553538363093
-0.02471001486435174
-0.01868902265227132
-0.019130526316310025
-0.02471001486435174
-0.013750904482336325
-0.00427631554320009
-0.005963641092556344
-0.00988759413011141
-0.006803203548966496
-0.001202948927189524
-0.017537859449213395
-0.03410749512472741
-0.012623280799627053
-0.02595994509228171
-0.011612582266107938
-0.04609432746130891
-0.03410749512472741
-0.03410749512472741
-0.01377127309454647
-0.017537859449213395
-0.007972902684193355
-0.025541505262432422
-0.02471001486435174
-0.005045291189702613
-0.007972902684193355
-0.0381980025456892
-0.008710637201585849
-0.008237031033420633
-0.02471001486435174
-0.011612582266107938
-0.007972902684193355
-0.011612582266107938
-0.03516518092211419
-0.01938328429134904
-0.011612582266107938
-0.005985171160209042
-0.001202948927189524
-0.016296638535070393
-0.013763103570375024
-0.005963641092556344
-0.007858372266311723
-0.04609432746130891
-0.016296638535070393
-0.02595994509228171
-0.00427631554320009
-0.005963641092556344
-0.00427631554320009
-0.01938328429134904
-0.011947938269010897
-0.041380336622278885
-0.023640429537080065
-0.025541505262432422
-0.013750904482336325
-0.001202948927189524
-0.023640429537080065
-0.012623280799627053
-0.015895553538363093
-0.019130526316310025
-0.02595994509228171
-0.013750904482336325
-0.03516518092211419
0.016003037528769866
-0.007858372266311723
-0.02471001486435174
-0.013640699971270091
-0.03516518092211419
-0.005045291189702613
-0.023640429537080065
-0.008710637201585849
-0.008710637201585849
-0.00988759413011141
-0.007858372266311723
-0.012623280799627053
-0.00427631554320009
-0.011947938269010897
-0.005985171160209042
-0.013750904482336325
-0.004932108122248403
-0.001202948927189524
-0.006803203548966496
-0.004932108122248403
-0.035082372216903114
-0.008279461013995845
-0.005963641092556344
-0.007782733622646455
-0.03516518092211419
-0.005985171160209042
-0.012623280799627053
-0.012623280799627053
-0.02643385586122751
-0.011947938269010897
-0.04609432746130891
-0.03410749512472741
-0.005963641092556344
-0.015895553538363093
-0.025541505262432422
-0.005045291189702613
-0.03410749512472741
-0.025541505262432422
-0.035082372216903114
-0.013640699971270091
-0.00988759413011141
-0.008710637201585849
-0.01868902265227132
-0.00988759413011141
-0.011947938269010897
-0.001202948927189524
-0.005963641092556344
-0.018362513459406034
-0.03516518092211419
-0.005045291189702613
-0.015895553538363093
-0.005963641092556344
-0.011612582266107938
-0.006803203548966496
-0.004932108122248403
-0.001202948927189524
-0.001202948927189524
-0.025541505262432422
-0.006803203548966496
-0.007782733622646455
-0.013750904482336325
-0.02471001486435174
-0.01938328429134904
-0.00427631554320009
-0.001202948927189524
-0.03410749512472741
0.016003037528769866
-0.013640699971270091
-0.025541505262432422
-0.03410749512472741
-0.01868902265227132
-0.023133255932353724
-0.01868902265227132
-0.03410749512472741
-0.01868902265227132
-0.007972902684193355
-0.007972902684193355
-0.013640699971270091
-0.00427631554320009
-0.007972902684193355
-0.011947938269010897
-0.001202948927189524
-0.001202948927189524
-0.012623280799627053
-0.005045291189702613
-0.01377127309454647
-0.00427631554320009
-0.011947938269010897
-0.013640699971270091
-0.017537859449213395
-0.01938328429134904
-0.012623280799627053
-0.023133255932353724
-0.017537859449213395
-0.02595994509228171
-0.008710637201585849
-0.023640429537080065
-0.005963641092556344
0.016003037528769866
-0.006803203548966496
-0.02595994509228171
-0.011947938269010897
-0.012623280799627053
-0.013763103570375024
-0.025541505262432422
-0.007858372266311723
-0.017537859449213395
-0.001202948927189524
-0.03410749512472741
-0.00427631554320009
-0.005963641092556344
-0.02471001486435174
-0.012623280799627053
-0.012623280799627053
-0.041380336622278885
-0.041380336622278885
0.016003037528769866
-0.015895553538363093
-0.008279461013995845
-0.03516518092211419
-0.017537859449213395
-0.01377127309454647
-0.01377127309454647
-0.007972902684193355
-0.005985171160209042
-0.00427631554320009
-0.023640429537080065
-0.03516518092211419
-0.013763103570375024
-0.007858372266311723
-0.01377127309454647
-0.007782733622646455
-0.007972902684193355
-0.008710637201585849
-0.013763103570375024
-0.023640429537080065
-0.017537859449213395
-0.005963641092556344
-0.005985171160209042
-0.012623280799627053
-0.00988759413011141
-0.005963641092556344
-0.012623280799627053
0.016003037528769866
-0.013750904482336325
-0.011612582266107938
-0.011612582266107938
-0.035082372216903114
-0.018362513459406034
-0.01868902265227132
-0.017537859449213395
-0.001202948927189524
-0.008237031033420633
-0.04609432746130891
-0.001202948927189524
-0.025541505262432422
-0.013763103570375024
-0.008237031033420633
-0.02595994509228171
-0.017537859449213395
-0.0381980025456892
-0.023640429537080065
-0.005045291189702613
-0.02471001486435174
0.016003037528769866
-0.007972902684193355
-0.007782733622646455
-0.02471001486435174
-0.008279461013995845
-0.016296638535070393
-0.012623280799627053
-0.008710637201585849
-0.008710637201585849
-0.04609432746130891
-0.004932108122248403
-0.00427631554320009
-0.005045291189702613
-0.01938328429134904
-0.023133255932353724
-0.023640429537080065
-0.007858372266311723
-0.0381980025456892
-0.007782733622646455
-0.00427631554320009
-0.008710637201585849
-0.016296638535070393
-0.018362513459406034
-0.013640699971270091
-0.005045291189702613
-0.025541505262432422
-0.01938328429134904
-0.03516518092211419
-0.007858372266311723
-0.013763103570375024
-0.008710637201585849
-0.011947938269010897
-0.035082372216903114
-0.018362513459406034
-0.004932108122248403
-0.008710637201585849
-0.013763103570375024
-0.011947938269010897
-0.005963641092556344
-0.035082372216903114
-0.011612582266107938
-0.00988759413011141
-0.02643385586122751
-0.007858372266311723
-0.0381980025456892
-0.018106831790272938
-0.001202948927189524
-0.011612582266107938
-0.0381980025456892
-0.02595994509228171
0.016003037528769866
-0.008279461013995845
-0.04609432746130891
-0.016296638535070393
-0.023640429537080065
-0.007858372266311723
-0.023640429537080065
-0.016296638535070393
-0.007972902684193355
-0.007972902684193355
-0.008237031033420633
-0.00427631554320009
-0.00988759413011141
-0.013763103570375024
-0.04609432746130891
-0.001202948927189524
-0.015895553538363093
-0.017537859449213395
-0.019130526316310025
-0.01938328429134904
-0.011612582266107938
-0.011947938269010897
-0.008710637201585849
-0.007858372266311723
-0.004932108122248403
-0.01938328429134904
-0.04609432746130891
-0.005985171160209042
-0.011612582266107938
-0.007782733622646455
-0.012623280799627053
-0.018362513459406034
-0.041380336622278885
-0.018362513459406034
-0.005963641092556344
-0.012623280799627053
-0.013763103570375024
-0.013750904482336325
-0.013763103570375024
-0.005985171160209042
-0.00427631554320009
-0.041380336622278885
-0.02471001486435174
-0.018362513459406034
-0.001202948927189524
-0.00427631554320009
-0.008710637201585849
-0.008279461013995845
-0.008237031033420633
-0.007782733622646455
-0.005963641092556344
-0.035082372216903114
-0.017537859449213395
-0.01938328429134904
-0.008279461013995845
-0.012623280799627053
-0.025541505262432422
-0.041380336622278885
-0.013763103570375024
-0.017537859449213395
-0.0381980025456892
-0.04609432746130891
-0.01868902265227132
-0.01868902265227132
-0.041380336622278885
-0.023640429537080065
-0.03516518092211419
-0.008237031033420633
-0.013763103570375024
-0.00988759413011141
-0.008710637201585849
-0.012623280799627053
-0.02643385586122751
-0.025541505262432422
-0.005963641092556344
-0.006803203548966496
-0.004932108122248403
-0.0381980025456892
-0.018362513459406034
0.016003037528769866
-0.015895553538363093
-0.008237031033420633
-0.013640699971270091
-0.018362513459406034
-0.012623280799627053
-0.02643385586122751
-0.013750904482336325
-0.005045291189702613
-0.005963641092556344
-0.004932108122248403
-0.03410749512472741
-0.023640429537080065
-0.00988759413011141
-0.013750904482336325
-0.005985171160209042
-0.00988759413011141
-0.008710637201585849
-0.04609432746130891
-0.004932108122248403
-0.025541505262432422
-0.02471001486435174
-0.013750904482336325
-0.023640429537080065
-0.0381980025456892
-0.005985171160209042
-0.03516518092211419
-0.007972902684193355
-0.01377127309454647
-0.02595994509228171
-0.011612582266107938
-0.04609432746130891
-0.006803203548966496
-0.01868902265227132
-0.019130526316310025
-0.005045291189702613
-0.03410749512472741
-0.035082372216903114
-0.023640429537080065
-0.018106831790272938
-0.00988759413011141
-0.01938328429134904
-0.035082372216903114
-0.008710637201585849
-0.013763103570375024
-0.007858372266311723
-0.02595994509228171
-0.013640699971270091
-0.04609432746130891
-0.001202948927189524
-0.019130526316310025
-0.00427631554320009
-0.001202948927189524
-0.008279461013995845
-0.005963641092556344
-0.013763103570375024
-0.011947938269010897
-0.02643385586122751
-0.008279461013995845
-0.018362513459406034
-0.013640699971270091
-0.005045291189702613
-0.006803203548966496
-0.011947938269010897
-0.00988759413011141
-0.011947938269010897
-0.015895553538363093
-0.006803203548966496
-0.008279461013995845
-0.00988759413011141
-0.013640699971270091
-0.041380336622278885
-0.025541505262432422
-0.012623280799627053
-0.001202948927189524
-0.019130526316310025
-0.023640429537080065
-0.02471001486435174
-0.01377127309454647
-0.00988759413011141
-0.01938328429134904
-0.012623280799627053
-0.02471001486435174
-0.005985171160209042
-0.025541505262432422
-0.007972902684193355
-0.004932108122248403
-0.004932108122248403
-0.023640429537080065
-0.00427631554320009
-0.03516518092211419
-0.005985171160209042
-0.02595994509228171
-0.023640429537080065
-0.03410749512472741
-0.013750904482336325
-0.015895553538363093
-0.005963641092556344
-0.007972902684193355
-0.011947938269010897
-0.01377127309454647
-0.011612582266107938
-0.011947938269010897
-0.023640429537080065
0.016003037528769866
-0.011947938269010897
-0.04609432746130891
-0.007972902684193355
-0.03410749512472741
-0.035082372216903114
-0.041380336622278885
-0.005963641092556344
-0.015895553538363093
-0.007782733622646455
-0.008710637201585849
-0.007858372266311723
-0.01377127309454647
-0.01938328429134904
-0.001202948927189524
-0.008710637201585849
-0.007858372266311723
-0.012623280799627053
-0.023640429537080065
-0.005963641092556344
-0.008237031033420633
-0.004932108122248403
-0.017537859449213395
-0.00427631554320009
-0.011947938269010897
-0.001202948927189524
-0.007782733622646455
-0.007858372266311723
-0.001202948927189524
-0.01938328429134904
-0.025541505262432422
-0.0381980025456892
-0.02471001486435174
-0.02643385586122751
-0.03516518092211419
-0.015895553538363093
-0.013750904482336325
-0.017537859449213395
-0.01377127309454647
-0.013640699971270091
-0.02643385586122751
-0.01938328429134904
-0.004932108122248403
-0.013763103570375024
-0.007858372266311723
-0.019130526316310025
-0.016296638535070393
-0.00988759413011141
-0.01868902265227132
-0.008279461013995845
-0.013750904482336325
