-0.01926077567473031
-0.007463447980094561
-0.018388912559698385
-0.017317207387731487
-0.0005244868767042435
-0.06810091625187642
-0.020406850677813
-0.0210735299762847
-0.018566112483075797
0.009979997930571114
-0.018566112483075797
0.01025412916022769
-0.007367017024362583
0.013478921159740474
0.002910458074970835
-0.00710317347275962
-0.03408698934448458
-0.014253256322790214
0.01223404231024249
-0.00044621129073831885
-0.0032296734068939445
-0.03408698934448458
-0.00044621129073831885
-0.005217611433455399
-0.06810091625187642
0.0034789253898905954
-0.014484922518485356
-0.004177421394868395
0.0034789253898905954
-0.01926077567473031
-0.015980767106845026
-0.0256225685918275
-0.005300434640290099
-0.010262112587473811
-0.028906180721722827
0.02094344383906015
-0.014253256322790214
-0.014484922518485356
-0.0278938863649498
-0.0106987022250499
-0.0106987022250499
-0.007463447980094561
-0.03975402121862045
-0.03408698934448458
-0.03408698934448458
0.0034789253898905954
0.0016527763136729796
-0.010262112587473811
-0.0338238224449005
-0.0278938863649498
0.013478921159740474
-0.017317207387731487
-0.015980767106845026
0.01025412916022769
0.0016527763136729796
-0.004177421394868395
-0.00044621129073831885
-0.03847240321370718
-0.0005244868767042435
-0.014253256322790214
-0.06810091625187642
-0.0210735299762847
-0.00710317347275962
-0.00710317347275962
-0.014484922518485356
-0.004177421394868395
-0.0038740501614576324
-0.010210083517264126
0.002910458074970835
0.00037861435210903246
0.002910458074970835
0.009979997930571114
-0.005217611433455399
-0.018566112483075797
0.0034789253898905954
-0.007463447980094561
-0.007367017024362583
-0.005300434640290099
-0.029469263608058013
-0.005300434640290099
0.002910458074970835
-0.020406850677813
-0.0038740501614576324
-0.005300434640290099
0.0034789253898905954
-0.018566112483075797
0.013478921159740474
-0.029469263608058013
-0.005300434640290099
-0.017460582160527368
-0.0032296734068939445
-0.0338238224449005
0.002910458074970835
-0.0278938863649498
-0.0060879022149819655
-0.028906180721722827
-0.013098409718204881
-0.012585182673300723
-0.0256225685918275
-0.0038372000839669027
-0.026246116449214478
-0.03796167416520059
-0.01967539688668166
-0.001019779312460869
-0.0256225685918275
-0.015980767106845026
-0.007463447980094561
-0.0038372000839669027
-0.010262112587473811
-0.01926077567473031
0.002910458074970835
-0.01910082356014802
-0.012585182673300723
-0.017460582160527368
-0.014484922518485356
-0.014484922518485356
-0.06810091625187642
-0.01967539688668166
-0.028906180721722827
0.01538042934240768
-0.01926077567473031
-0.018388912559698385
-0.001019779312460869
-0.007367017024362583
-0.0060879022149819655
0.002910458074970835
-0.0210735299762847
-0.010262112587473811
-0.01910082356014802
0.01025412916022769
-0.007367017024362583
-0.009803604902769048
-0.004947910999289623
-0.0060879022149819655
-0.0060879022149819655
-0.0005244868767042435
-0.03975402121862045
-0.015980767106845026
-0.06810091625187642
-0.0032296734068939445
-0.029682269422855508
-0.06810091625187642
0.0016527763136729796
-0.0338238224449005
-0.01926077567473031
-0.0060879022149819655
0.00037861435210903246
-0.010210083517264126
-0.00710317347275962
-0.03408698934448458
-0.03847240321370718
-0.0032296734068939445
0.01223404231024249
-0.017317207387731487
-0.014253256322790214
-0.010262112587473811
0.01223404231024249
-0.00044621129073831885
-0.009803604902769048
-0.0338238224449005
0.0016527763136729796
-0.009803604902769048
-0.03847240321370718
-0.010210083517264126
-0.012967100531021823
-0.001019779312460869
-0.005300434640290099
-0.018388912559698385
0.013478921159740474
0.01025412916022769
-0.03847240321370718
-0.017317207387731487
-0.01910082356014802
-0.026246116449214478
-0.007463447980094561
0.0034789253898905954
-0.012585182673300723
-0.03847240321370718
-0.009803604902769048
-0.0338238224449005
-0.01910082356014802
-0.007367017024362583
-0.028906180721722827
-0.0038740501614576324
-0.0038740501614576324
0.01025412916022769
-0.001019779312460869
-0.005217611433455399
-0.015980767106845026
0.00037861435210903246
-0.007463447980094561
-0.029469263608058013
-0.0338238224449005
-0.022583829789668265
-0.022583829789668265
-0.029469263608058013
-0.004947910999289623
0.02094344383906015
-0.03796167416520059
-0.00710317347275962
-0.004947910999289623
-0.018388912559698385
-0.017460582160527368
-0.004947910999289623
-0.0278938863649498
-0.00710317347275962
-0.005217611433455399
0.02094344383906015
-0.028906180721722827
-0.026246116449214478
-0.005300434640290099
-0.03796167416520059
-0.03847240321370718
-0.017460582160527368
-0.0210735299762847
-0.010262112587473811
-0.03975402121862045
-0.017317207387731487
-0.007463447980094561
-0.0256225685918275
-0.0338238224449005
-0.0038740501614576324
-0.0038372000839669027
-0.0060879022149819655
-0.0005244868767042435
-0.004177421394868395
0.01025412916022769
-0.0005244868767042435
0.02094344383906015
-0.0106987022250499
-0.03408698934448458
-0.010210083517264126
-0.018566112483075797
0.013478921159740474
0.01025412916022769
-0.0278938863649498
-0.029682269422855508
0.02094344383906015
-0.03847240321370718
-0.015980767106845026
-0.005300434640290099
-0.005300434640290099
-0.004947910999289623
-0.012585182673300723
-0.0106987022250499
0.002910458074970835
0.01223404231024249
-0.01967539688668166
-0.007367017024362583
-0.0060879022149819655
-0.01910082356014802
-0.012585182673300723
-0.0032296734068939445
-0.018388912559698385
0.01538042934240768
0.00037861435210903246
-0.013098409718204881
-0.0060879022149819655
-0.03847240321370718
-0.0106987022250499
-0.013098409718204881
-0.03975402121862045
0.009979997930571114
-0.028906180721722827
-0.03975402121862045
-0.014484922518485356
-0.013098409718204881
0.0016527763136729796
-0.0338238224449005
-0.012967100531021823
-0.005217611433455399
-0.00044621129073831885
-0.017317207387731487
-0.0210735299762847
0.01025412916022769
-0.026246116449214478
-0.015980767106845026
-0.022583829789668265
-0.020406850677813
-0.0256225685918275
-0.007367017024362583
-0.020406850677813
-0.0038372000839669027
-0.0256225685918275
-0.010210083517264126
-0.022583829789668265
-0.013098409718204881
-0.0210735299762847
0.002910458074970835
-0.007463447980094561
-0.0033989013029290705
-0.03847240321370718
-0.0256225685918275
-0.00333583078062084
-0.012585182673300723
-0.0033989013029290705
0.02094344383906015
-0.014253256322790214
-0.014253256322790214
-0.0038372000839669027
-0.0106987022250499
-0.03408698934448458
-0.01967539688668166
-0.03847240321370718
-0.012585182673300723
-0.01967539688668166
-0.03975402121862045
-0.00333583078062084
-0.03975402121862045
-0.0038740501614576324
0.01223404231024249
-0.00044621129073831885
-0.01910082356014802
-0.018388912559698385
-0.0032296734068939445
-0.001019779312460869
0.0016527763136729796
0.009979997930571114
0.013478921159740474
-0.01926077567473031
-0.01910082356014802
-0.007463447980094561
-0.028906180721722827
-0.010210083517264126
-0.014484922518485356
-0.029682269422855508
0.01538042934240768
-0.01910082356014802
-0.0005244868767042435
-0.005300434640290099
-0.020406850677813
0.002910458074970835
-0.017317207387731487
-0.010262112587473811
-0.017317207387731487
0.01025412916022769
-0.018388912559698385
-0.010262112587473811
-0.06810091625187642
0.00037861435210903246
-0.009803604902769048
-0.009803604902769048
-0.015980767106845026
-0.06810091625187642
0.0016527763136729796
-0.0032296734068939445
0.01025412916022769
-0.0256225685918275
-0.028906180721722827
-0.00333583078062084
-0.018566112483075797
-0.015980767106845026
-0.0032296734068939445
-0.0210735299762847
0.01538042934240768
0.00037861435210903246
-0.06810091625187642
-0.010262112587473811
-0.0210735299762847
-0.00333583078062084
-0.0038740501614576324
-0.0038372000839669027
0.0016527763136729796
0.009979997930571114
0.013478921159740474
0.01538042934240768
0.01538042934240768
-0.00044621129073831885
-0.004947910999289623
-0.03975402121862045
-0.001019779312460869
-0.01926077567473031
-0.022583829789668265
0.01538042934240768
-0.004177421394868395
-0.01926077567473031
-0.028906180721722827
-0.0033989013029290705
-0.0032296734068939445
-0.005300434640290099
-0.020406850677813
-0.0338238224449005
-0.00710317347275962
0.02094344383906015
-0.01926077567473031
-0.0256225685918275
-0.0005244868767042435
-0.018388912559698385
-0.022583829789668265
-0.00333583078062084
-0.018388912559698385
-0.0033989013029290705
-0.012585182673300723
-0.010210083517264126
-0.06810091625187642
-0.026246116449214478
-0.0278938863649498
-0.0256225685918275
-0.03408698934448458
-0.0210735299762847
-0.010262112587473811
-0.00710317347275962
-0.0038372000839669027
0.002910458074970835
0.002910458074970835
0.00037861435210903246
-0.017460582160527368
-0.009803604902769048
-0.029682269422855508
-0.007463447980094561
-0.014253256322790214
-0.029682269422855508
-0.014253256322790214
-0.007463447980094561
-0.013098409718204881
-0.0278938863649498
0.00037861435210903246
-0.017317207387731487
-0.0038740501614576324
-0.0256225685918275
-0.026246116449214478
-0.020406850677813
0.00037861435210903246
0.00037861435210903246
0.00037861435210903246
-0.0060879022149819655
-0.026246116449214478
-0.007463447980094561
-0.020406850677813
-0.012585182673300723
-0.0038740501614576324
-0.004177421394868395
-0.0060879022149819655
-0.005217611433455399
-0.018388912559698385
-0.017317207387731487
-0.00710317347275962
-0.0210735299762847
-0.007463447980094561
-0.01967539688668166
-0.012967100531021823
-0.00044621129073831885
-0.012967100531021823
-0.013098409718204881
-0.01910082356014802
0.0016527763136729796
-0.007463447980094561
0.00037861435210903246
-0.03408698934448458
-0.01910082356014802
-0.03796167416520059
-0.004177421394868395
-0.0338238224449005
-0.017460582160527368
0.002910458074970835
-0.004947910999289623
-0.004177421394868395
0.009979997930571114
-0.009803604902769048
-0.0060879022149819655
-0.0338238224449005
-0.001019779312460869
-0.005300434640290099
-0.018566112483075797
-0.022583829789668265
-0.009803604902769048
0.00037861435210903246
-0.014484922518485356
-0.014484922518485356
-0.014484922518485356
0.00037861435210903246
-0.0210735299762847
-0.0005244868767042435
-0.017460582160527368
-0.029682269422855508
-0.020406850677813
-0.0032296734068939445
-0.0210735299762847
-0.005217611433455399
0.01025412916022769
-0.020406850677813
-0.012585182673300723
-0.007463447980094561
0.002910458074970835
-0.018566112483075797
-0.014484922518485356
-0.01926077567473031
-0.0256225685918275
-0.029469263608058013
0.002910458074970835
-0.0032296734068939445
-0.004177421394868395
-0.012967100531021823
-0.0032296734068939445
-0.0256225685918275
-0.009803604902769048
-0.005217611433455399
0.013478921159740474
-0.018388912559698385
-0.020406850677813
-0.03408698934448458
-0.0256225685918275
-0.00710317347275962
0.002910458074970835
-0.0033989013029290705
-0.012967100531021823
0.0016527763136729796
-0.010210083517264126
-0.012967100531021823
0.01538042934240768
0.002910458074970835
-0.0033989013029290705
-0.029682269422855508
-0.017317207387731487
-0.001019779312460869
0.01223404231024249
-0.0210735299762847
-0.03847240321370718
0.0016527763136729796
-0.020406850677813
-0.012585182673300723
0.013478921159740474
-0.012585182673300723
-0.020406850677813
-0.014484922518485356
0.002910458074970835
0.01538042934240768
-0.014253256322790214
-0.01967539688668166
0.002910458074970835
-0.005300434640290099
-0.009803604902769048
-0.06810091625187642
0.01223404231024249
-0.004177421394868395
0.009979997930571114
-0.022583829789668265
-0.017317207387731487
-0.01910082356014802
0.002910458074970835
-0.0106987022250499
-0.00333583078062084
-0.001019779312460869
-0.001019779312460869
-0.018566112483075797
-0.028906180721722827
-0.020406850677813
-0.012585182673300723
-0.0338238224449005
-0.015980767106845026
0.009979997930571114
-0.010210083517264126
-0.010210083517264126
-0.004947910999289623
-0.004177421394868395
-0.007367017024362583
-0.017317207387731487
-0.007463447980094561
-0.010262112587473811
-0.00710317347275962
-0.0060879022149819655
-0.0106987022250499
-0.004947910999289623
0.02094344383906015
-0.0338238224449005
-0.029469263608058013
-0.0033989013029290705
-0.010262112587473811
-0.03408698934448458
-0.0256225685918275
-0.010262112587473811
-0.014484922518485356
-0.0210735299762847
-0.029682269422855508
0.01538042934240768
-0.0033989013029290705
0.02094344383906015
-0.0278938863649498
-0.01967539688668166
-0.018566112483075797
-0.014484922518485356
-0.00044621129073831885
-0.017460582160527368
-0.0038372000839669027
-0.017460582160527368
0.002910458074970835
-0.007367017024362583
-0.005300434640290099
-0.00333583078062084
-0.005217611433455399
-0.014253256322790214
-0.00710317347275962
-0.028906180721722827
-0.010262112587473811
-0.020406850677813
-0.029682269422855508
-0.014253256322790214
-0.004177421394868395
-0.0278938863649498
-0.012967100531021823
-0.0060879022149819655
0.01223404231024249
-0.03975402121862045
-0.0032296734068939445
-0.012585182673300723
-0.022583829789668265
-0.004947910999289623
-0.00710317347275962
-0.00044621129073831885
0.002910458074970835
-0.03975402121862045
-0.022583829789668265
0.009979997930571114
-0.005217611433455399
0.0034789253898905954
-0.0106987022250499
-0.029682269422855508
0.0034789253898905954
-0.0005244868767042435
-0.026246116449214478
-0.00044621129073831885
-0.00333583078062084
-0.03796167416520059
-0.010210083517264126
-0.029469263608058013
-0.03847240321370718
-0.018388912559698385
-0.014253256322790214
-0.03796167416520059
0.009979997930571114
-0.0256225685918275
-0.013098409718204881
-0.007463447980094561
-0.029682269422855508
-0.010210083517264126
-0.012585182673300723
-0.03847240321370718
0.0016527763136729796
-0.013098409718204881
-0.03796167416520059
0.0016527763136729796
-0.029469263608058013
-0.00710317347275962
-0.007463447980094561
-0.01910082356014802
-0.007367017024362583
-0.06810091625187642
0.02094344383906015
-0.03796167416520059
-0.010262112587473811
-0.010210083517264126
-0.007463447980094561
-0.001019779312460869
-0.03847240321370718
-0.0338238224449005
-0.017317207387731487
0.02094344383906015
-0.0032296734068939445
-0.014484922518485356
-0.012585182673300723
-0.022583829789668265
-0.010262112587473811
-0.03408698934448458
-0.0033989013029290705
-0.00710317347275962
-0.010210083517264126
0.002910458074970835
-0.0210735299762847
-0.020406850677813
-0.018566112483075797
-0.00333583078062084
-0.020406850677813
-0.0033989013029290705
-0.00710317347275962
-0.0033989013029290705
0.02094344383906015
-0.03975402121862045
-0.0032296734068939445
-0.004947910999289623
-0.026246116449214478
-0.01967539688668166
-0.015980767106845026
-0.010262112587473811
-0.004177421394868395
-0.01967539688668166
-0.0256225685918275
-0.017317207387731487
-0.0210735299762847
-0.00710317347275962
-0.013098409718204881
-0.029682269422855508
-0.0038372000839669027
-0.010210083517264126
-0.007367017024362583
-0.022583829789668265
-0.06810091625187642
0.002910458074970835
-0.007463447980094561
-0.007367017024362583
-0.007367017024362583
-0.00333583078062084
-0.010210083517264126
0.013478921159740474
-0.03408698934448458
-0.004177421394868395
-0.005300434640290099
-0.01967539688668166
-0.001019779312460869
0.013478921159740474
-0.012967100531021823
-0.03796167416520059
-0.0106987022250499
-0.01967539688668166
0.002910458074970835
0.013478921159740474
0.002910458074970835
-0.029469263608058013
-0.009803604902769048
-0.005217611433455399
-0.0005244868767042435
0.002910458074970835
-0.0060879022149819655
-0.0038740501614576324
-0.0038372000839669027
0.02094344383906015
-0.004947910999289623
-0.0210735299762847
-0.014484922518485356
-0.007463447980094561
-0.029469263608058013
0.00037861435210903246
0.02094344383906015
-0.06810091625187642
-0.017317207387731487
-0.0210735299762847
-0.017317207387731487
-0.0032296734068939445
-0.0005244868767042435
0.0034789253898905954
-0.00044621129073831885
-0.012585182673300723
-0.005300434640290099
-0.0256225685918275
-0.0038372000839669027
-0.012585182673300723
-0.022583829789668265
-0.026246116449214478
-0.010262112587473811
-0.06810091625187642
-0.0256225685918275
-0.00710317347275962
-0.028906180721722827
-0.005217611433455399
0.00037861435210903246
-0.018388912559698385
-0.018566112483075797
-0.009803604902769048
-0.014484922518485356
-0.0338238224449005
-0.01967539688668166
0.01025412916022769
0.01538042934240768
-0.005217611433455399
-0.001019779312460869
-0.012585182673300723
-0.03796167416520059
-0.03796167416520059
-0.013098409718204881
-0.014484922518485356
-0.022583829789668265
-0.017317207387731487
0.0034789253898905954
-0.0038740501614576324
-0.0256225685918275
0.009979997930571114
-0.0038372000839669027
-0.029682269422855508
0.009979997930571114
-0.0033989013029290705
-0.020406850677813
-0.03408698934448458
-0.01910082356014802
-0.0210735299762847
-0.03975402121862045
-0.005217611433455399
-0.03847240321370718
-0.0038740501614576324
-0.022583829789668265
-0.022583829789668265
-0.01926077567473031
0.0034789253898905954
-0.007463447980094561
-0.007367017024362583
-0.029469263608058013
-0.0210735299762847
-0.026246116449214478
-0.005300434640290099
-0.018566112483075797
0.00037861435210903246
-0.001019779312460869
-0.007367017024362583
-0.005300434640290099
-0.020406850677813
0.01538042934240768
-0.013098409718204881
-0.029469263608058013
-0.03796167416520059
-0.015980767106845026
-0.013098409718204881
0.0034789253898905954
0.00037861435210903246
-0.0060879022149819655
-0.03847240321370718
-0.0038372000839669027
-0.00710317347275962
-0.004177421394868395
-0.0210735299762847
-0.014253256322790214
-0.005217611433455399
-0.004177421394868395
-0.001019779312460869
-0.004177421394868395
-0.0338238224449005
-0.026246116449214478
-0.018566112483075797
-0.0210735299762847
0.002910458074970835
0.00037861435210903246
-0.029682269422855508
0.009979997930571114
-0.0278938863649498
-0.0038372000839669027
-0.0038372000839669027
-0.005300434640290099
-0.029682269422855508
-0.03975402121862045
-0.0338238224449005
-0.0256225685918275
-0.01967539688668166
-0.029469263608058013
-0.0005244868767042435
-0.017317207387731487
-0.0038372000839669027
-0.007367017024362583
0.01025412916022769
-0.0338238224449005
-0.018388912559698385
0.01538042934240768
-0.0033989013029290705
-0.005300434640290099
0.00037861435210903246
-0.007367017024362583
-0.015980767106845026
-0.017460582160527368
-0.015980767106845026
-0.007367017024362583
-0.004177421394868395
-0.015980767106845026
0.013478921159740474
0.013478921159740474
0.01538042934240768
0.00037861435210903246
-0.028906180721722827
0.00037861435210903246
-0.009803604902769048
-0.017317207387731487
0.013478921159740474
0.0034789253898905954
-0.0038372000839669027
-0.0038372000839669027
-0.022583829789668265
-0.001019779312460869
0.0016527763136729796
-0.00333583078062084
-0.017317207387731487
0.0034789253898905954
-0.03408698934448458
0.01538042934240768
-0.010210083517264126
-0.0005244868767042435
-0.022583829789668265
-0.00710317347275962
-0.017460582160527368
-0.010210083517264126
-0.0278938863649498
-0.06810091625187642
-0.03796167416520059
-0.012585182673300723
-0.0032296734068939445
-0.0210735299762847
0.0016527763136729796
-0.018388912559698385
-0.03847240321370718
-0.00710317347275962
-0.029682269422855508
-0.0032296734068939445
-0.018566112483075797
-0.06810091625187642
0.0034789253898905954
-0.028906180721722827
-0.022583829789668265
-0.0338238224449005
-0.004947910999289623
-0.005300434640290099
-0.014484922518485356
-0.010210083517264126
-0.0038372000839669027
-0.007367017024362583
-0.017317207387731487
-0.0210735299762847
-0.01967539688668166
-0.029469263608058013
-0.022583829789668265
-0.029469263608058013
-0.022583829789668265
-0.0033989013029290705
-0.00044621129073831885
-0.0338238224449005
-0.00044621129073831885
-0.018388912559698385
-0.0278938863649498
-0.026246116449214478
-0.01910082356014802
-0.005217611433455399
-0.010210083517264126
-0.00333583078062084
-0.00333583078062084
0.013478921159740474
-0.0038740501614576324
-0.018566112483075797
-0.0278938863649498
-0.017317207387731487
-0.012585182673300723
-0.005217611433455399
-0.004947910999289623
-0.014484922518485356
-0.028906180721722827
-0.00333583078062084
-0.03975402121862045
-0.029469263608058013
0.013478921159740474
-0.03847240321370718
0.01025412916022769
-0.03796167416520059
-0.00710317347275962
-0.0338238224449005
-0.0032296734068939445
-0.004947910999289623
-0.012585182673300723
-0.010210083517264126
-0.0210735299762847
-0.0038740501614576324
-0.022583829789668265
-0.013098409718204881
0.0016527763136729796
-0.0210735299762847
-0.022583829789668265
-0.018388912559698385
-0.0256225685918275
0.002910458074970835
0.01025412916022769
0.002910458074970835
-0.020406850677813
-0.014253256322790214
-0.015980767106845026
-0.010210083517264126
-0.03847240321370718
-0.0038372000839669027
-0.0106987022250499
-0.028906180721722827
-0.007463447980094561
-0.0038372000839669027
-0.005300434640290099
-0.0032296734068939445
-0.004947910999289623
-0.0106987022250499
-0.06810091625187642
-0.010210083517264126
-0.0060879022149819655
-0.012967100531021823
-0.012585182673300723
-0.001019779312460869
-0.01967539688668166
-0.018388912559698385
0.013478921159740474
-0.018566112483075797
-0.03408698934448458
-0.03975402121862045
0.00037861435210903246
-0.01967539688668166
-0.03847240321370718
-0.03847240321370718
-0.01910082356014802
0.02094344383906015
-0.0278938863649498
-0.03847240321370718
-0.022583829789668265
-0.03796167416520059
-0.03796167416520059
-0.007463447980094561
