-0.025842106046161332
0.006892586020259472
-0.01635529070519972
-0.01474604672588874
0.022150696076070443
-0.009206524225415541
-0.04029199075042764
-0.007489579319226163
0.022150696076070443
-0.033906950893626824
-0.007339347538234849
-0.008409440586097203
-0.012890597732428476
-0.01474604672588874
-0.04238171347546331
0.013195134565431102
-0.01666480095996453
-0.019565710214636562
0.004999108330902134
0.005130221572248174
-0.007768157422545073
-0.015070407975850256
-0.045586944908872926
-0.0037895254729733993
-0.020099575573561776
-0.007489579319226163
0.007100359549351602
-0.01616076609819745
-0.011278183127874621
-0.005059000286664129
-0.01666480095996453
-0.016042693353356095
0.013195134565431102
-0.04238171347546331
-0.013967662364855837
0.008905841259677562
0.045264533873939555
-0.0037895254729733993
-0.03250378784927651
0.003792607479731387
-0.03250378784927651
-0.009013156614280423
-0.019565710214636562
-0.033906950893626824
0.008905841259677562
-0.011278183127874621
-0.029334362153371818
-0.0014229949201421419
-0.008409440586097203
-0.0037895254729733993
-0.003451672711528579
-0.025842106046161332
0.006892586020259472
-0.020099575573561776
-0.02193323062124766
-0.03250378784927651
-0.007339347538234849
-0.0025791838688006986
-0.025842106046161332
-0.026274505278675094
-0.0047059689730578995
0.0021745482016965042
-0.029334362153371818
0.005509441826662397
-0.001231556350329229
-0.02244924534799303
0.022150696076070443
-0.00021094348085979225
0.005509441826662397
-0.012890597732428476
-0.009457657348531488
-0.007768157422545073
-0.006751268235918041
-0.029334362153371818
0.045264533873939555
-0.002405193927122659
-0.02193323062124766
-0.04029199075042764
-0.015070407975850256
-0.006751268235918041
-0.016541784610384913
0.013330366995243056
0.0009485557874460604
-0.01474604672588874
-0.02862233307350824
-0.001231556350329229
0.0014000644745312946
-0.0014229949201421419
-0.026274505278675094
-0.022563237068787597
-0.0014229949201421419
-0.0025791838688006986
-0.0037895254729733993
-0.029334362153371818
-0.011278183127874621
-0.007489579319226163
-0.014077628352811521
-0.019443312632765535
-0.026274505278675094
-0.004790903032951596
0.006892586020259472
-0.03250378784927651
-0.001231556350329229
-0.016541784610384913
-0.015070407975850256
0.0009731887178462954
0.006892586020259472
-0.045586944908872926
-0.013967662364855837
-0.019443312632765535
-0.02193323062124766
-0.008060191349937329
-0.02193323062124766
-0.022202951001799434
0.00983142396068759
-0.012060018829673093
0.006892586020259472
0.022150696076070443
-0.016541784610384913
-0.0037895254729733993
-0.03250378784927651
0.0047086741238440335
0.0014000644745312946
-0.045586944908872926
0.007373453022229088
-0.015070407975850256
0.00983142396068759
-0.008409440586097203
0.012797672243017462
0.013195134565431102
-0.007489579319226163
0.02225403426332037
0.02225403426332037
0.0009731887178462954
-0.01666480095996453
-0.009206524225415541
-0.02193323062124766
-0.0037895254729733993
0.004999108330902134
-0.004790903032951596
-0.033906950893626824
-0.015070407975850256
0.0006323858970350251
0.007100359549351602
0.005509441826662397
0.003792607479731387
-0.006035396930222723
-0.009206524225415541
0.003792607479731387
-0.045586944908872926
-0.008060191349937329
-0.01616076609819745
-0.01666480095996453
-0.008046394510463108
-0.022202951001799434
-0.002405193927122659
-0.0037895254729733993
-0.007489579319226163
0.007100359549351602
0.007373453022229088
-0.012060018829673093
-0.014077628352811521
-0.008046394510463108
-0.01666480095996453
-0.007339347538234849
0.005509441826662397
-0.022202951001799434
-0.016541784610384913
-0.019443312632765535
-0.0005218960569530156
-0.04029199075042764
-0.012890597732428476
-0.026274505278675094
-0.019443312632765535
-0.006751268235918041
0.0006323858970350251
-0.01635529070519972
-0.008544988800944273
-0.01616076609819745
-0.02244924534799303
-0.002405193927122659
0.0014000644745312946
-0.025842106046161332
-0.0037895254729733993
-0.02193323062124766
-0.001231556350329229
-0.016042693353356095
-0.012890597732428476
-0.020888964361761794
-0.007489579319226163
-0.013967662364855837
0.013330366995243056
-0.035125060363998935
-0.020229779461053997
-0.008544988800944273
0.022150696076070443
0.0047086741238440335
-0.02193323062124766
-0.03250378784927651
-0.003451672711528579
-0.007768157422545073
-0.002514086871341281
0.006892586020259472
-0.009013156614280423
-0.020888964361761794
-0.020229779461053997
-0.019565710214636562
-0.014846049961446933
-0.0025791838688006986
-0.002405193927122659
-0.003451672711528579
-0.006035396930222723
-0.014846049961446933
-0.007768157422545073
-0.035125060363998935
0.0009731887178462954
-0.033906950893626824
-0.004790903032951596
0.013330366995243056
-0.008544988800944273
-0.01666480095996453
-0.012060018829673093
-0.0005218960569530156
-0.002405193927122659
0.0014000644745312946
-0.004790903032951596
-0.012060018829673093
-0.022202951001799434
0.007373453022229088
0.007100359549351602
0.007100359549351602
-0.01666480095996453
0.0036688359414256927
0.0021745482016965042
-0.01666480095996453
-0.002514086871341281
-0.0014229949201421419
-0.019574762635440196
0.012797672243017462
-0.008060191349937329
0.0009485557874460604
0.0047086741238440335
-0.028645582439445504
-0.003451672711528579
-0.0005218960569530156
-0.026274505278675094
-0.0025791838688006986
-0.013967662364855837
-0.022563237068787597
-0.009457657348531488
-0.003451672711528579
-0.007489579319226163
-0.028645582439445504
-0.019574762635440196
-0.025842106046161332
-0.0033740891051864488
0.0009731887178462954
0.0047086741238440335
-0.006035396930222723
0.005130221572248174
-0.0037895254729733993
-0.016042693353356095
-0.0005218960569530156
0.004999108330902134
0.0014000644745312946
0.022150696076070443
-0.0037895254729733993
-0.016042693353356095
-0.045586944908872926
-0.01666480095996453
0.0047086741238440335
-0.009206524225415541
0.007100359549351602
-0.01474604672588874
-0.0025791838688006986
-0.022563237068787597
-0.009013156614280423
0.022150696076070443
-0.0014229949201421419
0.005130221572248174
-0.029334362153371818
0.022150696076070443
-0.011278183127874621
0.007373453022229088
0.005509441826662397
0.0009485557874460604
-0.008060191349937329
-0.004638552639946614
-0.013967662364855837
-0.020229779461053997
-0.0047059689730578995
0.0014000644745312946
0.007100359549351602
-0.02193323062124766
-0.029334362153371818
-0.008544988800944273
-0.002405193927122659
0.02225403426332037
-0.008046394510463108
0.006892586020259472
-0.021980489170183845
-0.0047059689730578995
-0.0005218960569530156
-0.009206524225415541
-0.03250378784927651
-0.02244924534799303
-0.022202951001799434
-0.014077628352811521
0.0047086741238440335
0.0014000644745312946
-0.0033740891051864488
-0.009206524225415541
0.0009731887178462954
-0.004638552639946614
-0.03250378784927651
-0.020229779461053997
-0.020229779461053997
0.006892586020259472
0.045264533873939555
-0.04238171347546331
-0.019565710214636562
-0.01616076609819745
-0.045586944908872926
-0.002405193927122659
-0.008060191349937329
-0.028645582439445504
-0.01666480095996453
-0.0037895254729733993
-0.019443312632765535
-0.006035396930222723
0.007373453022229088
0.006892586020259472
-0.006035396930222723
-0.006035396930222723
-0.00021094348085979225
-0.025842106046161332
0.0006323858970350251
-0.014846049961446933
-0.022563237068787597
0.045264533873939555
-0.011278183127874621
0.013330366995243056
-0.006751268235918041
-0.026274505278675094
-0.02193323062124766
-0.02193323062124766
-0.0025791838688006986
0.0009485557874460604
-0.007722994581970186
-0.020099575573561776
-0.0014229949201421419
0.012797672243017462
-0.01666480095996453
-0.012890597732428476
-0.0005218960569530156
-0.0025791838688006986
-0.0047059689730578995
0.0006323858970350251
-0.022202951001799434
-0.0025791838688006986
0.0021745482016965042
-0.015070407975850256
0.013195134565431102
0.0021745482016965042
-0.009457657348531488
-0.003451672711528579
0.0006323858970350251
-0.004638552639946614
-0.019574762635440196
0.005130221572248174
0.02225403426332037
-0.013967662364855837
-0.045586944908872926
-0.01616076609819745
-0.008409440586097203
-0.0047059689730578995
-0.013967662364855837
-0.02244924534799303
0.007373453022229088
0.013330366995243056
-0.007768157422545073
-0.007722994581970186
-0.007722994581970186
0.006892586020259472
0.0006323858970350251
-0.021980489170183845
-0.009206524225415541
-0.026274505278675094
-0.04238171347546331
-0.020099575573561776
-0.002514086871341281
0.0006323858970350251
-0.025842106046161332
0.004999108330902134
0.0009731887178462954
0.004673034672009152
-0.01474604672588874
-0.007722994581970186
-0.028645582439445504
-0.013967662364855837
-0.02244924534799303
-0.019565710214636562
-0.001231556350329229
-0.006035396930222723
-0.00021094348085979225
-0.04238171347546331
-0.01616076609819745
-0.01474604672588874
0.005509441826662397
0.013330366995243056
-0.004790903032951596
-0.005059000286664129
-0.007489579319226163
0.0009731887178462954
-0.02244924534799303
-0.012060018829673093
-0.01616076609819745
-0.019565710214636562
0.013195134565431102
-0.009457657348531488
-0.033906950893626824
0.013330366995243056
-0.005059000286664129
-0.03250378784927651
0.004673034672009152
-0.03250378784927651
-0.02244924534799303
0.005130221572248174
0.004673034672009152
0.00983142396068759
0.0036688359414256927
-0.016042693353356095
-0.013967662364855837
-0.006035396930222723
-0.009206524225415541
-0.01474604672588874
-0.020229779461053997
-0.04029199075042764
-0.007768157422545073
-0.019574762635440196
0.00983142396068759
-0.008060191349937329
-0.008060191349937329
0.0036688359414256927
-0.014077628352811521
-0.004638552639946614
0.0006323858970350251
-0.01635529070519972
-0.001231556350329229
-0.008060191349937329
-0.01635529070519972
0.005130221572248174
0.012797672243017462
0.045264533873939555
-0.02862233307350824
-0.014077628352811521
-0.003451672711528579
-0.019565710214636562
-0.01666480095996453
-0.0025791838688006986
0.007373453022229088
-0.015070407975850256
0.004999108330902134
-0.033906950893626824
-0.015070407975850256
-0.045586944908872926
-0.008544988800944273
-0.006035396930222723
-0.04238171347546331
-0.022202951001799434
0.005130221572248174
0.0009485557874460604
-0.008544988800944273
0.045264533873939555
-0.011278183127874621
-0.02244924534799303
-0.005059000286664129
-0.012060018829673093
-0.003451672711528579
0.0009485557874460604
-0.029334362153371818
-0.008060191349937329
-0.0037895254729733993
-0.008060191349937329
-0.004790903032951596
-0.045586944908872926
-0.004638552639946614
-0.0014229949201421419
-0.005059000286664129
-0.013967662364855837
-0.04029199075042764
-0.0014229949201421419
0.0014000644745312946
0.022150696076070443
-0.022563237068787597
-0.015070407975850256
-0.020888964361761794
-0.014846049961446933
0.013195134565431102
-0.0047059689730578995
-0.007339347538234849
0.0009485557874460604
0.004673034672009152
-0.020099575573561776
-0.003451672711528579
-0.004790903032951596
-0.035125060363998935
-0.008060191349937329
-0.02244924534799303
-0.035125060363998935
-0.0037895254729733993
-0.026274505278675094
-0.007489579319226163
-0.01616076609819745
-0.013967662364855837
0.007373453022229088
-0.012060018829673093
0.012797672243017462
0.0036688359414256927
-0.012890597732428476
-0.009206524225415541
-0.008544988800944273
0.0009485557874460604
0.0009485557874460604
-0.016042693353356095
-0.008046394510463108
-0.045586944908872926
-0.02862233307350824
-0.04238171347546331
-0.020099575573561776
0.0014000644745312946
-0.007489579319226163
-0.008060191349937329
-0.016042693353356095
-0.013967662364855837
-0.015070407975850256
0.004673034672009152
-0.008060191349937329
-0.019443312632765535
-0.026274505278675094
-0.035125060363998935
-0.016541784610384913
-0.033906950893626824
-0.015070407975850256
0.013195134565431102
-0.020229779461053997
0.0014000644745312946
-0.020229779461053997
-0.009206524225415541
-0.007722994581970186
0.0021745482016965042
0.007373453022229088
0.00983142396068759
-0.009457657348531488
-0.012890597732428476
-0.033906950893626824
-0.002405193927122659
-0.0037895254729733993
-0.04238171347546331
-0.021980489170183845
0.0014000644745312946
-0.0005218960569530156
-0.02862233307350824
0.007100359549351602
-0.002514086871341281
0.0047086741238440335
-0.03250378784927651
-0.01635529070519972
-0.0033740891051864488
-0.045586944908872926
-0.006035396930222723
-0.016042693353356095
0.0047086741238440335
-0.008046394510463108
-0.03250378784927651
-0.002405193927122659
0.008905841259677562
-0.022563237068787597
-0.028645582439445504
0.0009731887178462954
-0.04238171347546331
0.004673034672009152
-0.014846049961446933
-0.0014229949201421419
0.007100359549351602
-0.008409440586097203
0.004999108330902134
-0.02862233307350824
-0.013967662364855837
-0.014846049961446933
-0.002405193927122659
-0.007722994581970186
-0.00021094348085979225
-0.008060191349937329
-0.011278183127874621
-0.009206524225415541
-0.03250378784927651
-0.007489579319226163
-0.01666480095996453
-0.001231556350329229
-0.008409440586097203
0.02225403426332037
-0.008544988800944273
-0.008544988800944273
-0.015070407975850256
-0.019443312632765535
-0.03250378784927651
-0.022202951001799434
-0.020888964361761794
0.007373453022229088
-0.014846049961446933
-0.03250378784927651
-0.02244924534799303
-0.01635529070519972
-0.028645582439445504
0.045264533873939555
-0.013967662364855837
0.00983142396068759
-0.02244924534799303
0.008905841259677562
-0.009013156614280423
-0.0033740891051864488
0.0009485557874460604
-0.007768157422545073
-0.01666480095996453
0.0006323858970350251
-0.009206524225415541
-0.009206524225415541
-0.008046394510463108
-0.007722994581970186
-0.02193323062124766
-0.015070407975850256
-0.008060191349937329
-0.00021094348085979225
-0.04238171347546331
-0.019565710214636562
-0.025842106046161332
-0.007339347538234849
-0.019443312632765535
-0.005059000286664129
-0.014846049961446933
-0.013967662364855837
-0.0025791838688006986
-0.007489579319226163
0.013195134565431102
-0.002514086871341281
-0.002405193927122659
-0.0047059689730578995
-0.008060191349937329
-0.007339347538234849
-0.03250378784927651
-0.019574762635440196
-0.004790903032951596
-0.04238171347546331
-0.013967662364855837
-0.00021094348085979225
-0.020229779461053997
-0.016042693353356095
-0.020229779461053997
-0.008060191349937329
-0.0033740891051864488
-0.001231556350329229
-0.002405193927122659
-0.001231556350329229
-0.012890597732428476
-0.045586944908872926
-0.008544988800944273
0.008905841259677562
-0.014846049961446933
-0.012060018829673093
-0.008046394510463108
-0.02862233307350824
-0.015070407975850256
0.005130221572248174
-0.025842106046161332
-0.04238171347546331
-0.007489579319226163
-0.002514086871341281
-0.015070407975850256
-0.020888964361761794
0.012797672243017462
0.006892586020259472
-0.014077628352811521
0.022150696076070443
0.00983142396068759
0.004999108330902134
0.0009485557874460604
-0.002514086871341281
0.005509441826662397
0.022150696076070443
-0.029334362153371818
-0.004638552639946614
0.004673034672009152
0.008905841259677562
-0.001231556350329229
-0.015070407975850256
-0.012890597732428476
-0.006035396930222723
-0.035125060363998935
-0.028645582439445504
-0.005059000286664129
-0.004790903032951596
-0.008060191349937329
0.045264533873939555
-0.0037895254729733993
-0.004638552639946614
-0.026274505278675094
-0.00021094348085979225
0.0006323858970350251
0.013330366995243056
-0.020099575573561776
-0.020229779461053997
-0.016042693353356095
-0.01666480095996453
-0.045586944908872926
-0.014077628352811521
-0.019565710214636562
0.005509441826662397
-0.007339347538234849
-0.006035396930222723
-0.028645582439445504
0.0047086741238440335
-0.045586944908872926
-0.0014229949201421419
-0.012890597732428476
-0.0025791838688006986
0.0009485557874460604
-0.020229779461053997
-0.04029199075042764
-0.016541784610384913
-0.035125060363998935
-0.007722994581970186
-0.008544988800944273
0.0009731887178462954
-0.016541784610384913
-0.02862233307350824
-0.01474604672588874
0.007100359549351602
0.004673034672009152
0.012797672243017462
-0.007768157422545073
0.003792607479731387
0.008905841259677562
-0.04029199075042764
-0.02862233307350824
0.0036688359414256927
0.022150696076070443
-0.004790903032951596
-0.004638552639946614
-0.012060018829673093
-0.019565710214636562
0.013330366995243056
-0.002514086871341281
0.003792607479731387
0.005509441826662397
0.003792607479731387
-0.033906950893626824
-0.019565710214636562
-0.0005218960569530156
-0.04029199075042764
-0.026274505278675094
0.004999108330902134
-0.008046394510463108
-0.019443312632765535
-0.005059000286664129
-0.007339347538234849
-0.021980489170183845
0.005130221572248174
-0.007722994581970186
0.004999108330902134
-0.011278183127874621
0.0021745482016965042
0.0009731887178462954
-0.01616076609819745
0.0036688359414256927
-0.006751268235918041
-0.0047059689730578995
-0.0025791838688006986
-0.022202951001799434
-0.002514086871341281
0.008905841259677562
-0.008409440586097203
0.0036688359414256927
-0.002405193927122659
-0.045586944908872926
-0.007489579319226163
-0.019574762635440196
-0.045586944908872926
-0.016541784610384913
0.013330366995243056
0.045264533873939555
-0.007722994581970186
-0.026274505278675094
-0.02244924534799303
-0.012060018829673093
-0.025842106046161332
-0.005059000286664129
-0.01635529070519972
-0.0025791838688006986
-0.011278183127874621
0.0009485557874460604
-0.002405193927122659
-0.007768157422545073
-0.007489579319226163
-0.014077628352811521
-0.019565710214636562
-0.019565710214636562
-0.011278183127874621
-0.014846049961446933
0.003792607479731387
-0.033906950893626824
-0.016541784610384913
-0.01635529070519972
-0.022202951001799434
-0.008060191349937329
-0.016042693353356095
0.0014000644745312946
-0.01616076609819745
-0.02862233307350824
-0.009206524225415541
0.013195134565431102
-0.03250378784927651
-0.009013156614280423
-0.008046394510463108
-0.0014229949201421419
-0.008060191349937329
-0.004790903032951596
-0.021980489170183845
-0.0047059689730578995
-0.0033740891051864488
0.0021745482016965042
-0.009206524225415541
-0.008060191349937329
-0.008544988800944273
-0.01666480095996453
-0.021980489170183845
-0.008544988800944273
-0.033906950893626824
0.008905841259677562
0.0006323858970350251
0.007100359549351602
-0.04029199075042764
-0.015070407975850256
0.0009731887178462954
-0.045586944908872926
-0.007722994581970186
0.0006323858970350251
0.007373453022229088
-0.02862233307350824
-0.025842106046161332
0.0014000644745312946
-0.013967662364855837
-0.007339347538234849
0.008905841259677562
-0.021980489170183845
-0.002405193927122659
-0.025842106046161332
-0.035125060363998935
-0.007339347538234849
-0.04029199075042764
-0.012890597732428476
0.0036688359414256927
0.02225403426332037
-0.01474604672588874
-0.002514086871341281
-0.002514086871341281
-0.007722994581970186
-0.009013156614280423
0.0014000644745312946
0.0006323858970350251
0.0009731887178462954
-0.022202951001799434
0.00983142396068759
0.003792607479731387
0.045264533873939555
-0.02193323062124766
-0.001231556350329229
-0.01666480095996453
-0.02862233307350824
-0.0025791838688006986
0.0036688359414256927
-0.012060018829673093
0.0047086741238440335
-0.004638552639946614
-0.0037895254729733993
0.007100359549351602
-0.016541784610384913
-0.001231556350329229
0.0009731887178462954
-0.029334362153371818
-0.0014229949201421419
-0.008409440586097203
-0.035125060363998935
-0.007489579319226163
-0.035125060363998935
-0.022563237068787597
0.007373453022229088
-0.0037895254729733993
-0.019574762635440196
-0.009457657348531488
0.00983142396068759
-0.015070407975850256
-0.0033740891051864488
-0.004790903032951596
-0.022202951001799434
-0.03250378784927651
-0.007489579319226163
-0.003451672711528579
-0.04029199075042764
-0.013967662364855837
-0.028645582439445504
0.012797672243017462
-0.0033740891051864488
-0.012890597732428476
0.0009485557874460604
-0.007339347538234849
0.045264533873939555
0.013195134565431102
-0.012060018829673093
0.012797672243017462
-0.02862233307350824
0.0047086741238440335
-0.021980489170183845
-0.020099575573561776
-0.004638552639946614
-0.03250378784927651
-0.02244924534799303
-0.04029199075042764
-0.0033740891051864488
0.02225403426332037
-0.002514086871341281
-0.007768157422545073
-0.007339347538234849
-0.022202951001799434
0.004673034672009152
-0.001231556350329229
-0.012060018829673093
0.012797672243017462
-0.022202951001799434
0.004673034672009152
0.0009731887178462954
-0.001231556350329229
-0.007489579319226163
-0.04029199075042764
-0.022202951001799434
-0.015070407975850256
-0.0037895254729733993
-0.007489579319226163
-0.019574762635440196
-0.009457657348531488
0.00983142396068759
-0.014846049961446933
-0.013967662364855837
-0.012060018829673093
0.008905841259677562
-0.019574762635440196
-0.01616076609819745
0.0047086741238440335
-0.02862233307350824
-0.008046394510463108
-0.001231556350329229
-0.009457657348531488
-0.009457657348531488
-0.022563237068787597
-0.021980489170183845
-0.013967662364855837
-0.02244924534799303
-0.020888964361761794
-0.0014229949201421419
-0.02244924534799303
-0.007489579319226163
-0.02193323062124766
-0.019443312632765535
0.0006323858970350251
-0.02193323062124766
0.0009731887178462954
0.004673034672009152
0.0006323858970350251
-0.01616076609819745
-0.02862233307350824
-0.001231556350329229
0.02225403426332037
-0.04238171347546331
-0.012060018829673093
-0.0037895254729733993
-0.00021094348085979225
-0.001231556350329229
0.004999108330902134
-0.026274505278675094
0.007100359549351602
-0.008060191349937329
0.004673034672009152
-0.005059000286664129
-0.008544988800944273
-0.005059000286664129
-0.012890597732428476
-0.03250378784927651
0.0006323858970350251
0.013330366995243056
-0.016042693353356095
