0.006944627940441072
0.0007754399079819131
0.005435423425440128
0.016433867302582242
-0.011534984663700407
0.010065238681908431
-0.015404398707445366
0.016433867302582242
-0.009014041566896148
0.00950937200772057
0.002647622277459307
0.0007754399079819131
0.02264894751888445
0.005353388316915675
0.006944627940441072
-0.013499599021340793
0.013372244367752351
0.02264894751888445
0.0068218212933984605
-0.0018827809656490001
0.015965315086883206
-0.0002033292656305336
-0.0002033292656305336
0.013372244367752351
-0.03580894714760759
-0.01789928545135067
-0.015404398707445366
-0.007467118716269259
0.006944627940441072
-0.028377275380888384
-0.022295886180911714
-0.007467118716269259
-0.011534984663700407
0.010065238681908431
0.016433867302582242
-0.028377275380888384
-0.0018827809656490001
-0.01789928545135067
0.018086622944717082
0.015965315086883206
0.022901705832664893
0.010934057979641513
-0.004857949897555005
-0.0026495651559445364
-0.009014041566896148
0.00950937200772057
0.005435423425440128
0.015965315086883206
0.018086622944717082
-0.032416892749156816
0.013372244367752351
-0.007467118716269259
0.013372244367752351
-0.0026495651559445364
-0.028377275380888384
0.002647622277459307
-0.028377275380888384
0.005353388316915675
-0.01789928545135067
0.00950937200772057
-0.013499599021340793
0.006944627940441072
0.010065238681908431
-0.0026495651559445364
0.022901705832664893
0.010934057979641513
0.005435423425440128
0.024959577635505423
0.02264894751888445
0.024959577635505423
0.024959577635505423
-0.007467118716269259
-0.0002033292656305336
0.02367669898774182
0.02264894751888445
0.013372244367752351
-0.028377275380888384
0.006944627940441072
0.0068218212933984605
-0.01789928545135067
0.005353388316915675
-0.007467118716269259
0.016433867302582242
-0.0018827809656490001
0.002647622277459307
-0.01789928545135067
-0.004857949897555005
0.022901705832664893
-0.022295886180911714
0.00950937200772057
0.013372244367752351
0.02264894751888445
0.016433867302582242
0.016433867302582242
0.005435423425440128
-0.004857949897555005
-0.028377275380888384
0.022901705832664893
0.024959577635505423
-0.004857949897555005
-0.03580894714760759
0.0007754399079819131
-0.009014041566896148
0.00950937200772057
0.010065238681908431
-0.022295886180911714
0.0007754399079819131
0.016433867302582242
0.010065238681908431
0.02367669898774182
0.010934057979641513
0.002647622277459307
0.002647622277459307
0.006944627940441072
-0.0002033292656305336
0.022901705832664893
-0.006598938751615202
-0.028377275380888384
0.010934057979641513
0.005353388316915675
-0.006598938751615202
-0.01789928545135067
0.022901705832664893
0.015965315086883206
-0.011534984663700407
-0.013499599021340793
0.024959577635505423
0.022901705832664893
0.010065238681908431
-0.011534984663700407
-0.0026495651559445364
-0.0002033292656305336
-0.007467118716269259
0.010065238681908431
0.005435423425440128
-0.007467118716269259
0.02367669898774182
-0.007467118716269259
-0.0002033292656305336
0.002647622277459307
-0.032416892749156816
-0.007467118716269259
0.005435423425440128
-0.0026495651559445364
-0.006598938751615202
-0.007467118716269259
0.002647622277459307
0.015965315086883206
0.0068218212933984605
0.016433867302582242
-0.015404398707445366
0.002647622277459307
-0.0018827809656490001
0.016433867302582242
-0.0026495651559445364
-0.0026495651559445364
-0.0026495651559445364
-0.004857949897555005
-0.0018827809656490001
0.005435423425440128
-0.013499599021340793
-0.01789928545135067
0.00950937200772057
-0.004857949897555005
-0.0018827809656490001
0.024959577635505423
-0.032416892749156816
0.002647622277459307
0.010934057979641513
0.006944627940441072
-0.011534984663700407
0.013372244367752351
0.022901705832664893
0.0007754399079819131
0.02264894751888445
-0.01789928545135067
0.006944627940441072
-0.015404398707445366
-0.013499599021340793
-0.009014041566896148
-0.028377275380888384
0.015965315086883206
0.006944627940441072
-0.007467118716269259
0.02264894751888445
-0.015404398707445366
-0.006598938751615202
-0.0026495651559445364
0.018086622944717082
0.018086622944717082
0.016433867302582242
-0.007467118716269259
0.010065238681908431
0.018086622944717082
0.016433867302582242
-0.015404398707445366
-0.011534984663700407
0.018086622944717082
-0.028377275380888384
0.02367669898774182
-0.01789928545135067
0.022901705832664893
-0.0026495651559445364
-0.004857949897555005
-0.013499599021340793
-0.0026495651559445364
0.010934057979641513
-0.028377275380888384
0.02264894751888445
0.006944627940441072
0.016433867302582242
-0.0002033292656305336
-0.007467118716269259
-0.007467118716269259
0.0068218212933984605
0.016433867302582242
-0.0026495651559445364
0.0007754399079819131
0.015965315086883206
-0.0002033292656305336
0.010065238681908431
-0.015404398707445366
-0.032416892749156816
-0.009014041566896148
0.018086622944717082
0.016433867302582242
0.002647622277459307
0.0068218212933984605
-0.01789928545135067
-0.011534984663700407
0.02264894751888445
0.016433867302582242
-0.006598938751615202
-0.011534984663700407
-0.013499599021340793
0.018086622944717082
-0.032416892749156816
0.022901705832664893
-0.011534984663700407
-0.01789928545135067
0.005353388316915675
-0.0026495651559445364
0.002647622277459307
0.016433867302582242
-0.032416892749156816
0.02264894751888445
0.002647622277459307
-0.013499599021340793
0.016433867302582242
-0.013499599021340793
0.015965315086883206
0.005353388316915675
0.013372244367752351
0.006944627940441072
0.022901705832664893
0.013372244367752351
-0.0018827809656490001
-0.013499599021340793
0.006944627940441072
0.022901705832664893
-0.009014041566896148
-0.03580894714760759
-0.015404398707445366
0.010065238681908431
0.005435423425440128
-0.032416892749156816
-0.004857949897555005
-0.0002033292656305336
0.0068218212933984605
-0.009014041566896148
-0.013499599021340793
0.0007754399079819131
0.024959577635505423
0.010065238681908431
-0.0018827809656490001
0.02367669898774182
-0.0026495651559445364
-0.007467118716269259
0.0068218212933984605
0.015965315086883206
-0.013499599021340793
0.005353388316915675
-0.01789928545135067
0.0007754399079819131
0.016433867302582242
0.024959577635505423
0.0068218212933984605
-0.03580894714760759
0.015965315086883206
0.00950937200772057
0.006944627940441072
0.02367669898774182
-0.028377275380888384
-0.0002033292656305336
0.013372244367752351
0.010065238681908431
0.02264894751888445
-0.015404398707445366
0.0007754399079819131
-0.0018827809656490001
0.005353388316915675
0.00950937200772057
0.0068218212933984605
-0.03580894714760759
-0.013499599021340793
-0.009014041566896148
-0.0002033292656305336
0.016433867302582242
-0.01789928545135067
0.0007754399079819131
-0.03580894714760759
0.015965315086883206
-0.022295886180911714
-0.0018827809656490001
-0.013499599021340793
-0.011534984663700407
0.016433867302582242
-0.032416892749156816
0.016433867302582242
0.024959577635505423
-0.03580894714760759
0.018086622944717082
-0.01789928545135067
0.005353388316915675
-0.022295886180911714
-0.01789928545135067
-0.03580894714760759
0.010065238681908431
-0.0002033292656305336
-0.0002033292656305336
0.0007754399079819131
-0.011534984663700407
0.002647622277459307
-0.006598938751615202
0.024959577635505423
0.024959577635505423
0.005435423425440128
0.013372244367752351
0.022901705832664893
0.02367669898774182
0.0007754399079819131
0.015965315086883206
0.024959577635505423
-0.007467118716269259
0.010065238681908431
-0.0002033292656305336
0.002647622277459307
0.00950937200772057
-0.01789928545135067
-0.01789928545135067
0.013372244367752351
-0.007467118716269259
0.002647622277459307
0.0068218212933984605
0.018086622944717082
0.00950937200772057
0.02367669898774182
-0.015404398707445366
0.02367669898774182
0.024959577635505423
-0.022295886180911714
-0.007467118716269259
0.0007754399079819131
-0.013499599021340793
-0.022295886180911714
0.005353388316915675
0.0007754399079819131
-0.015404398707445366
0.016433867302582242
-0.015404398707445366
0.016433867302582242
0.015965315086883206
0.0068218212933984605
0.016433867302582242
0.015965315086883206
0.005353388316915675
0.005353388316915675
-0.03580894714760759
-0.011534984663700407
0.016433867302582242
-0.011534984663700407
-0.011534984663700407
0.010065238681908431
-0.022295886180911714
0.022901705832664893
0.022901705832664893
-0.028377275380888384
0.02264894751888445
0.015965315086883206
-0.006598938751615202
0.005435423425440128
0.002647622277459307
0.0007754399079819131
-0.01789928545135067
-0.006598938751615202
0.018086622944717082
-0.01789928545135067
-0.009014041566896148
-0.03580894714760759
-0.009014041566896148
-0.013499599021340793
0.0068218212933984605
0.016433867302582242
0.015965315086883206
0.024959577635505423
0.010934057979641513
0.00950937200772057
-0.0026495651559445364
0.00950937200772057
0.010065238681908431
0.013372244367752351
-0.01789928545135067
-0.011534984663700407
-0.0002033292656305336
0.002647622277459307
0.0068218212933984605
0.002647622277459307
0.016433867302582242
0.02367669898774182
-0.011534984663700407
-0.022295886180911714
-0.0002033292656305336
-0.03580894714760759
-0.022295886180911714
0.006944627940441072
-0.015404398707445366
-0.0026495651559445364
-0.0002033292656305336
0.0068218212933984605
0.00950937200772057
0.02264894751888445
0.002647622277459307
0.0007754399079819131
-0.0026495651559445364
0.016433867302582242
-0.0002033292656305336
-0.032416892749156816
-0.011534984663700407
0.02367669898774182
-0.009014041566896148
-0.032416892749156816
0.02264894751888445
0.010065238681908431
0.018086622944717082
-0.009014041566896148
-0.011534984663700407
0.013372244367752351
0.010934057979641513
0.024959577635505423
0.022901705832664893
0.022901705832664893
0.010934057979641513
-0.01789928545135067
-0.013499599021340793
0.013372244367752351
0.022901705832664893
-0.013499599021340793
-0.007467118716269259
0.010065238681908431
0.00950937200772057
-0.009014041566896148
-0.01789928545135067
0.010934057979641513
0.0068218212933984605
-0.03580894714760759
-0.004857949897555005
0.02264894751888445
0.00950937200772057
-0.022295886180911714
-0.011534984663700407
0.006944627940441072
-0.007467118716269259
0.005353388316915675
0.018086622944717082
-0.0002033292656305336
0.005435423425440128
-0.0026495651559445364
0.016433867302582242
0.002647622277459307
-0.015404398707445366
-0.004857949897555005
-0.004857949897555005
-0.011534984663700407
-0.011534984663700407
0.0007754399079819131
0.010934057979641513
0.010934057979641513
-0.015404398707445366
0.002647622277459307
0.0068218212933984605
0.005353388316915675
-0.0026495651559445364
-0.006598938751615202
-0.022295886180911714
0.022901705832664893
-0.028377275380888384
0.0068218212933984605
-0.03580894714760759
-0.01789928545135067
0.015965315086883206
-0.007467118716269259
-0.0002033292656305336
0.0007754399079819131
-0.0026495651559445364
0.010065238681908431
0.02264894751888445
-0.0018827809656490001
-0.01789928545135067
0.006944627940441072
-0.006598938751615202
-0.007467118716269259
0.002647622277459307
-0.004857949897555005
-0.032416892749156816
0.018086622944717082
0.015965315086883206
-0.0018827809656490001
-0.0002033292656305336
0.013372244367752351
-0.006598938751615202
0.010934057979641513
-0.032416892749156816
-0.0002033292656305336
0.0068218212933984605
-0.0018827809656490001
0.0068218212933984605
0.02264894751888445
0.010934057979641513
0.024959577635505423
-0.022295886180911714
0.024959577635505423
0.00950937200772057
0.00950937200772057
-0.013499599021340793
-0.004857949897555005
-0.0002033292656305336
-0.028377275380888384
0.010934057979641513
-0.0026495651559445364
0.022901705832664893
-0.004857949897555005
-0.0026495651559445364
-0.028377275380888384
0.010934057979641513
0.005435423425440128
-0.01789928545135067
-0.009014041566896148
0.005353388316915675
-0.01789928545135067
0.024959577635505423
-0.01789928545135067
-0.0002033292656305336
0.00950937200772057
-0.01789928545135067
-0.009014041566896148
0.024959577635505423
0.022901705832664893
-0.022295886180911714
-0.028377275380888384
-0.004857949897555005
-0.03580894714760759
0.0068218212933984605
-0.004857949897555005
-0.011534984663700407
0.015965315086883206
-0.013499599021340793
0.02264894751888445
0.016433867302582242
-0.004857949897555005
-0.006598938751615202
-0.0018827809656490001
0.015965315086883206
0.005353388316915675
0.005435423425440128
0.015965315086883206
0.005435423425440128
0.02264894751888445
0.02367669898774182
-0.015404398707445366
0.015965315086883206
0.006944627940441072
-0.013499599021340793
-0.032416892749156816
-0.01789928545135067
0.005353388316915675
0.013372244367752351
-0.028377275380888384
-0.028377275380888384
0.018086622944717082
-0.009014041566896148
0.006944627940441072
-0.011534984663700407
-0.006598938751615202
0.005435423425440128
-0.013499599021340793
-0.009014041566896148
-0.032416892749156816
0.00950937200772057
-0.03580894714760759
-0.028377275380888384
-0.011534984663700407
-0.03580894714760759
-0.0026495651559445364
0.018086622944717082
0.00950937200772057
-0.0018827809656490001
-0.032416892749156816
-0.01789928545135067
-0.006598938751615202
-0.0026495651559445364
-0.032416892749156816
0.010934057979641513
0.002647622277459307
0.015965315086883206
0.00950937200772057
-0.011534984663700407
-0.007467118716269259
-0.0026495651559445364
0.006944627940441072
-0.0026495651559445364
0.02264894751888445
0.005435423425440128
0.010065238681908431
-0.006598938751615202
-0.032416892749156816
-0.007467118716269259
-0.03580894714760759
-0.022295886180911714
0.018086622944717082
0.022901705832664893
-0.028377275380888384
-0.028377275380888384
-0.032416892749156816
0.0007754399079819131
0.024959577635505423
0.022901705832664893
-0.032416892749156816
0.02264894751888445
0.010065238681908431
0.005435423425440128
0.016433867302582242
0.0068218212933984605
-0.0018827809656490001
-0.032416892749156816
-0.028377275380888384
-0.0002033292656305336
0.022901705832664893
0.02264894751888445
0.016433867302582242
-0.01789928545135067
0.024959577635505423
-0.015404398707445366
0.016433867302582242
-0.0018827809656490001
0.016433867302582242
-0.0026495651559445364
0.005435423425440128
0.0007754399079819131
-0.009014041566896148
0.02367669898774182
0.005353388316915675
0.016433867302582242
0.016433867302582242
-0.0002033292656305336
0.005353388316915675
-0.032416892749156816
0.005435423425440128
0.002647622277459307
0.010934057979641513
-0.0002033292656305336
0.022901705832664893
-0.015404398707445366
0.00950937200772057
0.005353388316915675
0.010934057979641513
0.006944627940441072
0.0007754399079819131
-0.004857949897555005
0.0068218212933984605
-0.022295886180911714
-0.004857949897555005
-0.011534984663700407
0.013372244367752351
-0.0026495651559445364
0.015965315086883206
0.0007754399079819131
0.0068218212933984605
0.022901705832664893
-0.0002033292656305336
0.02264894751888445
-0.028377275380888384
-0.032416892749156816
-0.01789928545135067
0.015965315086883206
0.00950937200772057
0.005353388316915675
0.005435423425440128
-0.03580894714760759
0.02264894751888445
-0.007467118716269259
0.018086622944717082
0.015965315086883206
-0.004857949897555005
0.006944627940441072
-0.028377275380888384
0.010065238681908431
-0.007467118716269259
-0.013499599021340793
0.005353388316915675
-0.0018827809656490001
-0.009014041566896148
-0.009014041566896148
0.015965315086883206
-0.015404398707445366
0.02367669898774182
-0.032416892749156816
0.0007754399079819131
0.013372244367752351
-0.013499599021340793
0.005435423425440128
0.013372244367752351
0.02264894751888445
-0.015404398707445366
0.005435423425440128
0.024959577635505423
0.022901705832664893
0.002647622277459307
-0.03580894714760759
-0.022295886180911714
0.005353388316915675
-0.0002033292656305336
-0.006598938751615202
0.02264894751888445
-0.028377275380888384
-0.0026495651559445364
0.015965315086883206
0.018086622944717082
-0.013499599021340793
0.02367669898774182
0.0007754399079819131
-0.004857949897555005
-0.015404398707445366
-0.015404398707445366
0.0068218212933984605
-0.032416892749156816
-0.03580894714760759
-0.022295886180911714
0.002647622277459307
0.013372244367752351
0.0068218212933984605
-0.0018827809656490001
-0.0002033292656305336
-0.006598938751615202
-0.03580894714760759
0.018086622944717082
0.018086622944717082
0.018086622944717082
0.006944627940441072
0.02367669898774182
0.006944627940441072
0.0068218212933984605
0.006944627940441072
0.010065238681908431
0.022901705832664893
-0.0018827809656490001
-0.015404398707445366
0.00950937200772057
0.015965315086883206
-0.013499599021340793
0.013372244367752351
-0.015404398707445366
0.013372244367752351
-0.007467118716269259
-0.011534984663700407
0.02367669898774182
-0.0026495651559445364
0.005435423425440128
0.002647622277459307
0.024959577635505423
-0.0018827809656490001
-0.0026495651559445364
-0.028377275380888384
0.018086622944717082
0.010934057979641513
-0.006598938751615202
-0.004857949897555005
-0.01789928545135067
-0.004857949897555005
-0.0002033292656305336
0.010934057979641513
0.010934057979641513
0.02367669898774182
0.006944627940441072
-0.007467118716269259
0.015965315086883206
-0.0026495651559445364
0.002647622277459307
-0.03580894714760759
-0.01789928545135067
-0.028377275380888384
-0.0026495651559445364
0.015965315086883206
0.022901705832664893
0.02367669898774182
-0.01789928545135067
-0.0026495651559445364
-0.0026495651559445364
-0.022295886180911714
0.010934057979641513
-0.0002033292656305336
0.0007754399079819131
-0.032416892749156816
0.005435423425440128
-0.015404398707445366
-0.004857949897555005
0.024959577635505423
0.02264894751888445
-0.007467118716269259
-0.004857949897555005
0.02367669898774182
0.010065238681908431
-0.006598938751615202
-0.006598938751615202
-0.009014041566896148
-0.022295886180911714
-0.022295886180911714
-0.006598938751615202
0.0007754399079819131
0.015965315086883206
0.005435423425440128
0.02264894751888445
-0.022295886180911714
-0.0026495651559445364
-0.013499599021340793
0.015965315086883206
0.010934057979641513
0.005435423425440128
0.02264894751888445
0.013372244367752351
-0.022295886180911714
-0.015404398707445366
0.024959577635505423
0.018086622944717082
-0.004857949897555005
0.005435423425440128
-0.011534984663700407
-0.015404398707445366
0.018086622944717082
0.00950937200772057
-0.013499599021340793
0.005435423425440128
-0.015404398707445366
0.013372244367752351
0.0007754399079819131
-0.01789928545135067
-0.032416892749156816
-0.0026495651559445364
0.00950937200772057
0.00950937200772057
0.015965315086883206
-0.0026495651559445364
-0.0018827809656490001
-0.032416892749156816
0.010934057979641513
-0.028377275380888384
0.0007754399079819131
-0.0002033292656305336
0.016433867302582242
-0.022295886180911714
-0.013499599021340793
-0.013499599021340793
0.006944627940441072
-0.0018827809656490001
0.005435423425440128
0.015965315086883206
-0.01789928545135067
-0.007467118716269259
0.0007754399079819131
0.013372244367752351
0.016433867302582242
-0.0018827809656490001
-0.007467118716269259
-0.0002033292656305336
0.018086622944717082
-0.03580894714760759
0.016433867302582242
-0.006598938751615202
-0.022295886180911714
0.0007754399079819131
-0.022295886180911714
-0.03580894714760759
-0.022295886180911714
0.013372244367752351
0.02264894751888445
-0.011534984663700407
0.0007754399079819131
0.022901705832664893
-0.028377275380888384
-0.0002033292656305336
-0.022295886180911714
0.010065238681908431
-0.032416892749156816
0.010065238681908431
-0.0026495651559445364
-0.013499599021340793
0.02367669898774182
-0.015404398707445366
-0.011534984663700407
0.02367669898774182
-0.0026495651559445364
-0.022295886180911714
-0.013499599021340793
-0.011534984663700407
0.0068218212933984605
-0.013499599021340793
0.00950937200772057
0.016433867302582242
0.02367669898774182
0.02264894751888445
0.005435423425440128
-0.0002033292656305336
0.005435423425440128
0.006944627940441072
0.024959577635505423
0.0007754399079819131
0.010934057979641513
-0.032416892749156816
0.0068218212933984605
0.018086622944717082
-0.009014041566896148
-0.032416892749156816
0.015965315086883206
0.024959577635505423
-0.009014041566896148
-0.0026495651559445364
-0.015404398707445366
-0.009014041566896148
0.015965315086883206
0.016433867302582242
-0.006598938751615202
0.005353388316915675
-0.0026495651559445364
-0.01789928545135067
-0.028377275380888384
-0.007467118716269259
-0.011534984663700407
-0.0026495651559445364
-0.0026495651559445364
0.010065238681908431
-0.004857949897555005
-0.009014041566896148
-0.0026495651559445364
0.010934057979641513
-0.007467118716269259
0.016433867302582242
0.005353388316915675
0.0007754399079819131
-0.01789928545135067
0.02264894751888445
-0.0002033292656305336
0.005353388316915675
0.010934057979641513
0.006944627940441072
0.006944627940441072
0.002647622277459307
0.005353388316915675
-0.011534984663700407
0.0068218212933984605
-0.007467118716269259
0.013372244367752351
0.006944627940441072
-0.004857949897555005
0.024959577635505423
0.010934057979641513
0.005435423425440128
-0.004857949897555005
0.0068218212933984605
-0.032416892749156816
0.002647622277459307
-0.032416892749156816
-0.011534984663700407
0.02367669898774182
-0.0026495651559445364
0.010065238681908431
0.022901705832664893
0.005435423425440128
-0.0026495651559445364
-0.013499599021340793
-0.004857949897555005
-0.0018827809656490001
0.016433867302582242
0.005353388316915675
0.016433867302582242
0.006944627940441072
0.015965315086883206
-0.0002033292656305336
-0.028377275380888384
-0.028377275380888384
-0.013499599021340793
-0.03580894714760759
