-0.02744341911178034
-0.01801469272103804
-0.028712717960125624
-0.034180294824647364
-0.02475402363711567
-0.05574862341229728
0.01632371022128232
-0.005863879973682146
-0.012817620463807836
0.011107104094550143
-0.021973360339404197
-0.030081014371148147
-0.03445942079318139
-0.034180294824647364
-0.01981326738935103
-0.022122287774389404
-0.03445942079318139
-0.030081014371148147
-0.028712717960125624
0.004749559681804321
0.004749559681804321
0.011107104094550143
-0.022122287774389404
0.01632371022128232
-0.021973360339404197
-0.012817620463807836
-0.017854741731546785
-0.028712717960125624
-0.021121396761309863
-0.004103258973329145
-0.022785440618950048
-0.05574862341229728
-0.02079920040145038
-0.02475402363711567
-0.01801874307377193
-0.01801874307377193
-0.004103258973329145
-0.005863879973682146
-0.014700751152262485
-0.022122287774389404
-0.028712717960125624
-0.019960599876740003
-0.022785440618950048
-0.017854741731546785
-0.01801469272103804
-0.020792821065647202
-0.010536812228114874
-0.01981326738935103
-0.030081014371148147
-0.021973360339404197
-0.03445942079318139
-0.02079920040145038
-0.01801874307377193
-0.010536812228114874
-0.017854741731546785
-0.022122287774389404
-0.01801874307377193
-0.01981326738935103
-0.01981326738935103
-0.028712717960125624
0.011107104094550143
-0.021973360339404197
0.011107104094550143
0.011107104094550143
-0.034180294824647364
-0.028712717960125624
-0.05574862341229728
-0.012817620463807836
-0.014700751152262485
-0.01801874307377193
-0.018912272015502708
-0.017854741731546785
-0.01801469272103804
-0.012817620463807836
-0.018912272015502708
-0.02475402363711567
-0.020792821065647202
-0.005863879973682146
-0.021121396761309863
-0.021121396761309863
-0.019960599876740003
-0.05574862341229728
-0.010536812228114874
-0.020792821065647202
-0.005863879973682146
-0.022122287774389404
-0.005863879973682146
-0.021121396761309863
-0.01801874307377193
-0.02475402363711567
-0.022122287774389404
-0.004103258973329145
-0.05574862341229728
-0.02744341911178034
-0.019960599876740003
-0.05574862341229728
-0.019960599876740003
-0.02475402363711567
-0.02744341911178034
-0.018912272015502708
0.011107104094550143
-0.022122287774389404
-0.02475402363711567
-0.017854741731546785
-0.02475402363711567
-0.021121396761309863
-0.01801874307377193
-0.05574862341229728
-0.019960599876740003
-0.02744341911178034
-0.020792821065647202
0.01632371022128232
-0.01801469272103804
0.011107104094550143
-0.02744341911178034
-0.01801469272103804
-0.030081014371148147
-0.014700751152262485
0.011107104094550143
-0.022785440618950048
-0.017854741731546785
-0.018912272015502708
-0.022785440618950048
-0.019960599876740003
-0.034180294824647364
-0.012817620463807836
-0.021121396761309863
-0.01801874307377193
-0.03445942079318139
-0.020792821065647202
-0.017854741731546785
-0.020792821065647202
-0.012817620463807836
-0.012817620463807836
-0.02475402363711567
-0.005863879973682146
-0.02744341911178034
-0.02744341911178034
-0.022785440618950048
-0.010536812228114874
-0.01801874307377193
-0.014700751152262485
-0.01981326738935103
-0.020792821065647202
-0.01801874307377193
-0.034180294824647364
-0.021121396761309863
-0.010536812228114874
-0.018912272015502708
-0.01801469272103804
-0.05574862341229728
-0.018912272015502708
-0.020792821065647202
0.011107104094550143
-0.022122287774389404
-0.019960599876740003
-0.019960599876740003
-0.017854741731546785
-0.018912272015502708
-0.02079920040145038
-0.014700751152262485
-0.05574862341229728
-0.022785440618950048
-0.05574862341229728
-0.017854741731546785
-0.030081014371148147
-0.02475402363711567
-0.022785440618950048
-0.02475402363711567
-0.021121396761309863
0.004749559681804321
-0.021121396761309863
-0.05574862341229728
-0.02079920040145038
-0.021121396761309863
-0.022785440618950048
-0.02475402363711567
-0.01801874307377193
0.004749559681804321
-0.021121396761309863
-0.02079920040145038
0.011107104094550143
-0.01981326738935103
-0.05574862341229728
-0.020792821065647202
-0.034180294824647364
-0.03445942079318139
-0.028712717960125624
-0.014700751152262485
-0.012817620463807836
0.004749559681804321
0.01632371022128232
-0.010536812228114874
-0.004103258973329145
-0.030081014371148147
-0.012817620463807836
-0.034180294824647364
-0.02475402363711567
0.004749559681804321
-0.01801874307377193
-0.019960599876740003
-0.05574862341229728
-0.021973360339404197
-0.02079920040145038
-0.017854741731546785
-0.017854741731546785
0.011107104094550143
-0.004103258973329145
-0.03445942079318139
-0.01801469272103804
-0.019960599876740003
-0.02744341911178034
-0.030081014371148147
-0.034180294824647364
-0.05574862341229728
-0.022122287774389404
-0.01801874307377193
-0.021973360339404197
-0.021121396761309863
-0.021973360339404197
-0.028712717960125624
-0.034180294824647364
-0.034180294824647364
-0.018912272015502708
-0.005863879973682146
-0.034180294824647364
0.011107104094550143
0.011107104094550143
-0.022122287774389404
0.011107104094550143
-0.010536812228114874
-0.01981326738935103
-0.019960599876740003
-0.034180294824647364
-0.022785440618950048
-0.014700751152262485
-0.019960599876740003
-0.02744341911178034
-0.05574862341229728
0.011107104094550143
0.01632371022128232
-0.020792821065647202
-0.01801874307377193
0.01632371022128232
-0.01801469272103804
-0.021973360339404197
-0.01981326738935103
-0.010536812228114874
-0.021973360339404197
-0.05574862341229728
-0.014700751152262485
-0.01981326738935103
-0.030081014371148147
-0.021121396761309863
-0.02744341911178034
-0.01801874307377193
-0.021121396761309863
-0.05574862341229728
-0.021973360339404197
0.01632371022128232
-0.02475402363711567
-0.014700751152262485
-0.022785440618950048
-0.05574862341229728
-0.021973360339404197
-0.01981326738935103
-0.021973360339404197
-0.03445942079318139
-0.02079920040145038
-0.02079920040145038
-0.021121396761309863
-0.030081014371148147
-0.014700751152262485
-0.030081014371148147
-0.034180294824647364
-0.022785440618950048
-0.02475402363711567
0.004749559681804321
-0.01981326738935103
-0.004103258973329145
-0.004103258973329145
0.004749559681804321
-0.028712717960125624
-0.010536812228114874
-0.019960599876740003
-0.028712717960125624
-0.02744341911178034
-0.02079920040145038
-0.028712717960125624
-0.020792821065647202
-0.019960599876740003
-0.030081014371148147
-0.03445942079318139
0.01632371022128232
-0.021121396761309863
-0.010536812228114874
-0.05574862341229728
-0.02079920040145038
-0.022122287774389404
-0.01801874307377193
-0.005863879973682146
-0.02475402363711567
-0.012817620463807836
-0.01981326738935103
-0.02079920040145038
0.004749559681804321
-0.034180294824647364
-0.018912272015502708
-0.018912272015502708
-0.021121396761309863
-0.018912272015502708
-0.012817620463807836
-0.02744341911178034
-0.014700751152262485
-0.02475402363711567
-0.01801874307377193
-0.021121396761309863
-0.020792821065647202
-0.022122287774389404
-0.05574862341229728
-0.034180294824647364
-0.021121396761309863
-0.021121396761309863
-0.028712717960125624
-0.012817620463807836
-0.05574862341229728
0.01632371022128232
-0.004103258973329145
-0.034180294824647364
-0.021973360339404197
0.011107104094550143
-0.02744341911178034
-0.01801469272103804
-0.022785440618950048
-0.028712717960125624
-0.034180294824647364
-0.05574862341229728
-0.012817620463807836
-0.028712717960125624
-0.014700751152262485
-0.005863879973682146
-0.017854741731546785
-0.03445942079318139
-0.005863879973682146
-0.014700751152262485
-0.017854741731546785
-0.028712717960125624
-0.010536812228114874
-0.01981326738935103
-0.01981326738935103
-0.030081014371148147
-0.01801469272103804
-0.022122287774389404
-0.021121396761309863
0.01632371022128232
-0.034180294824647364
-0.004103258973329145
-0.012817620463807836
0.004749559681804321
-0.012817620463807836
-0.014700751152262485
-0.004103258973329145
-0.028712717960125624
-0.022122287774389404
-0.05574862341229728
-0.02475402363711567
-0.005863879973682146
-0.05574862341229728
-0.012817620463807836
-0.03445942079318139
-0.005863879973682146
-0.020792821065647202
-0.020792821065647202
0.004749559681804321
-0.012817620463807836
-0.02744341911178034
-0.004103258973329145
-0.05574862341229728
-0.004103258973329145
-0.005863879973682146
-0.03445942079318139
-0.005863879973682146
-0.02079920040145038
0.01632371022128232
-0.01801469272103804
-0.021973360339404197
-0.02744341911178034
0.011107104094550143
-0.030081014371148147
-0.010536812228114874
-0.017854741731546785
-0.01801874307377193
-0.019960599876740003
-0.021973360339404197
-0.02475402363711567
-0.03445942079318139
-0.014700751152262485
-0.017854741731546785
-0.022122287774389404
-0.01801469272103804
-0.021973360339404197
-0.014700751152262485
-0.018912272015502708
-0.021121396761309863
-0.05574862341229728
-0.01801874307377193
-0.014700751152262485
-0.021121396761309863
-0.02744341911178034
-0.01801874307377193
0.011107104094550143
-0.022785440618950048
-0.021973360339404197
-0.021973360339404197
-0.034180294824647364
0.011107104094550143
-0.010536812228114874
0.011107104094550143
-0.021121396761309863
-0.012817620463807836
-0.03445942079318139
-0.03445942079318139
-0.02475402363711567
-0.034180294824647364
0.011107104094550143
-0.022122287774389404
-0.01801469272103804
-0.022785440618950048
0.011107104094550143
-0.01801874307377193
-0.022122287774389404
-0.03445942079318139
-0.014700751152262485
-0.02079920040145038
0.004749559681804321
-0.010536812228114874
-0.017854741731546785
-0.01801874307377193
-0.01801469272103804
-0.01801469272103804
-0.01801469272103804
-0.028712717960125624
-0.005863879973682146
-0.030081014371148147
-0.019960599876740003
-0.004103258973329145
-0.01801469272103804
-0.018912272015502708
-0.019960599876740003
-0.03445942079318139
-0.005863879973682146
0.011107104094550143
-0.021121396761309863
-0.01981326738935103
-0.019960599876740003
-0.019960599876740003
-0.012817620463807836
-0.018912272015502708
-0.02744341911178034
-0.004103258973329145
-0.03445942079318139
-0.02744341911178034
-0.005863879973682146
-0.014700751152262485
0.011107104094550143
0.01632371022128232
-0.020792821065647202
-0.012817620463807836
-0.02744341911178034
-0.022122287774389404
-0.01801874307377193
-0.019960599876740003
0.004749559681804321
-0.05574862341229728
-0.05574862341229728
-0.022785440618950048
-0.02079920040145038
-0.021973360339404197
-0.022122287774389404
-0.02475402363711567
-0.014700751152262485
-0.020792821065647202
-0.022122287774389404
-0.020792821065647202
-0.02475402363711567
-0.028712717960125624
-0.020792821065647202
-0.022785440618950048
-0.02079920040145038
-0.012817620463807836
0.01632371022128232
-0.022785440618950048
-0.022785440618950048
-0.022785440618950048
-0.034180294824647364
0.01632371022128232
-0.02475402363711567
-0.02079920040145038
-0.018912272015502708
-0.034180294824647364
-0.030081014371148147
-0.02744341911178034
-0.019960599876740003
-0.022122287774389404
-0.02475402363711567
-0.004103258973329145
-0.01981326738935103
-0.01801469272103804
-0.01981326738935103
-0.028712717960125624
-0.021973360339404197
-0.010536812228114874
-0.02475402363711567
-0.022785440618950048
-0.02744341911178034
-0.021973360339404197
-0.010536812228114874
-0.018912272015502708
-0.01981326738935103
-0.02079920040145038
-0.05574862341229728
-0.028712717960125624
-0.018912272015502708
-0.017854741731546785
-0.021973360339404197
-0.034180294824647364
-0.01981326738935103
-0.030081014371148147
-0.021121396761309863
-0.02475402363711567
-0.004103258973329145
-0.021973360339404197
-0.022785440618950048
-0.017854741731546785
-0.017854741731546785
-0.017854741731546785
-0.022785440618950048
-0.022122287774389404
-0.018912272015502708
-0.02079920040145038
-0.022122287774389404
0.011107104094550143
-0.022122287774389404
-0.030081014371148147
-0.021121396761309863
-0.02475402363711567
-0.014700751152262485
-0.05574862341229728
-0.02475402363711567
-0.017854741731546785
-0.019960599876740003
-0.012817620463807836
0.004749559681804321
-0.05574862341229728
0.011107104094550143
-0.018912272015502708
-0.01981326738935103
0.011107104094550143
-0.012817620463807836
-0.021973360339404197
-0.030081014371148147
-0.01801874307377193
-0.02744341911178034
-0.02744341911178034
-0.012817620463807836
-0.019960599876740003
-0.05574862341229728
-0.005863879973682146
-0.01981326738935103
-0.010536812228114874
-0.014700751152262485
-0.01981326738935103
-0.01801469272103804
-0.05574862341229728
-0.005863879973682146
-0.022122287774389404
-0.014700751152262485
-0.030081014371148147
0.01632371022128232
-0.022122287774389404
-0.05574862341229728
-0.010536812228114874
-0.014700751152262485
-0.01801874307377193
-0.017854741731546785
-0.05574862341229728
-0.01801469272103804
-0.020792821065647202
-0.004103258973329145
-0.05574862341229728
-0.021121396761309863
-0.021973360339404197
0.011107104094550143
0.01632371022128232
-0.018912272015502708
-0.017854741731546785
-0.004103258973329145
-0.021973360339404197
-0.05574862341229728
-0.012817620463807836
-0.03445942079318139
-0.030081014371148147
-0.030081014371148147
-0.02475402363711567
-0.03445942079318139
-0.01981326738935103
-0.034180294824647364
-0.017854741731546785
-0.014700751152262485
-0.014700751152262485
-0.028712717960125624
-0.018912272015502708
-0.02475402363711567
-0.01801874307377193
-0.019960599876740003
-0.034180294824647364
-0.012817620463807836
-0.028712717960125624
-0.01981326738935103
0.004749559681804321
-0.005863879973682146
-0.01801874307377193
-0.02744341911178034
-0.012817620463807836
-0.01801874307377193
-0.017854741731546785
-0.022122287774389404
-0.022122287774389404
-0.01801469272103804
-0.005863879973682146
-0.020792821065647202
-0.004103258973329145
-0.02475402363711567
-0.017854741731546785
-0.014700751152262485
-0.01801469272103804
-0.02079920040145038
0.004749559681804321
-0.02079920040145038
-0.05574862341229728
-0.021121396761309863
-0.03445942079318139
-0.030081014371148147
-0.020792821065647202
-0.019960599876740003
-0.03445942079318139
-0.01801874307377193
-0.022122287774389404
-0.020792821065647202
-0.018912272015502708
-0.020792821065647202
-0.01981326738935103
-0.034180294824647364
0.01632371022128232
-0.005863879973682146
0.011107104094550143
-0.004103258973329145
-0.028712717960125624
-0.019960599876740003
-0.01801469272103804
-0.05574862341229728
-0.005863879973682146
-0.004103258973329145
-0.017854741731546785
-0.030081014371148147
-0.022785440618950048
-0.012817620463807836
-0.022122287774389404
-0.014700751152262485
-0.022785440618950048
-0.018912272015502708
0.01632371022128232
-0.01801469272103804
-0.03445942079318139
-0.010536812228114874
-0.014700751152262485
0.004749559681804321
-0.05574862341229728
-0.02744341911178034
-0.020792821065647202
-0.010536812228114874
-0.017854741731546785
-0.012817620463807836
-0.028712717960125624
-0.02475402363711567
-0.022122287774389404
-0.014700751152262485
-0.05574862341229728
-0.010536812228114874
-0.028712717960125624
-0.010536812228114874
-0.010536812228114874
0.004749559681804321
-0.019960599876740003
-0.014700751152262485
-0.02475402363711567
-0.021973360339404197
0.011107104094550143
-0.010536812228114874
-0.01801874307377193
-0.014700751152262485
-0.02475402363711567
-0.030081014371148147
-0.05574862341229728
-0.01981326738935103
0.011107104094550143
-0.017854741731546785
-0.014700751152262485
-0.004103258973329145
-0.01801874307377193
-0.02744341911178034
-0.005863879973682146
-0.019960599876740003
-0.014700751152262485
-0.05574862341229728
-0.022122287774389404
-0.02475402363711567
-0.03445942079318139
-0.005863879973682146
-0.019960599876740003
-0.005863879973682146
-0.005863879973682146
0.011107104094550143
-0.028712717960125624
0.01632371022128232
-0.004103258973329145
-0.034180294824647364
-0.01801874307377193
-0.018912272015502708
-0.004103258973329145
-0.012817620463807836
-0.022122287774389404
-0.019960599876740003
-0.028712717960125624
-0.022122287774389404
0.004749559681804321
-0.014700751152262485
-0.004103258973329145
0.011107104094550143
-0.05574862341229728
-0.02475402363711567
-0.03445942079318139
-0.014700751152262485
-0.01801874307377193
-0.02744341911178034
-0.018912272015502708
-0.021121396761309863
-0.004103258973329145
-0.030081014371148147
-0.01801874307377193
-0.01981326738935103
-0.010536812228114874
-0.012817620463807836
-0.004103258973329145
-0.05574862341229728
-0.01801874307377193
-0.05574862341229728
0.004749559681804321
-0.021973360339404197
-0.030081014371148147
-0.018912272015502708
-0.05574862341229728
-0.034180294824647364
-0.02079920040145038
-0.014700751152262485
0.004749559681804321
-0.028712717960125624
-0.022122287774389404
-0.017854741731546785
-0.02475402363711567
0.004749559681804321
-0.022785440618950048
0.011107104094550143
-0.022122287774389404
0.011107104094550143
-0.014700751152262485
-0.018912272015502708
-0.022785440618950048
-0.01801469272103804
-0.021121396761309863
-0.012817620463807836
0.004749559681804321
-0.004103258973329145
0.01632371022128232
-0.01801874307377193
0.011107104094550143
-0.012817620463807836
-0.019960599876740003
-0.03445942079318139
-0.030081014371148147
-0.022785440618950048
-0.02744341911178034
-0.02475402363711567
-0.021973360339404197
-0.017854741731546785
-0.01981326738935103
-0.004103258973329145
-0.021121396761309863
-0.01801469272103804
-0.030081014371148147
-0.030081014371148147
-0.010536812228114874
-0.010536812228114874
-0.028712717960125624
-0.017854741731546785
-0.004103258973329145
-0.022785440618950048
-0.02079920040145038
-0.012817620463807836
-0.017854741731546785
0.004749559681804321
-0.022122287774389404
-0.017854741731546785
-0.005863879973682146
-0.02744341911178034
-0.021973360339404197
-0.022122287774389404
-0.005863879973682146
-0.014700751152262485
-0.030081014371148147
-0.05574862341229728
-0.02079920040145038
-0.004103258973329145
-0.004103258973329145
-0.019960599876740003
-0.022785440618950048
-0.02475402363711567
0.004749559681804321
-0.022122287774389404
0.01632371022128232
-0.021121396761309863
-0.02475402363711567
-0.022785440618950048
-0.030081014371148147
-0.021121396761309863
-0.01801469272103804
-0.028712717960125624
0.004749559681804321
-0.010536812228114874
-0.034180294824647364
-0.028712717960125624
-0.022785440618950048
-0.022785440618950048
-0.034180294824647364
-0.05574862341229728
0.004749559681804321
-0.019960599876740003
-0.018912272015502708
-0.022122287774389404
-0.020792821065647202
-0.030081014371148147
-0.018912272015502708
-0.030081014371148147
-0.018912272015502708
-0.01981326738935103
0.01632371022128232
-0.02475402363711567
-0.022122287774389404
-0.05574862341229728
-0.022785440618950048
-0.022122287774389404
-0.017854741731546785
-0.020792821065647202
0.004749559681804321
0.004749559681804321
-0.021121396761309863
-0.022122287774389404
-0.005863879973682146
-0.01981326738935103
-0.012817620463807836
-0.004103258973329145
0.004749559681804321
-0.018912272015502708
0.004749559681804321
-0.021121396761309863
-0.01981326738935103
-0.02744341911178034
-0.01801469272103804
-0.005863879973682146
-0.021121396761309863
-0.022785440618950048
-0.034180294824647364
-0.02079920040145038
-0.034180294824647364
-0.018912272015502708
-0.034180294824647364
-0.01801874307377193
-0.01801874307377193
-0.01801469272103804
-0.022785440618950048
-0.03445942079318139
-0.022785440618950048
-0.021973360339404197
-0.014700751152262485
-0.01801874307377193
-0.022785440618950048
0.004749559681804321
0.004749559681804321
-0.004103258973329145
-0.030081014371148147
-0.010536812228114874
-0.03445942079318139
-0.014700751152262485
-0.022785440618950048
-0.02744341911178034
-0.01801469272103804
-0.014700751152262485
-0.018912272015502708
-0.004103258973329145
-0.019960599876740003
-0.02079920040145038
-0.014700751152262485
-0.020792821065647202
0.011107104094550143
-0.010536812228114874
0.011107104094550143
-0.022122287774389404
-0.010536812228114874
-0.02744341911178034
-0.05574862341229728
-0.019960599876740003
-0.022122287774389404
0.011107104094550143
-0.02475402363711567
0.011107104094550143
-0.022785440618950048
-0.03445942079318139
-0.004103258973329145
-0.01981326738935103
-0.028712717960125624
-0.021121396761309863
-0.017854741731546785
-0.014700751152262485
0.004749559681804321
-0.022122287774389404
-0.004103258973329145
0.004749559681804321
-0.004103258973329145
0.004749559681804321
-0.004103258973329145
-0.005863879973682146
-0.01801469272103804
-0.01981326738935103
-0.01801469272103804
-0.02744341911178034
-0.020792821065647202
0.01632371022128232
-0.021973360339404197
-0.030081014371148147
-0.014700751152262485
-0.03445942079318139
-0.03445942079318139
-0.01801874307377193
-0.02079920040145038
-0.02475402363711567
-0.020792821065647202
-0.030081014371148147
-0.028712717960125624
-0.017854741731546785
-0.03445942079318139
-0.03445942079318139
-0.005863879973682146
0.004749559681804321
-0.01801874307377193
-0.05574862341229728
-0.021121396761309863
-0.010536812228114874
-0.019960599876740003
-0.01981326738935103
0.011107104094550143
-0.028712717960125624
-0.014700751152262485
-0.022122287774389404
-0.02079920040145038
-0.004103258973329145
-0.028712717960125624
-0.010536812228114874
-0.022122287774389404
-0.004103258973329145
-0.014700751152262485
-0.02744341911178034
-0.012817620463807836
-0.05574862341229728
-0.021121396761309863
-0.05574862341229728
-0.020792821065647202
-0.034180294824647364
-0.014700751152262485
-0.05574862341229728
0.004749559681804321
-0.012817620463807836
-0.03445942079318139
-0.02475402363711567
0.004749559681804321
-0.021121396761309863
0.011107104094550143
-0.028712717960125624
-0.012817620463807836
0.011107104094550143
-0.014700751152262485
