0.0034939277702837465
-0.012751936103309562
-0.010392686836356397
-0.017094583821237477
-0.014641056959471698
-0.014641056959471698
0.010390442854898136
0.004372498553754998
-0.01557267608333115
-0.010392686836356397
-0.00037920956515994026
-0.0065334230249994895
-0.012810044110979562
-0.005653275820537608
-0.009206003839958427
-0.009206003839958427
0.0034939277702837465
-0.013186803440263512
-0.017065033577322728
-0.005653275820537608
0.010390442854898136
-0.012810044110979562
-0.0009557877854970328
-0.009206003839958427
-0.0042832444247802234
-0.017325784351962546
-3.069015160778213e-05
-0.016809253689233673
-0.0010184122988797723
0.004372498553754998
-0.01027809284697348
-0.01557267608333115
-0.012276765673429484
-0.01557267608333115
-0.017325784351962546
-0.012751936103309562
-0.012751936103309562
-0.017094583821237477
-0.00037920956515994026
-0.014641056959471698
-0.009206003839958427
-0.0042832444247802234
-0.01557267608333115
-0.01557267608333115
-0.01557267608333115
-0.0009557877854970328
0.010390442854898136
-0.017094583821237477
-0.017065033577322728
0.004372498553754998
-3.069015160778213e-05
-0.017094583821237477
-0.002471834144466051
-0.01027809284697348
-0.012810044110979562
-0.014641056959471698
-0.005011019859586255
-0.00037920956515994026
-0.012810044110979562
-0.009913459800132097
-0.017094583821237477
-0.017094583821237477
-0.0065334230249994895
-0.010392686836356397
-0.017325784351962546
-0.005653275820537608
-0.0010184122988797723
-0.01027809284697348
-0.0042832444247802234
-0.012751936103309562
-0.0065334230249994895
0.004372498553754998
-0.002471834144466051
-0.013186803440263512
-0.009206003839958427
-0.017065033577322728
-0.017065033577322728
0.010390442854898136
0.004372498553754998
-3.069015160778213e-05
-0.014641056959471698
-0.005653275820537608
-0.012810044110979562
-0.005011019859586255
-0.0009557877854970328
-0.00037920956515994026
-0.017094583821237477
-0.0009557877854970328
-0.014641056959471698
-0.010392686836356397
0.0034939277702837465
-3.069015160778213e-05
-0.002471834144466051
-0.01027809284697348
-0.005011019859586255
-0.0065334230249994895
-0.005653275820537608
-0.0065334230249994895
-0.012751936103309562
-0.01027809284697348
-0.014641056959471698
0.0034939277702837465
-0.0065334230249994895
-0.01027809284697348
-0.0010184122988797723
-0.0009557877854970328
-0.012751936103309562
-0.01027809284697348
-0.014641056959471698
-0.013186803440263512
-0.012810044110979562
-0.012751936103309562
-0.016809253689233673
-0.010392686836356397
-0.010392686836356397
-0.012276765673429484
-0.0042832444247802234
-0.017325784351962546
0.004372498553754998
-0.014641056959471698
-0.017094583821237477
-0.017325784351962546
-0.017094583821237477
-0.0042832444247802234
-0.00037920956515994026
-0.0065334230249994895
-0.009913459800132097
-0.012276765673429484
-0.014641056959471698
-0.009913459800132097
-0.002471834144466051
-0.016809253689233673
-0.012276765673429484
0.010390442854898136
-0.010392686836356397
0.004372498553754998
-0.017094583821237477
-0.002471834144466051
-0.00037920956515994026
-0.005011019859586255
-0.013186803440263512
-0.012810044110979562
-0.009913459800132097
-3.069015160778213e-05
-0.009913459800132097
-0.014641056959471698
-0.014641056959471698
-0.00037920956515994026
-0.0009557877854970328
-0.014641056959471698
-0.01027809284697348
-0.0042832444247802234
-0.00037920956515994026
-0.0009557877854970328
0.004372498553754998
-0.013186803440263512
-0.017065033577322728
-0.0065334230249994895
-0.002471834144466051
-0.014304708774449244
-0.005011019859586255
-0.0010184122988797723
-0.005011019859586255
-0.009913459800132097
-0.01557267608333115
-0.012276765673429484
-0.017094583821237477
-0.014304708774449244
-0.017094583821237477
-0.005653275820537608
-0.01557267608333115
-0.0009557877854970328
-0.002471834144466051
-0.01557267608333115
-0.009206003839958427
-0.0010184122988797723
-0.016809253689233673
-0.009206003839958427
-0.009913459800132097
-0.014641056959471698
-0.009913459800132097
-0.005011019859586255
-0.016809253689233673
-0.012276765673429484
-0.0010184122988797723
-0.0010184122988797723
-0.01557267608333115
-0.0010184122988797723
-0.013186803440263512
-0.009913459800132097
-0.009206003839958427
-0.01027809284697348
-0.014641056959471698
0.0034939277702837465
-0.0009557877854970328
-0.017094583821237477
-0.0065334230249994895
-0.014641056959471698
-0.016809253689233673
-0.005011019859586255
-0.014304708774449244
-0.016809253689233673
-3.069015160778213e-05
-0.016809253689233673
-0.005011019859586255
-0.009206003839958427
-0.012276765673429484
-0.009206003839958427
-0.010392686836356397
-0.0009557877854970328
-3.069015160778213e-05
-0.012276765673429484
-3.069015160778213e-05
-0.014304708774449244
-0.010392686836356397
-0.01557267608333115
-0.017065033577322728
-0.0010184122988797723
-0.017094583821237477
-0.0065334230249994895
-3.069015160778213e-05
-0.005653275820537608
-0.010392686836356397
-0.016809253689233673
0.010390442854898136
-0.009206003839958427
-0.009206003839958427
-0.012751936103309562
0.004372498553754998
-0.00037920956515994026
-0.0010184122988797723
-0.014304708774449244
-0.012751936103309562
-0.005011019859586255
-0.005653275820537608
-0.012751936103309562
-3.069015160778213e-05
-0.017065033577322728
-0.014304708774449244
0.0034939277702837465
-0.009206003839958427
-0.009206003839958427
-0.014641056959471698
-0.00037920956515994026
-0.012751936103309562
-0.014641056959471698
-0.002471834144466051
0.0034939277702837465
-0.005653275820537608
-0.014641056959471698
-0.014304708774449244
-0.017325784351962546
-0.012810044110979562
-0.005011019859586255
-0.017094583821237477
-0.005011019859586255
-0.0010184122988797723
-0.01027809284697348
-0.002471834144466051
-0.014304708774449244
-0.005011019859586255
-0.017325784351962546
-0.012751936103309562
-0.0010184122988797723
-0.009913459800132097
-0.01557267608333115
-3.069015160778213e-05
-0.012810044110979562
-0.010392686836356397
-0.01557267608333115
-0.0009557877854970328
-0.01027809284697348
-0.010392686836356397
-0.014641056959471698
-0.014641056959471698
0.010390442854898136
0.004372498553754998
0.004372498553754998
0.004372498553754998
-0.012810044110979562
-0.014641056959471698
-0.0009557877854970328
-0.013186803440263512
-0.00037920956515994026
0.0034939277702837465
-0.014641056959471698
0.004372498553754998
-0.002471834144466051
-0.016809253689233673
0.010390442854898136
0.010390442854898136
-0.010392686836356397
-0.017065033577322728
0.0034939277702837465
-0.009913459800132097
-0.009913459800132097
-0.009206003839958427
-0.017065033577322728
-0.017325784351962546
-0.0010184122988797723
-0.0065334230249994895
-0.017094583821237477
-0.005011019859586255
-0.009913459800132097
-0.017325784351962546
-0.010392686836356397
-0.012276765673429484
-0.0010184122988797723
-0.017065033577322728
-0.0042832444247802234
-0.012276765673429484
-0.014641056959471698
-0.009206003839958427
-0.0010184122988797723
-0.01027809284697348
-0.0065334230249994895
-0.012276765673429484
-3.069015160778213e-05
-0.014641056959471698
0.010390442854898136
-0.014641056959471698
-0.00037920956515994026
-0.0042832444247802234
-0.017065033577322728
-0.00037920956515994026
-0.0042832444247802234
-0.01027809284697348
-0.009913459800132097
-0.017325784351962546
-0.017325784351962546
0.0034939277702837465
0.0034939277702837465
-0.010392686836356397
-0.009913459800132097
-0.012751936103309562
-0.010392686836356397
0.010390442854898136
0.010390442854898136
-0.005011019859586255
-0.014304708774449244
-0.0042832444247802234
-0.005653275820537608
0.010390442854898136
-0.00037920956515994026
-0.005011019859586255
-0.01557267608333115
-0.0042832444247802234
0.004372498553754998
-0.0009557877854970328
-0.010392686836356397
0.004372498553754998
-3.069015160778213e-05
-0.00037920956515994026
-0.017094583821237477
0.004372498553754998
-0.005011019859586255
-0.0042832444247802234
0.004372498553754998
-0.013186803440263512
-0.017094583821237477
-0.014304708774449244
-0.012276765673429484
-0.002471834144466051
-0.0065334230249994895
-0.009206003839958427
-0.01027809284697348
-0.014641056959471698
-0.01557267608333115
-0.0010184122988797723
-0.009206003839958427
-0.0009557877854970328
-0.012810044110979562
-0.017094583821237477
-0.01557267608333115
-0.0010184122988797723
0.010390442854898136
-0.012810044110979562
-0.016809253689233673
-0.013186803440263512
-0.0042832444247802234
-0.009206003839958427
-0.01027809284697348
-0.012810044110979562
-0.017094583821237477
-0.005011019859586255
-0.0065334230249994895
-3.069015160778213e-05
-0.017094583821237477
-0.002471834144466051
-0.0009557877854970328
-0.014304708774449244
-0.01027809284697348
-0.00037920956515994026
-0.0065334230249994895
-0.014304708774449244
-0.014641056959471698
-0.013186803440263512
-0.01557267608333115
0.010390442854898136
-0.0010184122988797723
-0.016809253689233673
-0.017325784351962546
-0.017094583821237477
-0.0010184122988797723
-0.012751936103309562
-0.012751936103309562
-0.010392686836356397
-0.005011019859586255
-0.0065334230249994895
0.010390442854898136
-0.016809253689233673
-0.013186803440263512
-0.002471834144466051
-0.01027809284697348
-0.0009557877854970328
-0.0042832444247802234
-0.01557267608333115
-0.014641056959471698
0.004372498553754998
-0.00037920956515994026
-0.010392686836356397
-0.009913459800132097
-0.01557267608333115
-0.010392686836356397
-0.013186803440263512
-0.005011019859586255
-0.012810044110979562
-0.00037920956515994026
-0.016809253689233673
-0.012810044110979562
-0.017065033577322728
-0.005653275820537608
-0.002471834144466051
-0.010392686836356397
-0.012276765673429484
-0.012276765673429484
-0.013186803440263512
-0.014641056959471698
-0.013186803440263512
-0.0042832444247802234
-0.002471834144466051
0.004372498553754998
0.0034939277702837465
-0.016809253689233673
-3.069015160778213e-05
-0.005653275820537608
-0.005653275820537608
0.010390442854898136
-0.0010184122988797723
-0.016809253689233673
-0.009206003839958427
0.010390442854898136
-0.012276765673429484
-0.009206003839958427
-0.014304708774449244
-0.009206003839958427
-0.012751936103309562
-3.069015160778213e-05
-0.0010184122988797723
-0.014641056959471698
-0.005653275820537608
-0.0042832444247802234
0.010390442854898136
-0.01027809284697348
-3.069015160778213e-05
-0.009913459800132097
-0.012276765673429484
-0.009206003839958427
-0.00037920956515994026
-0.016809253689233673
-0.012810044110979562
-0.009206003839958427
-0.0065334230249994895
-0.0065334230249994895
0.0034939277702837465
-0.0042832444247802234
-0.012810044110979562
-0.014304708774449244
-3.069015160778213e-05
-0.01027809284697348
-0.017065033577322728
-0.017325784351962546
-3.069015160778213e-05
-0.012810044110979562
-0.017065033577322728
-0.01557267608333115
-0.010392686836356397
-0.012810044110979562
-0.01557267608333115
-0.014304708774449244
-0.014304708774449244
0.010390442854898136
0.004372498553754998
-0.0042832444247802234
0.004372498553754998
-0.014304708774449244
-0.017094583821237477
-0.01557267608333115
-0.009206003839958427
-0.0065334230249994895
-0.0042832444247802234
-0.01027809284697348
-0.010392686836356397
-0.012276765673429484
-0.014641056959471698
-0.002471834144466051
-0.017065033577322728
-0.01027809284697348
-0.0065334230249994895
-0.0065334230249994895
-0.012276765673429484
-0.012276765673429484
-0.012751936103309562
-0.002471834144466051
-0.016809253689233673
-0.0010184122988797723
-0.005011019859586255
-0.01027809284697348
-0.005653275820537608
0.004372498553754998
-0.012751936103309562
-0.014641056959471698
-0.01557267608333115
0.0034939277702837465
-0.00037920956515994026
-0.0042832444247802234
-0.002471834144466051
-0.009913459800132097
-0.017065033577322728
-0.005011019859586255
-0.014641056959471698
0.0034939277702837465
-0.0065334230249994895
-0.013186803440263512
-0.017065033577322728
-0.0042832444247802234
-0.017094583821237477
0.010390442854898136
-0.009206003839958427
-0.013186803440263512
-0.0065334230249994895
-0.014641056959471698
-0.017325784351962546
-0.005653275820537608
-0.014641056959471698
-0.009913459800132097
-3.069015160778213e-05
-0.0010184122988797723
-0.017065033577322728
-0.0065334230249994895
-0.013186803440263512
-0.017094583821237477
-0.009206003839958427
-0.016809253689233673
-0.01557267608333115
0.004372498553754998
-0.010392686836356397
-0.017325784351962546
-0.017065033577322728
0.010390442854898136
-0.0010184122988797723
-0.014304708774449244
-0.01027809284697348
0.010390442854898136
-0.014641056959471698
-0.010392686836356397
0.0034939277702837465
-0.014641056959471698
-0.005653275820537608
-0.01027809284697348
0.010390442854898136
-0.01557267608333115
-0.017094583821237477
-0.017325784351962546
-0.005011019859586255
0.004372498553754998
-0.01557267608333115
0.010390442854898136
-0.010392686836356397
-0.017325784351962546
-0.0010184122988797723
-0.005011019859586255
-0.0009557877854970328
-0.017094583821237477
-0.0010184122988797723
-0.01557267608333115
-0.005653275820537608
-3.069015160778213e-05
-0.002471834144466051
-0.01557267608333115
-0.009913459800132097
-0.012810044110979562
-0.017094583821237477
-0.01557267608333115
-0.013186803440263512
-0.0009557877854970328
-0.017094583821237477
-0.01557267608333115
-0.005653275820537608
-0.017065033577322728
0.0034939277702837465
-3.069015160778213e-05
-0.00037920956515994026
-0.016809253689233673
0.004372498553754998
-0.0065334230249994895
-3.069015160778213e-05
-0.0042832444247802234
-0.014641056959471698
-0.009913459800132097
-0.01027809284697348
-0.016809253689233673
-3.069015160778213e-05
-0.012751936103309562
-0.012810044110979562
-0.0065334230249994895
0.004372498553754998
-0.0065334230249994895
-0.0042832444247802234
-0.00037920956515994026
-0.016809253689233673
-0.016809253689233673
-0.012810044110979562
-0.009913459800132097
-0.014641056959471698
0.004372498553754998
-0.013186803440263512
-0.012810044110979562
-0.013186803440263512
-0.014304708774449244
-0.014304708774449244
0.0034939277702837465
-0.012751936103309562
-0.009913459800132097
-0.013186803440263512
-0.01557267608333115
-0.005653275820537608
-0.0009557877854970328
-0.012276765673429484
-0.012751936103309562
-0.013186803440263512
-0.0010184122988797723
-0.017094583821237477
-0.002471834144466051
-0.005011019859586255
-0.016809253689233673
0.010390442854898136
-0.005653275820537608
-0.016809253689233673
-0.010392686836356397
-0.012751936103309562
0.004372498553754998
-0.005653275820537608
-0.010392686836356397
-0.005011019859586255
-0.00037920956515994026
0.010390442854898136
-0.017065033577322728
0.004372498553754998
-0.009913459800132097
-0.00037920956515994026
-0.0009557877854970328
-0.017325784351962546
-0.014304708774449244
-0.0065334230249994895
-0.00037920956515994026
-0.0009557877854970328
-0.00037920956515994026
-0.017065033577322728
0.0034939277702837465
-0.017094583821237477
0.004372498553754998
-0.012276765673429484
-0.009913459800132097
-0.0010184122988797723
-0.01557267608333115
-0.002471834144466051
-0.012276765673429484
-0.013186803440263512
-0.009206003839958427
-0.009206003839958427
-0.017065033577322728
-0.017094583821237477
-0.017325784351962546
-0.009206003839958427
-0.009913459800132097
-0.012751936103309562
-0.014641056959471698
-0.0009557877854970328
-0.017325784351962546
-0.005011019859586255
-0.01557267608333115
-0.009206003839958427
-0.005653275820537608
-0.01027809284697348
-0.005653275820537608
-0.01557267608333115
-0.005653275820537608
-0.009913459800132097
-0.005653275820537608
-0.017325784351962546
-0.017325784351962546
-0.016809253689233673
0.004372498553754998
-0.0065334230249994895
-0.014304708774449244
-0.016809253689233673
-0.010392686836356397
-0.0042832444247802234
-0.014641056959471698
-0.016809253689233673
-0.01557267608333115
-0.013186803440263512
-0.0010184122988797723
-3.069015160778213e-05
-0.010392686836356397
-0.016809253689233673
-0.017325784351962546
-0.014304708774449244
-0.012276765673429484
-3.069015160778213e-05
-0.0009557877854970328
-0.012810044110979562
-0.017325784351962546
-0.017065033577322728
-0.017325784351962546
-0.005653275820537608
0.0034939277702837465
-0.013186803440263512
-0.002471834144466051
-0.014304708774449244
-0.0009557877854970328
-0.0010184122988797723
0.010390442854898136
-0.016809253689233673
-0.017325784351962546
-0.012751936103309562
-0.002471834144466051
-0.014641056959471698
-0.002471834144466051
-0.00037920956515994026
-3.069015160778213e-05
-3.069015160778213e-05
-0.014641056959471698
-0.0009557877854970328
-0.00037920956515994026
-0.017325784351962546
-0.013186803440263512
-0.0065334230249994895
-0.0042832444247802234
-0.017325784351962546
-0.009206003839958427
-0.014641056959471698
-0.017325784351962546
-0.0010184122988797723
-0.0065334230249994895
-0.013186803440263512
-0.0042832444247802234
-0.012810044110979562
-0.009206003839958427
-0.017065033577322728
-0.00037920956515994026
-0.017065033577322728
-0.0009557877854970328
-0.0042832444247802234
0.010390442854898136
-0.010392686836356397
-0.005011019859586255
-0.0009557877854970328
-0.012276765673429484
-0.01027809284697348
-0.017065033577322728
-0.0042832444247802234
0.0034939277702837465
-0.014304708774449244
-0.0009557877854970328
-0.014304708774449244
-0.017094583821237477
-0.009913459800132097
-0.01557267608333115
-0.012810044110979562
-3.069015160778213e-05
-0.0009557877854970328
-0.00037920956515994026
-0.005011019859586255
-0.01027809284697348
0.004372498553754998
-0.0009557877854970328
-0.017094583821237477
0.0034939277702837465
-0.014304708774449244
0.004372498553754998
-0.00037920956515994026
-0.0065334230249994895
0.010390442854898136
-0.014641056959471698
-0.012276765673429484
0.0034939277702837465
-0.017325784351962546
-0.01027809284697348
-0.016809253689233673
-0.012276765673429484
-0.016809253689233673
-0.00037920956515994026
-0.01557267608333115
-0.0042832444247802234
0.010390442854898136
-0.013186803440263512
-0.0042832444247802234
-0.0009557877854970328
-0.014641056959471698
-0.002471834144466051
-0.01027809284697348
-0.002471834144466051
-0.017065033577322728
-0.012810044110979562
-0.01027809284697348
-0.012276765673429484
-0.002471834144466051
-0.00037920956515994026
-0.013186803440263512
-0.012810044110979562
-0.01027809284697348
-0.012276765673429484
-0.009913459800132097
-0.005653275820537608
0.004372498553754998
-0.009913459800132097
-0.01027809284697348
0.0034939277702837465
0.004372498553754998
-3.069015160778213e-05
-0.010392686836356397
-0.0065334230249994895
-0.013186803440263512
-0.0065334230249994895
0.004372498553754998
-0.002471834144466051
0.0034939277702837465
-0.0010184122988797723
-0.017065033577322728
-0.017325784351962546
0.010390442854898136
-0.017094583821237477
-0.013186803440263512
-0.017065033577322728
-0.013186803440263512
-0.014641056959471698
-3.069015160778213e-05
-0.00037920956515994026
-0.009206003839958427
-0.00037920956515994026
-0.01027809284697348
-0.0010184122988797723
-0.00037920956515994026
-3.069015160778213e-05
-0.009206003839958427
0.010390442854898136
-0.002471834144466051
-0.009206003839958427
-0.00037920956515994026
-0.014641056959471698
0.0034939277702837465
-0.01557267608333115
-0.016809253689233673
-0.014304708774449244
-0.017094583821237477
-0.002471834144466051
-0.014641056959471698
-0.005653275820537608
-0.014641056959471698
-3.069015160778213e-05
-0.005653275820537608
-0.01557267608333115
-0.009913459800132097
-0.00037920956515994026
-0.00037920956515994026
-0.005653275820537608
-0.01027809284697348
-0.005011019859586255
-0.014304708774449244
-0.017094583821237477
-0.0065334230249994895
-0.016809253689233673
0.004372498553754998
-0.009913459800132097
-0.017065033577322728
0.0034939277702837465
-0.012751936103309562
-0.014304708774449244
-0.017065033577322728
-0.012810044110979562
0.0034939277702837465
-0.017325784351962546
-0.005653275820537608
-0.017065033577322728
-0.002471834144466051
-0.005653275820537608
-0.005653275820537608
-0.005653275820537608
-0.005653275820537608
-0.005011019859586255
-0.00037920956515994026
-0.010392686836356397
-0.00037920956515994026
-0.00037920956515994026
-0.01557267608333115
-0.009913459800132097
0.0034939277702837465
0.004372498553754998
-0.01557267608333115
-0.0010184122988797723
-0.017325784351962546
-0.01027809284697348
-0.010392686836356397
-0.005011019859586255
-0.017065033577322728
-0.005011019859586255
-0.012751936103309562
0.0034939277702837465
-0.012751936103309562
0.0034939277702837465
-0.010392686836356397
-0.009206003839958427
-0.00037920956515994026
-3.069015160778213e-05
-0.016809253689233673
0.0034939277702837465
0.004372498553754998
-0.010392686836356397
-0.005653275820537608
-0.0065334230249994895
-0.012276765673429484
-0.0010184122988797723
-0.013186803440263512
-0.017325784351962546
-0.012751936103309562
-0.017325784351962546
-0.017325784351962546
-0.0042832444247802234
-0.017094583821237477
-0.012276765673429484
-0.012276765673429484
-0.017094583821237477
-0.002471834144466051
0.0034939277702837465
-0.017094583821237477
-0.013186803440263512
0.010390442854898136
-0.014304708774449244
-0.01557267608333115
-0.017325784351962546
-0.0065334230249994895
-0.01557267608333115
-0.0065334230249994895
-0.017325784351962546
0.0034939277702837465
-0.013186803440263512
-0.0042832444247802234
-0.01557267608333115
0.0034939277702837465
-0.005653275820537608
0.010390442854898136
-0.01027809284697348
-0.012276765673429484
-0.017094583821237477
-0.012810044110979562
-0.012751936103309562
-0.002471834144466051
-0.014641056959471698
-0.014641056959471698
-0.012276765673429484
-0.012276765673429484
0.004372498553754998
-0.01027809284697348
-0.01027809284697348
-0.017325784351962546
-0.009206003839958427
-0.009206003839958427
-0.012276765673429484
-0.0042832444247802234
-0.010392686836356397
-3.069015160778213e-05
0.004372498553754998
0.0034939277702837465
-0.012751936103309562
-0.005653275820537608
-0.0009557877854970328
-0.017065033577322728
-0.0065334230249994895
-0.012276765673429484
-0.0065334230249994895
0.010390442854898136
-0.012810044110979562
-0.0009557877854970328
0.010390442854898136
-0.014304708774449244
-0.009913459800132097
-0.014304708774449244
-0.012276765673429484
