-0.03683476101856111
-0.027477885239088402
0.0035578762971453914
-0.024916930057227924
-0.013285089075002617
-0.03683476101856111
-0.041607537091405564
-0.024408506963869304
0.005161236194685087
0.008823219128801105
-0.04449597989154181
-0.01881930587536849
-0.025652738479469434
-0.009756151856338158
0.007878159063213978
-0.019514164681666963
-0.007715687683918873
-0.04079283337274606
-0.02278960677683358
-0.024473939164962197
-0.0038626371221039814
-0.0010982634680298045
-0.0068717127782607626
-0.00031981259608162226
-0.031723934111978984
-0.03102544159173366
0.020218012923093956
-0.014894677049820794
-0.010673345326742915
0.028811344778955333
0.007453741961649123
-0.007579958863461104
0.007453741961649123
-0.024473939164962197
-0.022283251781123257
-0.01760699338057042
-0.01028349397152679
-0.02278960677683358
-0.01792463234361618
-0.04449597989154181
-0.00790265948342932
-0.014545697846259318
-0.003199195448570393
-0.00020511894635184808
-0.007579958863461104
-0.01028349397152679
-0.001172659474233109
-0.019514164681666963
0.009330693696674008
-0.028241774848479166
-0.034725578893793345
-0.031723934111978984
-0.024916930057227924
-0.024916930057227924
-0.009756151856338158
-0.032733350197189634
-0.023322278366731994
-0.014894677049820794
-0.0022836552082570578
-0.011607532363582274
-0.03824154092330823
0.018231970400249355
-0.05804037140631645
-0.03607760960606649
-0.0173037590035333
-0.01028349397152679
-0.014545697846259318
0.007453741961649123
-0.028053922625994092
-0.022283251781123257
-0.00031981259608162226
-0.0024812919319675626
-0.020537366890233295
0.018231970400249355
-0.0008953556520175025
-0.031723934111978984
-0.024442313965931255
-0.011624554755935651
-0.017577507798603998
-0.024916930057227924
-0.013285089075002617
-0.014894677049820794
-0.024916930057227924
-0.007715687683918873
-0.02450602414659747
-0.0022836552082570578
-0.017975418717623436
-0.029598647365261223
-0.009756151856338158
-0.010006926261938467
-0.010006926261938467
-0.0044179321322675505
-0.012811512233098152
-0.01602546962017921
-0.020537366890233295
-0.04765072717505779
-0.014524935937597207
0.007878159063213978
-0.00790265948342932
-0.058831061827226964
0.0021176913136638207
-0.007252917095340374
-0.015734167241213053
0.005658535943390995
-0.04765072717505779
-0.00031981259608162226
-0.025652738479469434
-0.0028270788890669054
-0.0026189241517441163
0.01174377859876929
0.007743356110563563
-0.01894695131873052
-0.043360972798646744
-0.011422360352770528
-0.01894695131873052
-0.007252917095340374
-0.0022836552082570578
-0.0219659406730928
-0.004355224534944796
-0.03468140839045053
-0.001172659474233109
0.0021176913136638207
-0.00031981259608162226
-0.02228504708883102
0.018231970400249355
0.017029512717553704
-0.016423099788884614
-0.021274955474708722
-0.0008953556520175025
0.01871818630296747
-0.011607532363582274
-0.031723934111978984
0.015635401563250613
0.017029512717553704
-0.022283251781123257
0.014449367066659162
0.0342464806987618
0.014449367066659162
-0.00031981259608162226
-0.016330873171707005
-0.01665547901453464
-0.024473939164962197
-0.041607537091405564
-0.03638796595858149
-0.018167510382349383
0.018231970400249355
0.04923997162768763
-0.006851566030533603
-0.016330873171707005
-0.021274955474708722
-0.009636549731912103
-0.002770237842606115
0.00773022132171605
0.015635401563250613
0.03272892087396725
-0.007252917095340374
-0.030157796068108457
0.0021176913136638207
0.005658535943390995
0.020296662387611564
-0.02450602414659747
-0.0029005289486438773
0.03272892087396725
-0.04171510327711697
-0.0013371225782825087
-0.014545697846259318
-0.014524935937597207
-0.03202261059226103
0.005744874991711073
0.014449367066659162
-0.01763718007493875
-0.009636549731912103
-0.014894677049820794
-0.058374918013648955
-0.03316827752146192
0.005744874991711073
-0.00801697982216074
-0.00790265948342932
0.00773022132171605
-0.019514164681666963
0.00769683240207752
-0.017760035796572857
-0.034725578893793345
-0.007579958863461104
-0.023322278366731994
-0.03500801402018214
-0.032733350197189634
-0.028241774848479166
0.007453741961649123
-0.03607760960606649
-0.03242194456993164
-0.0029005289486438773
-0.011422360352770528
-0.017760035796572857
-0.01726931833091014
-0.02228504708883102
0.00773022132171605
0.01174377859876929
-0.03242194456993164
-0.0024812919319675626
-0.03607760960606649
-0.034725578893793345
-0.018167510382349383
-0.007715687683918873
-0.01971512753602855
-0.030157796068108457
-0.016585060838183837
-0.028053922625994092
0.00261469141497112
-0.010673345326742915
-0.016549139011768806
0.00261469141497112
-0.016423099788884614
-0.025652738479469434
-0.031723934111978984
-0.04191815617409534
-0.041607537091405564
-0.010011497877480785
0.008324862406093906
-0.034725578893793345
-0.016775132082021603
-0.02450602414659747
0.005744874991711073
-0.012830067867796557
-0.024442313965931255
-0.017975418717623436
0.014375401130191517
0.028811344778955333
-0.0028270788890669054
-0.016585060838183837
0.0015349540198010434
-0.012811512233098152
-0.014019843350442237
-0.024344485911153593
-0.025103302072066548
0.009330693696674008
-0.002770237842606115
-0.015641600957729377
-0.014894677049820794
-0.028044801639701657
-0.00790265948342932
0.00261469141497112
-0.018167510382349383
0.007743356110563563
0.000555710962913578
-0.01894695131873052
0.009330693696674008
-0.014545697846259318
-0.010872782480443951
-0.01672438222308313
-0.011299815192884494
0.04923997162768763
-0.02134472751613023
-0.0219659406730928
-0.01672438222308313
-0.03822679425855346
-0.014595880771620816
-0.012912952421606916
-0.01763718007493875
-0.007579958863461104
0.000555710962913578
-0.011986995391781453
-0.06081559334119634
-0.027477885239088402
0.03272892087396725
-0.0044179321322675505
-0.010872782480443951
-0.01770780966366454
-0.034725578893793345
0.007453741961649123
-0.032733350197189634
-0.028053922625994092
-0.020266721395769363
-0.034725578893793345
-0.058374918013648955
-0.0024812919319675626
-0.010006926261938467
0.007453741961649123
-0.010673345326742915
-0.058374918013648955
0.008324862406093906
-0.011422360352770528
-0.02597607698656087
0.020296662387611564
-0.034725578893793345
-0.024473939164962197
-0.0008953556520175025
-0.05127640851458822
-0.06081559334119634
-0.009756151856338158
-0.01971512753602855
-0.023322278366731994
0.01871818630296747
-0.029598647365261223
-0.0038626371221039814
-0.04829342920000665
-0.027477885239088402
-0.03500801402018214
-0.040341006872052776
-0.01665547901453464
-0.006851566030533603
-0.002114081624013246
-0.003199195448570393
-0.0028270788890669054
-0.029598647365261223
-0.012912952421606916
0.01174377859876929
-0.020537366890233295
-0.016585060838183837
0.018231970400249355
-0.011624554755935651
-0.04765072717505779
-0.013382608683574342
-0.028053922625994092
-0.012912952421606916
0.013047859457637891
-0.010657361153572081
-0.00031981259608162226
-0.004864985818236405
-0.024473939164962197
-0.03824154092330823
-0.014299584369495954
0.002448756768486219
-0.034725578893793345
-0.03242194456993164
-0.010872782480443951
-0.012472403703699389
-0.00258964455229692
-0.017975418717623436
0.003984200765512286
-0.0028270788890669054
-0.01763718007493875
-0.024344485911153593
0.010116965726668386
0.015635401563250613
-0.0024812919319675626
-0.028053922625994092
-0.0044179321322675505
-0.01881930587536849
-0.014299584369495954
-0.016549139011768806
-0.020537366890233295
-0.012811512233098152
-0.024442313965931255
-0.016423099788884614
-0.018167510382349383
0.007453741961649123
0.0021176913136638207
0.009330693696674008
-0.010872782480443951
-0.011986995391781453
0.028811344778955333
-0.04449597989154181
-0.02228504708883102
-0.00801697982216074
-0.027477885239088402
-0.01665547901453464
0.008324862406093906
-0.011607532363582274
-0.032733350197189634
-0.05127640851458822
-0.014524935937597207
-0.009882088531388876
-0.040341006872052776
-0.017985296535990822
-0.005288742808614315
-0.012830067867796557
-0.024442313965931255
-0.017985296535990822
-0.009756151856338158
0.020218012923093956
-0.015575097115100281
-0.017760035796572857
0.011380409769210719
0.003984200765512286
-0.02228504708883102
-0.0044179321322675505
-0.04765072717505779
0.00261469141497112
-0.01792463234361618
0.0009374120855236418
-0.058374918013648955
-0.024408506963869304
-0.028053922625994092
-0.058374918013648955
-0.01665547901453464
-0.01672438222308313
-0.017760035796572857
-0.0010982634680298045
-0.0068717127782607626
-0.01760699338057042
0.018231970400249355
-0.011624554755935651
-0.00790265948342932
-0.06081559334119634
-0.024126364473428905
-0.010673345326742915
-0.03316827752146192
-0.01763718007493875
-0.042036644976485286
-0.01763718007493875
0.017029512717553704
-0.029598647365261223
-0.0022836552082570578
-0.01970970935072141
-0.01971512753602855
-0.01665547901453464
-0.009882088531388876
-0.028044801639701657
-0.058374918013648955
-0.004355224534944796
-0.029123184490479632
-0.00258964455229692
0.0009374120855236418
-0.024408506963869304
-0.01971512753602855
-0.01894695131873052
0.0035578762971453914
-0.0068717127782607626
-0.004555213062126647
-0.010011497877480785
-0.04079283337274606
-0.007252917095340374
-0.017985296535990822
0.024916566791922754
-0.004355224534944796
-0.03468140839045053
-0.0010982634680298045
-0.05804037140631645
-0.05127640851458822
-0.0038626371221039814
-0.009882088531388876
0.018231970400249355
-0.010673345326742915
-0.041607537091405564
-0.011624554755935651
-0.06081559334119634
-0.015319463276248653
-0.011422360352770528
-0.024442313965931255
-0.024442313965931255
-0.010006926261938467
-0.020537366890233295
0.002448756768486219
-0.016423099788884614
0.00261469141497112
-0.027477885239088402
-0.02228504708883102
0.017029512717553704
-0.034725578893793345
-0.03102544159173366
-0.03316827752146192
-0.006851566030533603
-0.01894695131873052
0.010116965726668386
-0.014286674713812465
-0.0010982634680298045
-0.025652738479469434
-0.015641600957729377
-0.020537366890233295
0.00773022132171605
-0.024408506963869304
-0.013627175535494241
-0.030366717309365118
-0.007579958863461104
-0.010657361153572081
0.005867629971288553
-0.017577507798603998
-0.015641600957729377
-0.03202261059226103
-0.017975418717623436
0.014375401130191517
0.00773022132171605
-0.032733350197189634
-0.01970970935072141
-0.015319463276248653
-0.024344485911153593
-0.015641600957729377
-0.03824154092330823
-0.028053922625994092
-0.034725578893793345
0.018231970400249355
-0.0010982634680298045
0.011380409769210719
-0.022283251781123257
-0.028044801639701657
-0.04191815617409534
-0.03824154092330823
0.01174377859876929
-0.029123184490479632
-0.03500801402018214
0.014375401130191517
-0.015319463276248653
-0.01672438222308313
-0.012472403703699389
0.00829484785723746
0.008324862406093906
-0.005288742808614315
-0.028241774848479166
-0.02228504708883102
0.00261469141497112
-0.029299109161596736
-0.016585060838183837
-0.016330873171707005
-0.02450602414659747
-0.034725578893793345
-0.025652738479469434
-0.03824154092330823
0.002114639965860597
-0.023322278366731994
-0.01726931833091014
-0.0010982634680298045
-0.02278960677683358
-0.04449597989154181
0.00773022132171605
0.008324862406093906
-0.014524935937597207
-0.028053922625994092
-0.01602546962017921
-0.03607760960606649
-0.058831061827226964
-0.017760035796572857
-0.03607760960606649
-0.009882088531388876
-0.01672438222308313
-0.014524935937597207
-0.01770780966366454
-0.015641600957729377
-0.016330873171707005
-0.014524935937597207
0.008324862406093906
-0.016775132082021603
-0.004555213062126647
-0.03683476101856111
-0.028044801639701657
-0.015575097115100281
-0.009882088531388876
-0.01602546962017921
0.009330693696674008
-0.012472403703699389
-0.0038626371221039814
0.00773022132171605
-0.02228504708883102
-0.05804037140631645
-0.00020511894635184808
0.00769683240207752
-0.012472403703699389
0.0021176913136638207
0.028811344778955333
-0.01792463234361618
-0.006851566030533603
-0.002114081624013246
-0.018167510382349383
-0.024344485911153593
0.008823219128801105
-0.002114081624013246
-0.024442313965931255
-0.04765072717505779
-0.031723934111978984
-0.011607532363582274
-0.0068717127782607626
-0.004355224534944796
0.0342464806987618
0.000555710962913578
-0.007579958863461104
0.024916566791922754
0.005744874991711073
-0.0024812919319675626
-0.011607532363582274
-0.025652738479469434
0.04923997162768763
-0.015734167241213053
-0.011607532363582274
-0.03822679425855346
-0.024442313965931255
0.0009374120855236418
0.017029512717553704
-0.017760035796572857
-0.024408506963869304
-0.011624554755935651
-0.04449597989154181
-0.009756151856338158
-0.024408506963869304
0.005744874991711073
0.009330693696674008
-0.028044801639701657
-0.0020485955439692675
-0.01672438222308313
0.002114639965860597
0.007453741961649123
-0.04079283337274606
-0.012811512233098152
-0.015319463276248653
-0.00801697982216074
-0.058374918013648955
-0.031723934111978984
-0.007579958863461104
-0.031927254339362915
0.002114639965860597
-0.00031981259608162226
-0.034725578893793345
-0.03202261059226103
-0.01970970935072141
-0.030366717309365118
-0.03638796595858149
-0.029123184490479632
-0.022283251781123257
0.002448756768486219
-0.01970970935072141
0.00829484785723746
-0.012472403703699389
-0.011299815192884494
-0.041607537091405564
0.010116965726668386
-0.03638796595858149
-0.04191815617409534
-0.015575097115100281
0.008823219128801105
-0.0028270788890669054
-0.013627175535494241
-0.016549139011768806
-0.058831061827226964
0.00261469141497112
-0.016775132082021603
0.014375401130191517
-0.04765072717505779
-0.012811512233098152
-0.005288742808614315
-0.0068717127782607626
0.008823219128801105
-0.034725578893793345
0.018231970400249355
-0.029299109161596736
-0.014299584369495954
-0.00801697982216074
0.00773022132171605
-0.011299815192884494
-0.02597607698656087
-0.01881930587536849
-0.03316827752146192
-0.024408506963869304
-0.02278960677683358
-0.006851566030533603
-0.030366717309365118
-0.025103302072066548
-0.011624554755935651
-0.05804037140631645
-0.04829342920000665
-0.016585060838183837
-0.028044801639701657
-0.043360972798646744
-0.007579958863461104
-0.03102544159173366
0.007878159063213978
-0.02278960677683358
-0.001172659474233109
-0.007579958863461104
0.008823219128801105
0.005658535943390995
-0.01760699338057042
-0.058374918013648955
-0.05804037140631645
-0.029598647365261223
-0.02134472751613023
-0.003199195448570393
-0.028053922625994092
-0.01028349397152679
-0.007252917095340374
-0.020266721395769363
-0.01730494326106714
0.000555710962913578
-0.012830067867796557
-0.00258964455229692
0.00829484785723746
-0.009935954846442106
-0.017975418717623436
-0.0010982634680298045
-0.004355224534944796
-0.030366717309365118
-0.0024812919319675626
-0.0173037590035333
-0.013627175535494241
-0.025103302072066548
-0.009935954846442106
0.020296662387611564
-0.007579958863461104
-0.025103302072066548
-0.041607537091405564
-0.009882088531388876
-0.01028349397152679
-0.02450602414659747
0.0342464806987618
0.04923997162768763
0.017029512717553704
-0.02597607698656087
-0.007579958863461104
0.00261469141497112
-0.0008953556520175025
0.005867629971288553
-0.03607760960606649
-0.04449597989154181
-0.0028270788890669054
0.014375401130191517
-0.00031981259608162226
0.002114639965860597
0.0021176913136638207
0.020218012923093956
-0.04829342920000665
0.017029512717553704
-0.024344485911153593
-0.01602546962017921
0.005867629971288553
-0.040341006872052776
0.005658535943390995
0.005658535943390995
-0.009636549731912103
0.0021176913136638207
-0.027477885239088402
-0.013627175535494241
-0.034725578893793345
-0.02134472751613023
-0.01028349397152679
0.00829484785723746
-0.01763718007493875
-0.002114081624013246
-0.014894677049820794
-0.01602546962017921
-0.0022836552082570578
-0.01763718007493875
-0.06081559334119634
-0.04079283337274606
-0.01792463234361618
0.01174377859876929
-0.05127640851458822
-0.041607537091405564
-0.029123184490479632
-0.031927254339362915
-0.01792463234361618
0.005867629971288553
0.007878159063213978
-0.014299584369495954
-0.014894677049820794
0.04923997162768763
0.00769683240207752
-0.007579958863461104
0.0015349540198010434
-0.014545697846259318
0.010116965726668386
-0.004555213062126647
-0.0020485955439692675
-0.028053922625994092
-0.011422360352770528
-0.011607532363582274
-0.014286674713812465
0.008823219128801105
-0.034725578893793345
-0.016549139011768806
-0.006851566030533603
-0.0029005289486438773
-0.020537366890233295
-0.014894677049820794
-0.024916930057227924
0.008324862406093906
-0.015319463276248653
-0.016585060838183837
-0.0068717127782607626
-0.014545697846259318
-0.011624554755935651
0.000555710962913578
-0.013285089075002617
-0.01602546962017921
-0.0219659406730928
-0.03822679425855346
-0.0020485955439692675
-0.027477885239088402
-0.00801697982216074
0.028811344778955333
0.020218012923093956
-0.025103302072066548
-0.01770780966366454
-0.015575097115100281
-0.010872782480443951
0.007878159063213978
-0.015641600957729377
-0.014545697846259318
-0.03824154092330823
-0.03822679425855346
-0.0026189241517441163
0.028811344778955333
-0.002770237842606115
-0.03638796595858149
-0.02597607698656087
-0.017760035796572857
-0.027477885239088402
-0.024344485911153593
-0.028044801639701657
-0.011624554755935651
-0.004555213062126647
-0.001172659474233109
0.008823219128801105
0.00769683240207752
-0.012472403703699389
0.010116965726668386
-0.01602546962017921
-0.028044801639701657
-0.0013371225782825087
-0.024916930057227924
-0.009882088531388876
-0.01028349397152679
-0.005288742808614315
-0.012912952421606916
-0.012830067867796557
-0.006851566030533603
-0.03316827752146192
0.020296662387611564
-0.01028349397152679
-0.00020511894635184808
-0.0013371225782825087
-0.040341006872052776
0.0035578762971453914
0.01174377859876929
-0.0038626371221039814
-0.0068717127782607626
0.0015349540198010434
-0.04079283337274606
-0.025652738479469434
-0.009935954846442106
0.0342464806987618
-0.0024812919319675626
-0.009756151856338158
-0.014286674713812465
-0.007252917095340374
0.01871818630296747
-0.01881930587536849
0.002114639965860597
-0.019514164681666963
-0.027477885239088402
-0.028053922625994092
-0.017975418717623436
-0.012830067867796557
0.017029512717553704
-0.0020485955439692675
-0.024916930057227924
0.0021176913136638207
-0.032733350197189634
0.002448756768486219
-0.0173037590035333
-0.01602546962017921
-0.01881930587536849
-0.029299109161596736
-0.04449597989154181
-0.014286674713812465
-0.04171510327711697
0.002114639965860597
-0.058831061827226964
0.009330693696674008
0.028811344778955333
0.0021176913136638207
-0.014595880771620816
-0.014299584369495954
-0.01730494326106714
-0.003199195448570393
0.007453741961649123
-0.001172659474233109
0.003984200765512286
-0.04765072717505779
-0.013285089075002617
-0.021274955474708722
0.008823219128801105
-0.024408506963869304
-0.024442313965931255
-0.04449597989154181
0.007453741961649123
0.014375401130191517
-0.0044179321322675505
-0.01726931833091014
-0.012472403703699389
-0.014545697846259318
-0.004555213062126647
-0.0068717127782607626
-0.014524935937597207
-0.011986995391781453
-0.015319463276248653
0.017029512717553704
-0.004355224534944796
-0.029598647365261223
-0.002770237842606115
-0.014595880771620816
-0.024344485911153593
-0.010673345326742915
-0.004555213062126647
-0.00031981259608162226
-0.00790265948342932
-0.05804037140631645
-0.02597607698656087
-0.020537366890233295
-0.017760035796572857
-0.014019843350442237
-0.028053922625994092
-0.03822679425855346
-0.029123184490479632
-0.02575731893164768
0.00829484785723746
-0.002770237842606115
-0.030366717309365118
-0.015734167241213053
-0.017985296535990822
-0.0013371225782825087
-0.014299584369495954
-0.00790265948342932
-0.02278960677683358
-0.013627175535494241
0.000555710962913578
-0.04765072717505779
-0.0044179321322675505
-0.024442313965931255
0.005161236194685087
-0.01672438222308313
-0.010657361153572081
0.018231970400249355
-0.01665547901453464
0.010116965726668386
-0.010657361153572081
-0.04829342920000665
-0.02134472751613023
-0.03638796595858149
-0.012912952421606916
0.018231970400249355
-0.007252917095340374
-0.014595880771620816
-0.031927254339362915
-0.0038626371221039814
0.009330693696674008
-0.016330873171707005
-0.019514164681666963
-0.024442313965931255
-0.01894695131873052
-0.001172659474233109
-0.0219659406730928
0.018231970400249355
-0.010872782480443951
0.013047859457637891
-0.002114081624013246
-0.01760699338057042
-0.014894677049820794
-0.014299584369495954
-0.015575097115100281
0.018231970400249355
0.005744874991711073
-0.004555213062126647
-0.04765072717505779
-0.013627175535494241
0.020296662387611564
-0.010657361153572081
0.0015349540198010434
-0.004355224534944796
0.03272892087396725
-0.015734167241213053
0.0021176913136638207
-0.012830067867796557
0.0342464806987618
-0.021274955474708722
-0.011422360352770528
-0.015641600957729377
-0.009636549731912103
-0.003199195448570393
-0.03468140839045053
-0.01763718007493875
-0.009935954846442106
0.007878159063213978
-0.029299109161596736
0.003984200765512286
-0.02278960677683358
-0.01602546962017921
-0.009636549731912103
-0.032733350197189634
-0.013382608683574342
-0.02228504708883102
0.000555710962913578
-0.017760035796572857
-0.014299584369495954
-0.014019843350442237
-0.030157796068108457
-0.020266721395769363
-0.015734167241213053
-0.034725578893793345
-0.009756151856338158
-0.002114081624013246
0.005161236194685087
-0.024916930057227924
-0.028053922625994092
-0.01792463234361618
0.00829484785723746
-0.029123184490479632
-0.020266721395769363
0.015635401563250613
0.00261469141497112
-0.01770780966366454
-0.01770780966366454
-0.01894695131873052
