-0.023811570350172114
-0.008455391374803438
0.0042349290315892895
0.0042349290315892895
-0.01919196109311482
-0.012369667081218193
-0.016796110711514583
0.009305639945325121
0.0011251348262630654
-0.019867430029120545
-0.0033955180238551355
0.013217507761386313
0.00481692335381058
0.012886282772664745
-0.020776606119738906
0.013232222828728086
0.012883580341265122
-0.02180551927136871
-0.024756512534558506
-0.014893691702785745
-0.01483178749675674
0.013232222828728086
-0.003484992752972528
-0.01919196109311482
-0.006277276751588819
0.026242159418574478
0.029757469242434796
-0.024756512534558506
-0.019867430029120545
-0.012324567107550727
-0.004689905626827638
-0.0049223199118818605
-0.016480777974923727
0.002135979120546743
-0.013371976602829355
-0.0018682291668075954
-0.04701929286335131
-0.007637280707195701
-0.011079937057137276
0.014722978720646915
0.0018227072700116203
-0.006277276751588819
0.012886282772664745
0.009592891552554867
-0.012582653701124179
-0.0010977643772961201
0.0074602010092183185
-0.027736327548973136
-0.0049223199118818605
0.01087891762890888
0.009305639945325121
-0.008455391374803438
0.0074602010092183185
-0.0021711984697833043
0.020057689483980835
-0.01568308441057373
-0.017273400695734246
-0.004090251689365351
-0.03397460298151079
0.012883580341265122
0.00513579021651064
-0.016776778643949806
-0.047343971278862175
-0.009011740407425127
-0.004090251689365351
-0.013915938665045336
0.0007578649251609959
-0.010655324112224729
-0.004471799025387249
-0.005923645696608261
-0.019697944026528167
-0.008794511956135155
-0.021256432020083635
-0.016796110711514583
-0.010525724333725091
-0.0006893769956961568
-0.02537111608354433
-0.012324567107550727
0.00729654493172909
-0.001150312160002498
-0.000499293399000722
-0.02564929238186754
0.009267866997046606
-0.020688243767622922
-0.006669289816315753
-0.008794511956135155
0.021045808131792857
0.00901764951694819
0.003877718273391712
-0.03294071160551564
0.002135979120546743
-0.023211398126034104
-0.01295028049424228
-0.010309304705223423
0.0037552292727273577
-0.02180551927136871
0.0029081649718135935
-0.002469156547662222
-0.03853688431334142
-0.0035622301883670793
-0.010516744478975331
-0.023188347360315113
-0.016776778643949806
-0.00818338732150761
-0.014893691702785745
-0.03121736928359615
-0.012246294410367417
-0.006462744832410563
0.0007959433389835795
-0.02564929238186754
0.0005199289475475051
-0.016025916060655954
0.020057689483980835
0.0045073900351686345
-0.007007733051241152
-0.02673476506587545
-0.019697944026528167
-0.002196265958078737
-0.027823918527022425
0.0008277011329066661
-0.016378919303836108
-0.0064953935136419436
-0.014316105081289516
-0.00818338732150761
-0.022834740824676535
-0.024171330785782045
-0.0015619318524412234
0.0008277011329066661
-0.0023694352002860773
0.0018227072700116203
-0.0035622301883670793
-0.01995535298175673
-0.024756512534558506
-0.015415418963878743
0.013217507761386313
-0.002938832796225422
-0.01469043592528435
0.026242159418574478
-0.01404754597672963
-0.0026419192308858295
-0.0196632431504257
-0.006277276751588819
-0.008208991039728553
-0.015415418963878743
-0.03853688431334142
0.01251192459291229
-0.021256432020083635
-0.02833669672108837
0.0005199289475475051
-0.008457297580952948
-0.005298801872786788
-0.027006928992852924
-0.03121736928359615
-0.002938832796225422
-0.027736327548973136
-0.0005819148336671244
-0.0015619318524412234
0.003877718273391712
-0.014190927125307928
-0.016025916060655954
-0.0033955180238551355
-0.004058431251184244
-0.005638397333978054
-0.01295028049424228
-0.012582653701124179
-0.01919196109311482
-0.015126652477436575
0.003877718273391712
-0.0021711984697833043
-0.014378534624355682
-0.0018682291668075954
-0.014107520560582872
0.011387707152256187
-0.0021711984697833043
0.004887705973039771
-0.015032579313565006
-0.020776606119738906
-0.014515348142129951
-0.022003305690808068
-0.0216018819218811
0.011387707152256187
0.002822250821779292
-0.0035622301883670793
0.011506595719347144
-0.023811570350172114
-0.00883961605810938
0.0008277011329066661
-0.011224297071283142
-0.003484992752972528
-0.012582653701124179
0.002337229011026665
0.0037552292727273577
-0.0017873021794899168
-0.0034604852346453423
-0.03085807582285568
-0.008455391374803438
0.026242159418574478
-0.007939611642131186
-0.023811570350172114
-0.002196265958078737
-0.01295028049424228
0.01087891762890888
-0.016579059063533876
0.013217507761386313
-0.002938832796225422
0.011507098779868023
-0.012324567107550727
-0.003235559070058622
-0.0035622301883670793
-0.0033955180238551355
-0.014285076995921563
0.015517099787032163
-0.03294071160551564
-0.022834740824676535
0.009267866997046606
-0.0026496682098121394
-0.04701929286335131
-0.0359357031185841
0.007023449781280044
-0.019867430029120545
-0.024459460639619734
-0.020070008451687188
-0.006669289816315753
0.0101175032455034
0.0008277011329066661
-0.014552331458265278
0.0018227072700116203
-0.013915938665045336
-0.00818338732150761
-0.019867430029120545
-0.006669289816315753
0.0042349290315892895
-0.023211398126034104
-0.023188347360315113
-0.02180551927136871
-0.03931459648887725
-0.016796110711514583
0.02183421790175875
-0.003484992752972528
-0.005638397333978054
-0.012324567107550727
-0.002938832796225422
0.0018227072700116203
-0.020881825404814737
-0.008044168620677849
-0.025602129990368358
-0.0033955180238551355
0.0069509319312245875
-0.01568308441057373
-0.005200519220997433
0.0042349290315892895
-0.007131638385794999
0.008059922107538586
0.013232222828728086
-0.0031303994947596723
-0.007939611642131186
0.020057689483980835
-0.016559768881715124
-0.0015619318524412234
-0.0015738079780031153
-0.002196265958078737
-0.03853688431334142
-0.02673476506587545
-0.010880955423962621
-0.027545403314963864
0.002822250821779292
-0.0018682291668075954
0.00513579021651064
-0.019867430029120545
-0.003484992752972528
-0.015133355675305264
-0.03516994791127756
0.009501896164677708
0.002135979120546743
0.026242159418574478
-0.034729581947875614
-0.0021711984697833043
-0.03085807582285568
0.0007959433389835795
-0.03516994791127756
-0.0026364237353114044
-0.005923645696608261
0.0011251348262630654
-0.004657719558368326
-0.0034604852346453423
-0.020776606119738906
-0.010525724333725091
-0.014316105081289516
-0.01944230100086339
0.007023449781280044
-0.013875485916548995
0.0101175032455034
-0.005923645696608261
0.003877718273391712
-0.016953838851811984
-0.004058431251184244
-0.024459460639619734
-0.007637280707195701
-0.0026364237353114044
-0.010589470323555523
-0.014378534624355682
-0.02673476506587545
0.0045073900351686345
-0.008044168620677849
0.021045808131792857
-0.006105092121051192
-0.010516744478975331
0.0007959433389835795
0.007731935404556578
-0.015126652477436575
-0.031641999949114395
-0.01483178749675674
0.0042349290315892895
-0.03121736928359615
-0.0015619318524412234
0.015703182407451145
0.026242159418574478
0.002337229011026665
-0.031641999949114395
-0.0049223199118818605
-0.00818338732150761
-0.027006928992852924
-0.014190927125307928
-0.03294071160551564
-0.027006928992852924
-0.0026364237353114044
0.0011251348262630654
-0.03085807582285568
-0.0216018819218811
-0.020688243767622922
0.011507098779868023
-0.015126652477436575
-0.005638397333978054
-0.020881825404814737
-0.010525724333725091
-0.002469156547662222
-0.008480229462872836
-0.0017873021794899168
-0.014316105081289516
-0.006968330618782619
-0.02199453971028317
-0.019697944026528167
-0.008455391374803438
-0.010980471962618634
-0.01616654091381712
-0.019867430029120545
-0.0034604852346453423
0.001488333750485
-0.010655324112224729
-0.000499293399000722
-0.023211398126034104
0.015703182407451145
-0.0075423778353049704
-0.008208991039728553
-0.00883961605810938
-0.022834740824676535
-0.0026419192308858295
0.008059922107538586
0.013217507761386313
-0.002469156547662222
-0.004657719558368326
-0.014169260640374576
-0.014107520560582872
-0.047343971278862175
-0.0014647713988159999
-0.00883961605810938
-0.0015738079780031153
-0.04495211042088514
0.006913728700279228
0.004887705973039771
-0.02673476506587545
-0.0359357031185841
-0.020776606119738906
-0.016579059063533876
-0.01404754597672963
-0.014378534624355682
-0.014285076995921563
-0.034729581947875614
-0.015126652477436575
-0.02833669672108837
-0.020070008451687188
-0.025957987901634724
-0.015126652477436575
-0.005226985737900144
-0.0018682291668075954
-0.015586986958556513
-0.01404754597672963
-0.005298801872786788
-0.0005819148336671244
-0.023188347360315113
-0.006277276751588819
0.012886282772664745
-0.025602129990368358
-0.015586986958556513
0.003877718273391712
-0.002105349891476661
0.009267866997046606
-0.014285076995921563
-0.0021711984697833043
-0.01919196109311482
-0.007335737467712221
-0.007939611642131186
-0.0075423778353049704
0.003877718273391712
-0.006968330618782619
-0.01164435444146059
-0.016953838851811984
0.0069509319312245875
-0.007939611642131186
0.0069509319312245875
0.015517099787032163
-0.01483178749675674
-0.03294071160551564
-0.012324567107550727
0.014722978720646915
-0.000499293399000722
-0.013875485916548995
-0.011224297071283142
0.00481692335381058
-0.024459460639619734
-0.004766165858042297
0.002866665691589157
-0.01995535298175673
0.0069509319312245875
-0.020881825404814737
-0.002105349891476661
-0.016796110711514583
0.0037552292727273577
-0.01404754597672963
-0.013371976602829355
-0.01995535298175673
-0.02200516163612646
-0.014035398805581982
-0.019697944026528167
-0.013371976602829355
-0.005638397333978054
-0.016920051419738267
-0.01295028049424228
-0.02537111608354433
0.002822250821779292
0.008059922107538586
0.012886282772664745
0.00901764951694819
-0.03121736928359615
0.013217507761386313
0.011387707152256187
-0.016480777974923727
0.0007959433389835795
-0.023211398126034104
-0.02564929238186754
0.020057689483980835
-0.006462744832410563
-0.014190927125307928
-0.011079937057137276
-0.012324567107550727
-0.02338249509150483
-0.013371976602829355
-0.013915938665045336
-0.0216018819218811
-0.024171330785782045
-0.04671894541052248
-0.014035398805581982
-0.014515348142129951
-0.024459460639619734
-0.016579059063533876
0.014722978720646915
-0.014893691702785745
-0.010525724333725091
0.008059922107538586
-0.016025916060655954
-0.02180551927136871
0.005386526181667414
-0.016953838851811984
-0.002196265958078737
-0.01469043592528435
0.015703182407451145
0.009305639945325121
-0.019567738942805182
-0.023172746458656565
-0.03332203223623954
-0.011079937057137276
-0.008457297580952948
-0.004090251689365351
-0.015508952692840007
-0.031641999949114395
-0.016920051419738267
-0.02564929238186754
-0.027823918527022425
-0.0037426368498605558
-0.014107520560582872
-0.024756512534558506
-0.000499293399000722
-0.015586986958556513
0.01251192459291229
-0.016480777974923727
0.011507098779868023
-0.014190927125307928
-0.015586986958556513
-0.002105349891476661
0.004887705973039771
-0.0026496682098121394
0.002337229011026665
-0.0014647713988159999
-0.001150312160002498
-0.023811570350172114
-0.02673476506587545
0.004887705973039771
-0.027006928992852924
-0.020776606119738906
-0.008457297580952948
-0.006669289816315753
-0.022834740824676535
0.009115439604940283
-0.004245200606392154
-0.015508952692840007
-0.0216018819218811
-0.02564929238186754
0.026242159418574478
0.0069509319312245875
-0.03853688431334142
-0.0196632431504257
-0.005638397333978054
-0.02180551927136871
-0.013915938665045336
-0.01469043592528435
-0.0026419192308858295
-0.015133355675305264
0.0069509319312245875
-0.03332203223623954
-0.008794511956135155
-0.0026419192308858295
-0.00883961605810938
0.01087891762890888
-0.011969925096033672
0.005386526181667414
0.00513579021651064
-0.014378534624355682
0.00513579021651064
-0.0216018819218811
0.009501896164677708
0.015312743134911452
-0.005923645696608261
-0.0050897840599794025
-0.012246294410367417
-0.005923645696608261
0.007023449781280044
0.013232222828728086
-0.04671894541052248
-0.01995535298175673
-0.01164435444146059
-0.024171330785782045
-0.03294071160551564
-0.010589470323555523
-0.00883961605810938
-0.014035398805581982
-0.01919196109311482
-0.007335737467712221
-0.004689905626827638
-0.016378919303836108
-0.017273400695734246
-0.014169260640374576
-0.01995535298175673
-0.0015738079780031153
-0.01995535298175673
-0.0017873021794899168
-0.010516744478975331
-0.024756512534558506
-0.016579059063533876
0.0074602010092183185
-0.027823918527022425
0.0011251348262630654
-0.0006893769956961568
-0.02180551927136871
-0.015032579313565006
0.00513579021651064
-0.010525724333725091
-0.013371976602829355
0.0027467054764725766
-0.011079937057137276
-0.003484992752972528
-0.00883961605810938
-0.009974141215120833
-0.005226985737900144
-0.0034604852346453423
-0.02200516163612646
-0.04701929286335131
-0.015415418963878743
-0.007704655386155458
-0.003235559070058622
0.020057689483980835
0.015517099787032163
-0.014169260640374576
-0.02673476506587545
-0.0026419192308858295
0.0101175032455034
0.002866665691589157
-0.01164435444146059
0.008059922107538586
-0.0034848747652844376
-0.02658955806191262
0.009115439604940283
-0.00883961605810938
0.0005199289475475051
-0.0035622301883670793
-0.0075423778353049704
-0.0196632431504257
-0.022173387384628408
0.0011251348262630654
-0.005200519220997433
-0.011079937057137276
-0.0035622301883670793
-0.0026419192308858295
-0.0031303994947596723
-0.0021711984697833043
-0.02338249509150483
-0.007637280707195701
-0.01164435444146059
-0.023811570350172114
-0.006800885595484575
0.0042349290315892895
0.013217507761386313
-0.01404754597672963
-0.016559768881715124
-0.022003305690808068
-0.010655324112224729
0.0045073900351686345
-0.012582653701124179
0.011387707152256187
-0.014035398805581982
-0.0034604852346453423
-0.004471799025387249
-0.014169260640374576
-0.006105092121051192
-0.013371976602829355
-0.014552331458265278
-0.014893691702785745
-0.006669289816315753
-0.024171330785782045
-0.0006893769956961568
-0.03931459648887725
-0.017273400695734246
-0.0031303994947596723
-0.014285076995921563
0.003877718273391712
-0.020070008451687188
-0.010655324112224729
-0.0196632431504257
0.002822250821779292
-0.014169260640374576
-0.0005078212762098528
0.0008277011329066661
-0.004766165858042297
0.0037552292727273577
-0.01568308441057373
-0.007131638385794999
-0.003484992752972528
-0.007637280707195701
0.021045808131792857
-0.0015738079780031153
-0.005923645696608261
0.0063837526783175145
-0.006800885595484575
-0.004657719558368326
-0.0034848747652844376
0.00729654493172909
0.008059922107538586
-0.01483178749675674
-0.001150312160002498
-0.006968330618782619
0.0018227072700116203
0.002822250821779292
-0.005638397333978054
-0.04701929286335131
0.0045073900351686345
0.015703182407451145
-0.016025916060655954
-0.01919196109311482
0.0074602010092183185
-0.020688243767622922
-0.012092384573821334
-0.011224297071283142
-0.03397460298151079
-0.003235559070058622
-0.016776778643949806
-0.015126652477436575
0.014722978720646915
-0.010525724333725091
-0.008208991039728553
-0.01164435444146059
-0.00883961605810938
0.020057689483980835
-0.0031303994947596723
-0.0005819148336671244
-0.02658955806191262
0.00729654493172909
-0.012092384573821334
-0.016796110711514583
-0.00818338732150761
0.009592891552554867
0.013217507761386313
0.011507098779868023
0.004887705973039771
0.001488333750485
0.0007578649251609959
-0.0034604852346453423
0.0101175032455034
-0.03516994791127756
0.0027467054764725766
-0.0015619318524412234
-0.016776778643949806
-0.01295028049424228
0.0027467054764725766
-0.04701929286335131
-0.016480777974923727
-0.027823918527022425
0.00901764951694819
-0.01469043592528435
-0.0018682291668075954
0.015703182407451145
-0.012246294410367417
-0.008283846172572133
0.006760229199514431
-0.008457297580952948
0.009305639945325121
-0.01164435444146059
0.0007959433389835795
-0.0005078212762098528
-0.010589470323555523
-0.03853688431334142
-0.012324567107550727
-0.02200516163612646
-0.0023694352002860773
-0.005226985737900144
-0.011079937057137276
-0.004090251689365351
-0.016579059063533876
-0.027006928992852924
-0.008283846172572133
0.0042349290315892895
-0.020688243767622922
0.0012285395839403469
-0.014552331458265278
0.020057689483980835
0.0045073900351686345
-0.016378919303836108
-0.004766165858042297
-0.015126652477436575
0.0069509319312245875
0.009115439604940283
-0.01568308441057373
-0.005638397333978054
-0.012369667081218193
0.0063837526783175145
0.003877718273391712
-0.0021711984697833043
-0.023211398126034104
-0.0033955180238551355
-0.013371976602829355
-0.047343971278862175
-0.002469156547662222
-0.003235559070058622
-0.010525724333725091
-0.034729581947875614
-0.012324567107550727
-0.0017873021794899168
-0.04671894541052248
-0.03397460298151079
0.005386526181667414
-0.022173387384628408
0.01087891762890888
0.009501896164677708
-0.010525724333725091
-0.004689905626827638
-0.014893691702785745
-0.04701929286335131
-0.023188347360315113
-0.00883961605810938
-0.022173387384628408
0.01087891762890888
0.0018227072700116203
-0.031641999949114395
0.012886282772664745
0.0042349290315892895
0.011387707152256187
-0.005923645696608261
-0.024171330785782045
-0.020070008451687188
0.012886282772664745
-0.021256432020083635
-0.0018682291668075954
-0.010369022150445798
-0.0035622301883670793
-0.01404754597672963
-0.008480229462872836
0.0063837526783175145
-0.027545403314963864
-0.0196632431504257
-0.006968330618782619
-0.011079937057137276
-0.022834740824676535
-0.007007733051241152
-0.007131638385794999
-0.01616654091381712
-0.00818338732150761
0.006913728700279228
-0.023172746458656565
-0.006669289816315753
-0.014552331458265278
-0.020688243767622922
-0.004090251689365351
-0.015032579313565006
-0.025602129990368358
-0.010525724333725091
0.0022615901565920405
-0.0023694352002860773
-0.002938832796225422
0.0063837526783175145
-0.002938832796225422
0.009267866997046606
0.009115439604940283
0.0045073900351686345
0.0063837526783175145
-0.01469043592528435
-0.010980471962618634
0.009267866997046606
-0.007704655386155458
-0.0014647713988159999
0.00513579021651064
-0.016579059063533876
-0.031641999949114395
-0.019697944026528167
0.01087891762890888
0.013232222828728086
0.006760229199514431
-0.008794511956135155
-0.008044168620677849
-0.03121736928359615
0.008059922107538586
-0.013875485916548995
-0.023172746458656565
-0.01164435444146059
-0.04671894541052248
-0.00883961605810938
-0.027736327548973136
-0.047343971278862175
-0.015133355675305264
-0.004657719558368326
0.0018227072700116203
-0.02338249509150483
-0.006460802795076288
0.0069509319312245875
0.0037552292727273577
-0.01295028049424228
-0.0216018819218811
-0.01295028049424228
-0.01164435444146059
-0.025602129990368358
-0.015415418963878743
-0.012369667081218193
0.004887705973039771
0.02183421790175875
-0.023172746458656565
0.029757469242434796
-0.031641999949114395
-0.016025916060655954
-0.014893691702785745
-0.03294071160551564
0.001488333750485
-0.006669289816315753
0.0101175032455034
-0.0216018819218811
-0.012369667081218193
-0.014285076995921563
-0.034729581947875614
-0.004090251689365351
-0.0006893769956961568
-0.03121736928359615
0.015703182407451145
-0.0021711984697833043
0.00901764951694819
-0.004657719558368326
0.0063837526783175145
-0.012582653701124179
0.0063837526783175145
0.006760229199514431
0.0007578649251609959
0.011507098779868023
-0.006460802795076288
-0.005226985737900144
-0.04495211042088514
-0.008208991039728553
-0.002105349891476661
-0.01919196109311482
-0.014190927125307928
0.007731935404556578
-0.0050897840599794025
-0.008283846172572133
-0.020881825404814737
-0.008455391374803438
-0.016920051419738267
-0.012369667081218193
-0.03085807582285568
-0.014893691702785745
-0.01295028049424228
-0.006968330618782619
-0.025602129990368358
-0.015133355675305264
-0.01404754597672963
0.009592891552554867
-0.008283846172572133
-0.015032579313565006
-0.014190927125307928
-0.006277276751588819
-0.015032579313565006
-0.004657719558368326
-0.0023694352002860773
0.0007959433389835795
-0.01995535298175673
0.0063837526783175145
-0.010980471962618634
-0.006460802795076288
0.0063837526783175145
0.008059922107538586
-0.019697944026528167
-0.004245200606392154
-0.008208991039728553
-0.010655324112224729
-0.011969925096033672
0.006760229199514431
-0.03332203223623954
-0.03332203223623954
-0.0026496682098121394
-0.0031303994947596723
0.0027467054764725766
-0.014107520560582872
0.02183421790175875
0.009592891552554867
-0.0035622301883670793
-0.019567738942805182
-0.008794511956135155
-0.016025916060655954
-0.014316105081289516
-0.02658955806191262
0.002866665691589157
-0.0034604852346453423
-0.008848077629002339
-0.017273400695734246
-0.0035622301883670793
-0.015133355675305264
0.013232222828728086
-0.0026419192308858295
-0.019867430029120545
0.005386526181667414
-0.02180551927136871
-0.007637280707195701
-0.0049223199118818605
-0.01616654091381712
-0.027823918527022425
0.004887705973039771
-0.007637280707195701
0.002866665691589157
-0.008208991039728553
-0.015508952692840007
-0.003235559070058622
-0.011224297071283142
-0.016920051419738267
-0.034729581947875614
-0.006669289816315753
-0.02658955806191262
-0.015133355675305264
-0.009974141215120833
-0.014190927125307928
0.002822250821779292
0.0017422263580886429
-0.008283846172572133
-0.0359357031185841
-0.006277276751588819
-0.008283846172572133
-0.005200519220997433
0.0074602010092183185
-0.002105349891476661
-0.004657719558368326
-0.014285076995921563
-0.02564929238186754
0.002822250821779292
-0.025602129990368358
-0.0010977643772961201
-0.007335737467712221
0.0008277011329066661
-0.0010977643772961201
-0.015133355675305264
-0.012324567107550727
-0.010880955423962621
-0.008480229462872836
-0.01164435444146059
-0.007704655386155458
-0.004766165858042297
-0.016920051419738267
-0.020070008451687188
-0.014190927125307928
