-0.008779110658664982
0.004636070920444006
-0.01802928077658648
-0.0009908721135602583
8.80208895877946e-05
-0.01802928077658648
0.008893700840161544
-0.01990964848105832
-0.00012361974071180542
-0.01760096688690981
-0.014136183207119322
-0.0030286418791819663
-0.018702459721421393
-0.025067520926147408
-0.01990964848105832
-0.01802928077658648
0.004636070920444006
-0.016012105397266434
-0.007237464815437143
-0.016012105397266434
-0.005380645069165252
0.015748117743863713
-0.014610309413539297
-0.014610309413539297
-0.01990964848105832
-0.005380645069165252
0.015748117743863713
-0.014181754920359241
-0.014181754920359241
-0.008779110658664982
-0.018702459721421393
-0.007237464815437143
0.006950353799996053
-0.009942603597716154
8.80208895877946e-05
-0.016012105397266434
-0.00919155714648859
0.004636070920444006
-0.008779110658664982
-0.025067520926147408
-0.009942603597716154
-0.009435552950831216
-0.009942603597716154
-0.025067520926147408
0.006950353799996053
-0.008779110658664982
-0.022060717977582574
8.80208895877946e-05
-0.0001471776645553513
-0.025067520926147408
-0.005380645069165252
-0.0030286418791819663
-0.00919155714648859
-0.009435552950831216
0.006950353799996053
0.034169247534032096
-0.025067520926147408
-0.0030286418791819663
-0.016012105397266434
-0.006822395675891473
-0.0009908721135602583
-0.009942603597716154
-0.0001471776645553513
-0.006822395675891473
-0.009942603597716154
0.006950353799996053
-0.0009908721135602583
-0.006822395675891473
-0.016012105397266434
-0.0001471776645553513
8.80208895877946e-05
-0.0009908721135602583
-0.00012361974071180542
-0.0030286418791819663
-0.0001471776645553513
-0.01802928077658648
-0.0001471776645553513
0.034169247534032096
-0.022060717977582574
-0.0009908721135602583
0.008893700840161544
-0.01802928077658648
-0.009942603597716154
-0.00012361974071180542
-0.022060717977582574
-0.007237464815437143
-0.0031929409569355464
-0.0031929409569355464
-0.0030286418791819663
-0.014136183207119322
-0.00012361974071180542
0.006950353799996053
-0.025067520926147408
-0.005380645069165252
-0.009942603597716154
-0.01760096688690981
-0.01802928077658648
-0.014181754920359241
0.034169247534032096
-0.01802928077658648
-0.01760096688690981
-0.01760096688690981
-0.0009908721135602583
0.015748117743863713
-0.014136183207119322
-0.016012105397266434
-0.007237464815437143
-0.022060717977582574
-0.014181754920359241
-0.0030286418791819663
-0.014136183207119322
-0.0009908721135602583
-0.016012105397266434
-0.0030286418791819663
-0.005380645069165252
0.034169247534032096
-0.009942603597716154
-0.0031929409569355464
-0.0031929409569355464
-0.005380645069165252
-0.014136183207119322
-0.01760096688690981
0.034169247534032096
-0.014181754920359241
-0.0009908721135602583
-0.018702459721421393
-0.0030286418791819663
-0.009942603597716154
-0.007237464815437143
-0.022060717977582574
-0.006822395675891473
-0.009435552950831216
-0.018702459721421393
0.006950353799996053
-0.022060717977582574
-0.0031929409569355464
0.006950353799996053
-0.01760096688690981
-0.0030286418791819663
-0.0001471776645553513
-0.00012361974071180542
-0.0009908721135602583
-0.025067520926147408
0.004636070920444006
-0.016012105397266434
-0.0001471776645553513
-0.014181754920359241
-0.00012361974071180542
-0.01760096688690981
0.015748117743863713
-0.0001471776645553513
-0.0030286418791819663
-0.016012105397266434
-0.006822395675891473
-0.0031929409569355464
-0.0031929409569355464
-0.008779110658664982
-0.0031929409569355464
-0.01990964848105832
-0.018702459721421393
-0.01802928077658648
-0.009942603597716154
-0.0009908721135602583
0.008893700840161544
-0.008779110658664982
-0.0001471776645553513
-0.007237464815437143
-0.00012361974071180542
-0.00012361974071180542
-0.018702459721421393
-0.018702459721421393
-0.0031929409569355464
-0.0009908721135602583
-0.014181754920359241
-0.007237464815437143
-0.00012361974071180542
-0.008779110658664982
-0.007237464815437143
0.006950353799996053
-0.007237464815437143
-0.00012361974071180542
-0.005380645069165252
-0.016012105397266434
-0.007237464815437143
0.015748117743863713
-0.01990964848105832
-0.018702459721421393
0.015748117743863713
-0.009942603597716154
-0.0031929409569355464
-0.025067520926147408
0.015748117743863713
-0.014136183207119322
-0.01990964848105832
-0.025067520926147408
8.80208895877946e-05
-0.005380645069165252
0.015748117743863713
0.004636070920444006
-0.018702459721421393
-0.016012105397266434
-0.0009908721135602583
0.004636070920444006
0.004636070920444006
-0.01760096688690981
-0.01802928077658648
-0.014181754920359241
-0.01760096688690981
-0.0030286418791819663
0.004636070920444006
-0.01802928077658648
-0.014181754920359241
-0.025067520926147408
0.004636070920444006
-0.008779110658664982
-0.00919155714648859
-0.007237464815437143
0.034169247534032096
-0.0030286418791819663
-0.01760096688690981
0.015748117743863713
0.034169247534032096
-0.009942603597716154
-0.022060717977582574
-0.01990964848105832
0.006950353799996053
0.034169247534032096
0.008893700840161544
-0.0001471776645553513
-0.025067520926147408
-0.0001471776645553513
-0.00919155714648859
-0.008779110658664982
0.034169247534032096
-0.0001471776645553513
-0.007237464815437143
0.034169247534032096
0.034169247534032096
-0.007237464815437143
-0.00919155714648859
-0.009942603597716154
-0.014181754920359241
-0.016012105397266434
0.006950353799996053
-0.01802928077658648
-0.005380645069165252
-0.014610309413539297
-0.0009908721135602583
-0.01760096688690981
-0.014181754920359241
-0.009942603597716154
-0.025067520926147408
-0.025067520926147408
-0.0031929409569355464
-0.00919155714648859
-0.014610309413539297
-0.0001471776645553513
-0.01990964848105832
-0.0009908721135602583
8.80208895877946e-05
-0.005380645069165252
0.015748117743863713
0.015748117743863713
-0.005380645069165252
-0.01760096688690981
-0.014610309413539297
-0.008779110658664982
-0.022060717977582574
-0.00012361974071180542
-0.01760096688690981
-0.007237464815437143
-0.016012105397266434
-0.014610309413539297
-0.0009908721135602583
0.008893700840161544
0.034169247534032096
-0.025067520926147408
0.006950353799996053
0.006950353799996053
8.80208895877946e-05
-0.022060717977582574
-0.018702459721421393
-0.018702459721421393
-0.008779110658664982
0.034169247534032096
-0.0031929409569355464
-0.01760096688690981
-0.01802928077658648
-0.01990964848105832
0.004636070920444006
-0.0009908721135602583
-0.018702459721421393
-0.007237464815437143
-0.016012105397266434
-0.0001471776645553513
0.034169247534032096
-0.025067520926147408
-0.0030286418791819663
-0.025067520926147408
-0.00012361974071180542
-0.00012361974071180542
-0.014136183207119322
-0.008779110658664982
-0.0009908721135602583
-0.014136183207119322
-0.0031929409569355464
-0.0009908721135602583
-0.0030286418791819663
-0.014181754920359241
-0.005380645069165252
0.008893700840161544
0.034169247534032096
-0.006822395675891473
-0.009435552950831216
-0.008779110658664982
-0.016012105397266434
-0.0031929409569355464
0.004636070920444006
-0.025067520926147408
-0.01802928077658648
-0.0030286418791819663
-0.009942603597716154
-0.00919155714648859
8.80208895877946e-05
-0.014181754920359241
-0.022060717977582574
-0.0030286418791819663
-0.006822395675891473
-0.0031929409569355464
-0.008779110658664982
-0.009942603597716154
-0.009942603597716154
0.015748117743863713
0.004636070920444006
0.006950353799996053
0.006950353799996053
0.008893700840161544
-0.022060717977582574
-0.0031929409569355464
-0.014610309413539297
-0.01802928077658648
-0.01802928077658648
8.80208895877946e-05
-0.0009908721135602583
-0.025067520926147408
-0.00012361974071180542
-0.00012361974071180542
0.034169247534032096
-0.01990964848105832
-0.007237464815437143
-0.008779110658664982
-0.018702459721421393
0.004636070920444006
-0.009435552950831216
0.015748117743863713
-0.005380645069165252
0.004636070920444006
8.80208895877946e-05
-0.01760096688690981
-0.0009908721135602583
-0.00919155714648859
-0.022060717977582574
-0.009942603597716154
-0.005380645069165252
-0.01802928077658648
-0.014136183207119322
0.015748117743863713
-0.008779110658664982
-0.014136183207119322
-0.00012361974071180542
-0.0030286418791819663
-0.009942603597716154
-0.00012361974071180542
-0.005380645069165252
-0.0030286418791819663
-0.0030286418791819663
-0.01990964848105832
-0.009435552950831216
-0.009942603597716154
-0.009435552950831216
-0.016012105397266434
-0.025067520926147408
-0.0001471776645553513
-0.005380645069165252
8.80208895877946e-05
0.004636070920444006
-0.005380645069165252
-0.00012361974071180542
-0.014610309413539297
0.034169247534032096
0.006950353799996053
8.80208895877946e-05
-0.016012105397266434
-0.01990964848105832
-0.008779110658664982
-0.00012361974071180542
-0.01760096688690981
-0.0030286418791819663
-0.018702459721421393
-0.0001471776645553513
-0.022060717977582574
-0.025067520926147408
0.006950353799996053
-0.008779110658664982
-0.00012361974071180542
0.008893700840161544
0.006950353799996053
-0.007237464815437143
0.004636070920444006
-0.0030286418791819663
-0.014136183207119322
-0.00012361974071180542
-0.009942603597716154
-0.014181754920359241
-0.00919155714648859
-0.014136183207119322
-0.0009908721135602583
-0.018702459721421393
-0.0009908721135602583
8.80208895877946e-05
0.006950353799996053
-0.00919155714648859
-0.005380645069165252
-0.01802928077658648
-0.009942603597716154
-0.006822395675891473
0.015748117743863713
-0.016012105397266434
-0.0001471776645553513
0.006950353799996053
-0.014181754920359241
-0.0009908721135602583
-0.0030286418791819663
0.034169247534032096
0.006950353799996053
-0.016012105397266434
-0.018702459721421393
-0.01802928077658648
-0.007237464815437143
-0.01760096688690981
-0.007237464815437143
-0.014181754920359241
-0.025067520926147408
0.034169247534032096
-0.00012361974071180542
-0.025067520926147408
-0.014181754920359241
-0.01802928077658648
-0.008779110658664982
0.006950353799996053
-0.00012361974071180542
-0.025067520926147408
-0.016012105397266434
-0.009942603597716154
-0.025067520926147408
-0.0009908721135602583
8.80208895877946e-05
-0.01990964848105832
8.80208895877946e-05
-0.0030286418791819663
-0.0031929409569355464
-0.01802928077658648
8.80208895877946e-05
-0.006822395675891473
-0.014181754920359241
-0.009942603597716154
0.008893700840161544
-0.018702459721421393
8.80208895877946e-05
-0.0031929409569355464
-0.00919155714648859
-0.014610309413539297
-0.01802928077658648
0.008893700840161544
8.80208895877946e-05
-0.014610309413539297
0.015748117743863713
0.004636070920444006
-0.01760096688690981
-0.00919155714648859
-0.00012361974071180542
-0.005380645069165252
-0.00012361974071180542
8.80208895877946e-05
-0.006822395675891473
0.006950353799996053
0.008893700840161544
8.80208895877946e-05
-0.01802928077658648
-0.00919155714648859
-0.014181754920359241
-0.016012105397266434
-0.008779110658664982
-0.0009908721135602583
0.004636070920444006
-0.01802928077658648
-0.00012361974071180542
-0.0009908721135602583
-0.01990964848105832
-0.01990964848105832
-0.00919155714648859
-0.00919155714648859
-0.018702459721421393
0.015748117743863713
-0.0031929409569355464
-0.0031929409569355464
0.015748117743863713
-0.0030286418791819663
-0.005380645069165252
-0.007237464815437143
-0.006822395675891473
-0.01760096688690981
0.034169247534032096
-0.025067520926147408
0.008893700840161544
-0.014181754920359241
-0.014136183207119322
-0.0030286418791819663
0.008893700840161544
-0.007237464815437143
0.034169247534032096
-0.022060717977582574
-0.01760096688690981
-0.005380645069165252
0.006950353799996053
-0.006822395675891473
-0.006822395675891473
-0.0001471776645553513
-0.022060717977582574
-0.009942603597716154
0.004636070920444006
-0.0009908721135602583
-0.014136183207119322
0.006950353799996053
-0.006822395675891473
-0.00919155714648859
8.80208895877946e-05
-0.018702459721421393
-0.0030286418791819663
-0.01802928077658648
-0.022060717977582574
0.034169247534032096
-0.009435552950831216
-0.0009908721135602583
-0.0030286418791819663
-0.014610309413539297
-0.005380645069165252
0.004636070920444006
-0.0001471776645553513
-0.00919155714648859
0.008893700840161544
-0.009942603597716154
0.015748117743863713
-0.0009908721135602583
-0.018702459721421393
-0.008779110658664982
0.015748117743863713
-0.009942603597716154
-0.009435552950831216
-0.025067520926147408
-0.025067520926147408
-0.00919155714648859
-0.008779110658664982
-0.005380645069165252
0.008893700840161544
-0.0001471776645553513
-0.01990964848105832
-0.009435552950831216
-0.0031929409569355464
-0.006822395675891473
-0.016012105397266434
-0.014610309413539297
-0.01760096688690981
-0.01802928077658648
-0.0030286418791819663
-0.007237464815437143
-0.007237464815437143
-0.006822395675891473
0.004636070920444006
-0.014136183207119322
-0.008779110658664982
-0.009435552950831216
-0.00012361974071180542
-0.016012105397266434
-0.01990964848105832
0.034169247534032096
-0.01802928077658648
8.80208895877946e-05
-0.014181754920359241
-0.018702459721421393
-0.009942603597716154
0.008893700840161544
0.015748117743863713
-0.01760096688690981
-0.007237464815437143
-0.014181754920359241
-0.01990964848105832
-0.008779110658664982
-0.007237464815437143
-0.018702459721421393
-0.018702459721421393
-0.009435552950831216
-0.00919155714648859
0.008893700840161544
-0.00919155714648859
-0.00919155714648859
-0.0009908721135602583
-0.009435552950831216
-0.014610309413539297
-0.0001471776645553513
-0.014136183207119322
-0.007237464815437143
0.006950353799996053
-0.01990964848105832
0.034169247534032096
-0.0001471776645553513
0.006950353799996053
-0.0030286418791819663
8.80208895877946e-05
0.004636070920444006
-0.0031929409569355464
-0.0031929409569355464
-0.00012361974071180542
-0.014610309413539297
-0.01802928077658648
-0.014181754920359241
8.80208895877946e-05
0.004636070920444006
-0.008779110658664982
0.004636070920444006
-0.0031929409569355464
-0.007237464815437143
-0.0030286418791819663
-0.008779110658664982
-0.006822395675891473
-0.014610309413539297
-0.022060717977582574
-0.00012361974071180542
-0.014610309413539297
-0.00012361974071180542
-0.0030286418791819663
-0.022060717977582574
0.006950353799996053
-0.00919155714648859
-0.008779110658664982
-0.0030286418791819663
-0.01990964848105832
-0.0030286418791819663
-0.0031929409569355464
-0.007237464815437143
-0.014610309413539297
-0.00012361974071180542
-0.022060717977582574
8.80208895877946e-05
-0.005380645069165252
0.034169247534032096
-0.00919155714648859
-0.022060717977582574
0.034169247534032096
-0.009942603597716154
-0.014136183207119322
-0.00919155714648859
-0.016012105397266434
-0.01990964848105832
0.006950353799996053
-0.016012105397266434
-0.00012361974071180542
-0.0009908721135602583
-0.0001471776645553513
-0.0031929409569355464
-0.007237464815437143
0.015748117743863713
8.80208895877946e-05
-0.01990964848105832
8.80208895877946e-05
-0.0001471776645553513
-0.0001471776645553513
-0.0030286418791819663
0.004636070920444006
-0.022060717977582574
-0.022060717977582574
-0.016012105397266434
-0.014181754920359241
-0.007237464815437143
-0.014136183207119322
-0.018702459721421393
8.80208895877946e-05
-0.007237464815437143
-0.0009908721135602583
-0.0031929409569355464
-0.014181754920359241
0.006950353799996053
0.034169247534032096
-0.014610309413539297
0.006950353799996053
8.80208895877946e-05
-0.01802928077658648
-0.00919155714648859
-0.008779110658664982
-0.00012361974071180542
-0.00012361974071180542
-0.01990964848105832
0.006950353799996053
-0.01760096688690981
-0.014136183207119322
-0.014610309413539297
-0.016012105397266434
-0.014610309413539297
-0.01990964848105832
-0.009942603597716154
-0.0030286418791819663
-0.016012105397266434
-0.0030286418791819663
-0.0031929409569355464
-0.025067520926147408
-0.0031929409569355464
-0.014610309413539297
-0.01760096688690981
-0.0031929409569355464
-0.016012105397266434
-0.0030286418791819663
-0.007237464815437143
-0.025067520926147408
-0.0031929409569355464
-0.01760096688690981
-0.00919155714648859
-0.018702459721421393
-0.014610309413539297
8.80208895877946e-05
-0.0009908721135602583
0.015748117743863713
-0.009435552950831216
-0.014136183207119322
-0.01802928077658648
-0.0001471776645553513
-0.025067520926147408
-0.005380645069165252
-0.014181754920359241
-0.006822395675891473
-0.009942603597716154
-0.0001471776645553513
-0.0009908721135602583
-0.0030286418791819663
-0.025067520926147408
-0.007237464815437143
-0.00012361974071180542
-0.014610309413539297
0.008893700840161544
-0.01802928077658648
-0.01760096688690981
-0.01990964848105832
-0.01990964848105832
-0.00919155714648859
-0.006822395675891473
0.015748117743863713
0.034169247534032096
-0.00012361974071180542
-0.022060717977582574
-0.009942603597716154
-0.0009908721135602583
-0.014610309413539297
-0.008779110658664982
-0.007237464815437143
0.008893700840161544
-0.0031929409569355464
-0.01802928077658648
0.008893700840161544
-0.009435552950831216
-0.0009908721135602583
-0.0009908721135602583
0.006950353799996053
0.004636070920444006
-0.0009908721135602583
-0.00919155714648859
-0.00919155714648859
-0.008779110658664982
-0.00919155714648859
-0.014181754920359241
-0.018702459721421393
-0.00012361974071180542
-0.0009908721135602583
-0.01802928077658648
-0.016012105397266434
-0.014136183207119322
-0.00012361974071180542
-0.022060717977582574
-0.014610309413539297
-0.00919155714648859
-0.005380645069165252
8.80208895877946e-05
-0.007237464815437143
-0.005380645069165252
0.034169247534032096
0.008893700840161544
-0.018702459721421393
-0.014181754920359241
0.008893700840161544
-0.014610309413539297
-0.014136183207119322
-0.018702459721421393
-0.009942603597716154
-0.0031929409569355464
-0.022060717977582574
-0.007237464815437143
-0.0031929409569355464
-0.014610309413539297
0.008893700840161544
-0.005380645069165252
-0.0030286418791819663
-0.014136183207119322
-0.016012105397266434
-0.01802928077658648
-0.014610309413539297
0.008893700840161544
-0.018702459721421393
0.008893700840161544
0.015748117743863713
-0.01760096688690981
-0.01760096688690981
-0.0031929409569355464
-0.009942603597716154
-0.014136183207119322
-0.009942603597716154
-0.0009908721135602583
-0.016012105397266434
-0.0030286418791819663
-0.025067520926147408
-0.018702459721421393
-0.006822395675891473
-0.006822395675891473
-0.025067520926147408
-0.009435552950831216
-0.014181754920359241
-0.00012361974071180542
-0.009435552950831216
-0.022060717977582574
-0.01760096688690981
-0.009435552950831216
8.80208895877946e-05
-0.00012361974071180542
-0.009942603597716154
0.015748117743863713
-0.005380645069165252
-0.0031929409569355464
-0.014181754920359241
-0.014610309413539297
-0.01760096688690981
-0.008779110658664982
-0.007237464815437143
0.004636070920444006
-0.0030286418791819663
-0.0001471776645553513
-0.018702459721421393
-0.01760096688690981
-0.025067520926147408
-0.0009908721135602583
0.006950353799996053
0.006950353799996053
-0.0031929409569355464
0.006950353799996053
-0.0001471776645553513
-0.022060717977582574
-0.014136183207119322
-0.0030286418791819663
-0.007237464815437143
-0.0031929409569355464
8.80208895877946e-05
-0.008779110658664982
-0.014610309413539297
-0.0009908721135602583
-0.0031929409569355464
-0.0031929409569355464
-0.009435552950831216
-0.01802928077658648
-0.0001471776645553513
-0.014610309413539297
-0.005380645069165252
-0.006822395675891473
-0.0009908721135602583
0.008893700840161544
-0.01802928077658648
-0.00919155714648859
-0.022060717977582574
0.034169247534032096
-0.016012105397266434
-0.009435552950831216
-0.0009908721135602583
-0.014610309413539297
-0.0001471776645553513
-0.009435552950831216
-0.014136183207119322
0.004636070920444006
-0.01990964848105832
0.015748117743863713
0.004636070920444006
-0.014136183207119322
-0.01990964848105832
-0.009435552950831216
-0.014181754920359241
-0.018702459721421393
-0.018702459721421393
-0.009942603597716154
0.034169247534032096
-0.008779110658664982
-0.0031929409569355464
-0.005380645069165252
-0.0009908721135602583
-0.006822395675891473
-0.0001471776645553513
-0.025067520926147408
-0.0001471776645553513
-0.014136183207119322
-0.006822395675891473
-0.009435552950831216
-0.008779110658664982
-0.014610309413539297
-0.0030286418791819663
0.004636070920444006
-0.014610309413539297
-0.0001471776645553513
0.015748117743863713
-0.01802928077658648
0.004636070920444006
8.80208895877946e-05
8.80208895877946e-05
-0.025067520926147408
-0.0001471776645553513
-0.022060717977582574
-0.006822395675891473
-0.014610309413539297
-0.01802928077658648
-0.006822395675891473
0.004636070920444006
0.015748117743863713
-0.01802928077658648
0.004636070920444006
-0.01760096688690981
-0.005380645069165252
0.034169247534032096
0.008893700840161544
-0.022060717977582574
-0.00919155714648859
-0.009942603597716154
-0.014181754920359241
-0.01990964848105832
-0.007237464815437143
-0.00012361974071180542
0.008893700840161544
-0.0030286418791819663
0.015748117743863713
-0.014136183207119322
-0.01990964848105832
-0.008779110658664982
0.034169247534032096
0.008893700840161544
-0.014136183207119322
0.006950353799996053
-0.0031929409569355464
-0.014610309413539297
-0.007237464815437143
-0.014136183207119322
-0.0031929409569355464
-0.022060717977582574
-0.007237464815437143
-0.00919155714648859
-0.016012105397266434
0.008893700840161544
0.008893700840161544
-0.0009908721135602583
-0.00919155714648859
-0.014181754920359241
-0.00919155714648859
-0.0031929409569355464
-0.0001471776645553513
0.015748117743863713
0.015748117743863713
-0.0030286418791819663
-0.0009908721135602583
-0.00919155714648859
-0.008779110658664982
0.034169247534032096
-0.016012105397266434
-0.00919155714648859
-0.007237464815437143
-0.008779110658664982
0.015748117743863713
-0.014136183207119322
-0.01760096688690981
-0.025067520926147408
-0.014181754920359241
-0.01990964848105832
-0.007237464815437143
0.034169247534032096
0.034169247534032096
0.034169247534032096
-0.009435552950831216
0.004636070920444006
-0.009942603597716154
-0.00012361974071180542
-0.006822395675891473
