-0.01994843315170685
0.015076774920852949
-0.026481556252481064
-0.03285184238746114
-0.013643261798369298
-0.011588429687827282
-0.00706162665219344
0.08985964191506932
0.036833048508998344
-0.02564811309412053
-0.003205910716805305
-0.015063877245694997
-0.021993928868223336
0.0018979131474065642
-0.009903479876683373
0.003662903095123928
0.022846448686476
-0.010790108794050585
-0.010510119853770468
-0.006938336299719116
0.003662903095123928
-0.03942103647128832
-0.015378637293807939
-0.053734651009098404
0.006908849777681298
-0.024140481665703196
-0.03942103647128832
0.004265260871538382
0.026095359917286263
-0.00986803404156801
-0.024140481665703196
-0.0013020781644620197
-0.013755975745978906
-0.025649360423219466
-0.05298961309426039
0.006361979236581994
-0.016678992755645477
-0.018595838389364596
-0.016834913244832724
0.008398549467773297
-0.010192677874913408
-0.014107631780939635
-0.025649360423219466
-0.0007872061792775123
-0.004001319849993911
-0.028073257491409414
-0.004838238913855553
-0.014373168357645799
-0.020717218951458505
0.023541651085933243
-0.013755975745978906
-0.010510119853770468
0.014420434916024141
-0.027594082910041416
0.05823495956719328
-0.010632659592923702
-0.01588958983584335
0.009075529851897312
0.02126061013049833
0.006361979236581994
-0.02868637374169342
-0.017883874708202106
0.006371856226081549
-0.018166485458938512
-0.016304404173037145
0.01643851398933575
0.005075722043474762
-0.018595838389364596
-0.006938336299719116
-0.020717218951458505
-0.017883874708202106
-0.020695259252290293
-0.010510119853770468
-0.007396341733606864
-0.013521224368087377
-0.039823042409318325
-0.006489822406057329
-0.006929894141440267
-0.014107631780939635
-0.013531319363140492
-0.015358045470195564
-0.0007872061792775123
-0.011588429687827282
-0.015724141394912794
-0.009179526097100888
-0.0013020781644620197
-0.053734651009098404
0.004408411178282121
-0.018595838389364596
-0.013179922461234828
-0.020979164746031568
-0.01045462208988429
-0.029286326571197504
-0.0124239947690628
-0.03942103647128832
-0.01635735085526792
-0.020979164746031568
-0.031551422293371524
-0.015696293732792212
-0.0030331221982417087
0.017159138498836882
-0.01755390783478778
-0.009490682692796303
0.02126061013049833
-0.015696293732792212
0.003662903095123928
-0.024593173915725085
-0.014154254321147768
-0.031551422293371524
-0.015378637293807939
-0.015724141394912794
-0.003346671494210044
-0.014073216277196817
0.0075509910689127244
-0.01635735085526792
-0.02547706243305367
-0.005272095081402522
-0.021993928868223336
-0.0192663478681447
-0.02547706243305367
0.02555972677839764
0.006371856226081549
-0.015063877245694997
0.022846448686476
-0.027594082910041416
-0.015063877245694997
-0.031551422293371524
-0.0030331221982417087
-0.00986803404156801
-0.04336324888315881
-0.014373168357645799
-0.006938336299719116
-0.020695259252290293
-0.01755390783478778
-0.006609163337080144
0.008398549467773297
-0.009490682692796303
0.00011736075745116757
-0.02070056710980972
-0.010192677874913408
-0.028661273903725495
-0.028502979982815268
-0.010490407271290532
-0.016793514342058426
-0.018166485458938512
-0.0192663478681447
-0.020987026156406782
-0.03285184238746114
-0.05298961309426039
0.015076774920852949
-0.006489822406057329
-0.004838238913855553
0.017159138498836882
-0.007265660103614615
0.006908849777681298
-0.004795760761529192
-0.05298961309426039
-0.015358045470195564
-0.015724141394912794
-0.01588958983584335
-0.028073257491409414
-0.01994843315170685
-0.015378637293807939
-0.0124239947690628
0.009075529851897312
0.005672364739364463
-0.053734651009098404
-0.01041310857332663
-0.01994843315170685
-0.003205910716805305
-0.009903479876683373
-0.016304404173037145
-0.026481556252481064
-0.01041310857332663
0.003662903095123928
-0.004914490479691208
0.05823495956719328
-0.03942103647128832
-0.014107631780939635
-0.020987026156406782
0.003662903095123928
0.00011736075745116757
-0.014495253242908183
-0.024593173915725085
-0.007396341733606864
-0.014107631780939635
-0.007396341733606864
0.014420434916024141
-0.005272095081402522
-0.027594082910041416
-0.020717218951458505
0.006152533759574981
-0.016793514342058426
-0.016678992755645477
-0.019157919959492245
0.0015542073425343537
0.023907700375717204
-0.011277275078107423
-0.007396341733606864
-0.020695259252290293
-0.004914490479691208
0.005075722043474762
-0.016834913244832724
-0.01994843315170685
-0.011578880829097813
-0.011277275078107423
-0.009699598714505087
-0.031230243175422612
-0.011578880829097813
-0.006938336299719116
-0.02154082807060713
-0.0013020781644620197
-0.006489822406057329
-0.00220986163453973
-0.021993928868223336
-0.004838238913855553
-0.024140481665703196
-0.01635735085526792
-0.018166485458938512
-0.00910818825069257
-0.023430917829572556
0.022846448686476
-0.03270985785691003
-0.020717218951458505
-0.011578880829097813
-0.00986803404156801
-0.018842178509590943
-0.040080376060430425
-0.031230243175422612
0.004265260871538382
-0.028073257491409414
0.006152533759574981
0.03635377487632159
-0.01755390783478778
-0.006489822406057329
-0.010790108794050585
0.01643851398933575
-0.00708715854900281
-0.024593173915725085
-0.0007872061792775123
-0.0192663478681447
-0.018573539997012466
-0.037718098878762665
-0.010103806319109478
-0.01030047106200815
-0.03270985785691003
-0.02564811309412053
0.004634009685989936
-0.02547706243305367
-0.00910818825069257
0.039831856591966835
0.006908849777681298
-0.00754378897425209
-0.016793514342058426
-0.01041310857332663
-0.00706162665219344
-0.014373168357645799
0.022846448686476
-0.01041310857332663
-0.004914490479691208
-0.004795760761529192
0.012338932282581304
-0.025649360423219466
-0.015724141394912794
-0.015063877245694997
-0.02564811309412053
-0.02211178519510069
-0.013918276026496297
0.004634009685989936
-0.00986803404156801
-0.00910818825069257
-0.007396341733606864
-0.011588429687827282
-0.006938336299719116
0.01643851398933575
0.015076774920852949
-0.013179922461234828
-0.007396341733606864
-0.01030047106200815
-0.03227152590175618
0.015076774920852949
-0.05298961309426039
-0.004001319849993911
-0.013923937558137877
-0.00708715854900281
0.004408411178282121
-0.015378637293807939
0.004408411178282121
-0.00986803404156801
-0.01045462208988429
0.012884069591210301
-0.015696293732792212
-0.012250534480134872
-0.010419136419742483
-0.015696293732792212
-0.006929894141440267
-0.040080376060430425
-0.011277275078107423
-0.014495253242908183
-0.018842178509590943
-0.027594082910041416
-0.05298961309426039
-0.031230243175422612
-0.01530815819675595
-0.0036170966596390857
-0.007265660103614615
-0.011277275078107423
-0.015358045470195564
-0.011277275078107423
0.008398549467773297
0.0075509910689127244
-0.00754378897425209
-0.028073257491409414
-0.012520299809304948
-0.0030331221982417087
0.01643851398933575
0.004408411178282121
-0.01755390783478778
-0.011578880829097813
0.020527732596880482
-0.03270985785691003
-0.018595838389364596
-0.05298961309426039
0.029268428842654296
-0.009699598714505087
-0.010632659592923702
-0.013643261798369298
-0.002377357546673487
0.023541651085933243
0.014420434916024141
-0.007265660103614615
-0.015724141394912794
0.015076774920852949
0.02126061013049833
0.023907700375717204
-0.014495253242908183
-0.006489822406057329
-0.02253336900611418
-0.02211178519510069
-0.05298961309426039
0.036833048508998344
-0.013755975745978906
-0.020987026156406782
-0.013827240573173022
-0.0030331221982417087
-0.03270985785691003
-0.013755975745978906
0.015076774920852949
-0.03942103647128832
-0.014154254321147768
-0.014495253242908183
-0.025649360423219466
-0.004838238913855553
-0.01994843315170685
-0.013531319363140492
0.026095359917286263
-0.010490407271290532
-0.003346671494210044
-0.024140481665703196
-0.031230243175422612
0.010388560019091435
-0.007265660103614615
-0.011578880829097813
-0.02868637374169342
0.03635377487632159
-0.018842178509590943
-0.0036170966596390857
0.003662903095123928
0.009075529851897312
-0.010490407271290532
-0.0013020781644620197
-0.007265660103614615
-0.03736873603843673
0.006361979236581994
0.0015542073425343537
-0.016834913244832724
-0.013521224368087377
-0.039823042409318325
-0.018595838389364596
-0.014154254321147768
-0.014073216277196817
-0.015358045470195564
-0.015696293732792212
-0.0015765267889188736
0.017159138498836882
-0.004484290551614461
-0.006489822406057329
-0.005272095081402522
0.012338932282581304
0.00011736075745116757
-0.017883874708202106
-0.0013020781644620197
-0.006938336299719116
-0.010632659592923702
-0.003346671494210044
-0.0192663478681447
-0.010790108794050585
-0.012520299809304948
-0.04336324888315881
-0.043752066110372606
-0.016678992755645477
-0.013888388779819218
0.023541651085933243
0.006152533759574981
-0.01755390783478778
-0.03285184238746114
-0.014495253242908183
-0.05298961309426039
-0.009903479876683373
-0.02253336900611418
-0.004484290551614461
-0.043752066110372606
0.005075722043474762
0.006371856226081549
-0.00012710961678430183
-0.004838238913855553
-0.014373168357645799
-0.024401783813032527
0.02126061013049833
-0.020979164746031568
0.020527732596880482
0.020527732596880482
-0.010632659592923702
-0.00220986163453973
-0.053734651009098404
-0.0192663478681447
-0.010419136419742483
-0.02207179715514575
-0.02564811309412053
-0.018573539997012466
-0.014495253242908183
-0.01635735085526792
-0.03736873603843673
-0.011588429687827282
-0.020717218951458505
-0.009699598714505087
-0.007181428431336325
-0.03270985785691003
-0.028073257491409414
-0.015063877245694997
-0.04336324888315881
0.01659102354842393
-0.02868637374169342
-0.003346671494210044
-0.01530815819675595
0.0015542073425343537
-0.007396341733606864
-0.02211178519510069
-0.013521224368087377
-0.006938336299719116
-0.026161522765007522
-0.0015765267889188736
0.003662903095123928
-0.03942103647128832
-0.018166485458938512
-0.010510119853770468
-0.011578880829097813
0.023541651085933243
-0.01755390783478778
-0.0124239947690628
-0.020717218951458505
0.008398549467773297
-0.040080376060430425
-0.013888388779819218
-0.00708715854900281
-0.013827240573173022
-0.004001319849993911
-0.01045462208988429
-0.01755390783478778
0.03635377487632159
-0.010632659592923702
-0.016304404173037145
-0.05298961309426039
-0.013827240573173022
-0.004001319849993911
-0.017883874708202106
-0.02547706243305367
-0.024140481665703196
-0.015696293732792212
-0.018842178509590943
0.009075529851897312
0.08985964191506932
-0.053734651009098404
-0.021546488161281897
-0.013755975745978906
-0.01994843315170685
-0.006609163337080144
-0.0015765267889188736
-0.009179526097100888
0.00011736075745116757
-0.03270985785691003
-0.039823042409318325
-0.028502979982815268
0.006371856226081549
-0.010103806319109478
-0.02868637374169342
-0.04336324888315881
-0.01755390783478778
-0.007181428431336325
-0.0015765267889188736
0.05823495956719328
-0.02211178519510069
-0.003346671494210044
-0.0015765267889188736
-0.028661273903725495
0.05823495956719328
-0.002377357546673487
-0.004795760761529192
0.004408411178282121
-0.028073257491409414
-0.02547706243305367
-0.004001319849993911
-0.006929894141440267
-0.02207179715514575
-0.03227152590175618
-0.021993928868223336
-0.006489822406057329
-0.010103806319109478
-0.014495253242908183
-0.040080376060430425
-0.05298961309426039
0.0018979131474065642
-0.013179922461234828
0.017159138498836882
-0.017883874708202106
-0.0147017915388946
-0.007396341733606864
-0.016834913244832724
-0.00986803404156801
-0.014495253242908183
-0.013643261798369298
-0.026161522765007522
-0.010103806319109478
0.0009009451867754114
-0.02547706243305367
-0.010790108794050585
0.03635377487632159
-0.027594082910041416
0.02126061013049833
-0.00986803404156801
-0.026161522765007522
-0.0124239947690628
-0.021993928868223336
-0.0192663478681447
-0.03942103647128832
-0.00220986163453973
0.017159138498836882
-0.0015765267889188736
-0.0015765267889188736
-0.02207179715514575
-0.024401783813032527
-0.014373168357645799
-0.0147017915388946
-0.03285184238746114
-0.004914490479691208
0.022846448686476
-0.012250534480134872
-0.020695259252290293
-0.010192677874913408
-0.026161522765007522
0.03635377487632159
0.00011736075745116757
-0.013179922461234828
-0.01994843315170685
-0.00012710961678430183
0.022846448686476
-0.026481556252481064
0.017159138498836882
-0.007181428431336325
-0.01635735085526792
-0.011277275078107423
-0.0015765267889188736
-0.028661273903725495
-0.0147017915388946
-0.0015765267889188736
-0.006489822406057329
-0.013918276026496297
-0.03285184238746114
-0.010490407271290532
-0.013923937558137877
-0.02207179715514575
-0.01030047106200815
-0.01030047106200815
0.020527732596880482
0.006908849777681298
-0.00012710961678430183
-0.013755975745978906
-0.037718098878762665
-0.03227152590175618
-0.010790108794050585
-0.009490682692796303
-0.02253336900611418
0.023907700375717204
0.01882591064558933
-0.0036170966596390857
-0.013755975745978906
-0.013179922461234828
-0.006929894141440267
0.015076774920852949
-0.00708715854900281
0.01643851398933575
-0.014154254321147768
0.02555972677839764
-0.028502979982815268
-0.014154254321147768
0.023907700375717204
-0.03285184238746114
0.004634009685989936
0.023541651085933243
-0.016678992755645477
-0.0124239947690628
-0.02253336900611418
-0.013179922461234828
0.029268428842654296
0.022846448686476
-0.0013020781644620197
-0.017014440777067336
-0.01588958983584335
-0.026481556252481064
-0.012520299809304948
-0.004914490479691208
0.017159138498836882
-0.00910818825069257
-0.0013020781644620197
-0.017764473611783984
0.006361979236581994
-0.017764473611783984
-0.013179922461234828
-0.020717218951458505
-0.006609163337080144
-0.014495253242908183
-0.002377357546673487
0.0015542073425343537
0.009075529851897312
0.022846448686476
-0.02154082807060713
-0.020717218951458505
-0.01588958983584335
0.01659102354842393
0.005672364739364463
-0.00910818825069257
-0.01045462208988429
0.023907700375717204
-0.015063877245694997
-0.02253336900611418
-0.0036170966596390857
-0.004838238913855553
-0.013918276026496297
-0.009903479876683373
-0.01045462208988429
0.008398549467773297
-0.005272095081402522
0.03635377487632159
-0.037718098878762665
-0.020987026156406782
-0.017764473611783984
-0.02564811309412053
0.01659102354842393
-0.0147017915388946
-0.014073216277196817
-0.011578880829097813
-0.020987026156406782
-0.015724141394912794
-0.010790108794050585
0.005672364739364463
-0.021993928868223336
-0.04336324888315881
-0.053734651009098404
-0.00220986163453973
-0.00986803404156801
-0.014373168357645799
-0.018595838389364596
-0.024401783813032527
-0.03942103647128832
-0.020695259252290293
-0.02868637374169342
-0.009903479876683373
-0.028502979982815268
-0.053734651009098404
-0.03270985785691003
0.029268428842654296
0.005672364739364463
-0.00708715854900281
-0.02868637374169342
-0.01994843315170685
-0.020695259252290293
-0.00220986163453973
0.009075529851897312
-0.006489822406057329
-0.01755390783478778
-0.015063877245694997
0.014420434916024141
0.00011736075745116757
-0.018166485458938512
-0.007396341733606864
-0.009699598714505087
-0.018166485458938512
-0.017014440777067336
-0.006929894141440267
0.017159138498836882
-0.00847022430932174
-0.002377357546673487
-0.013888388779819218
0.010388560019091435
-0.00220986163453973
0.039831856591966835
-0.013918276026496297
-0.020987026156406782
-0.010419136419742483
-0.007181428431336325
-0.010490407271290532
-0.010632659592923702
-0.016834913244832724
0.015076774920852949
0.014420434916024141
0.012884069591210301
0.020527732596880482
-0.025649360423219466
-0.006938336299719116
-0.0030331221982417087
-0.0192663478681447
-0.013531319363140492
-0.0147017915388946
-0.010790108794050585
-0.018166485458938512
0.009075529851897312
0.01643851398933575
0.036833048508998344
-0.014154254321147768
-0.0192663478681447
0.03635377487632159
-0.02070056710980972
-0.011588429687827282
-0.02154082807060713
-0.018842178509590943
0.004634009685989936
-0.024593173915725085
0.006152533759574981
-0.016304404173037145
-0.02564811309412053
-0.00986803404156801
0.036833048508998344
-0.004484290551614461
-0.015696293732792212
-0.02211178519510069
-0.01045462208988429
-0.02070056710980972
-0.018132028234966437
-0.00220986163453973
-0.024401783813032527
0.00011736075745116757
0.026095359917286263
-0.00220986163453973
-0.014073216277196817
-0.01994843315170685
-0.01030047106200815
-0.007396341733606864
-0.014073216277196817
0.010388560019091435
-0.028502979982815268
-0.018573539997012466
-0.004838238913855553
-0.00220986163453973
-0.014495253242908183
-0.026481556252481064
0.08985964191506932
-0.015696293732792212
-0.02207179715514575
-0.01755390783478778
-0.014373168357645799
-0.012520299809304948
-0.013923937558137877
-0.040080376060430425
-0.031551422293371524
-0.02211178519510069
-0.018595838389364596
-0.00706162665219344
-0.006609163337080144
-0.010510119853770468
-0.027594082910041416
0.015076774920852949
-0.013923937558137877
-0.016304404173037145
-0.00708715854900281
-0.00012710961678430183
0.014420434916024141
0.022846448686476
-0.01635735085526792
-0.013755975745978906
-0.015358045470195564
0.00011736075745116757
-0.016304404173037145
-0.029286326571197504
-0.030713513577499452
-0.013179922461234828
-0.00754378897425209
-0.014495253242908183
-0.023430917829572556
-0.021546488161281897
-0.00220986163453973
-0.02868637374169342
-0.02070056710980972
0.0075509910689127244
-0.043752066110372606
-0.010490407271290532
-0.03736873603843673
0.015076774920852949
-0.02564811309412053
-0.006938336299719116
-0.00910818825069257
-0.01994843315170685
0.00011736075745116757
-0.004001319849993911
-0.023430917829572556
-0.009699598714505087
-0.00012710961678430183
0.020527732596880482
-0.007181428431336325
-0.017014440777067336
0.009075529851897312
-0.02253336900611418
-0.0192663478681447
-0.02070056710980972
-0.004484290551614461
-0.016834913244832724
-0.02547706243305367
0.029268428842654296
-0.015724141394912794
-0.02211178519510069
-0.006609163337080144
0.010388560019091435
-0.004914490479691208
-0.024401783813032527
0.08985964191506932
-0.037718098878762665
0.004265260871538382
-0.00706162665219344
-0.031230243175422612
-0.0007872061792775123
-0.010419136419742483
-0.007181428431336325
-0.031230243175422612
-0.02207179715514575
-0.014107631780939635
-0.053734651009098404
-0.024140481665703196
-0.03736873603843673
0.029268428842654296
-0.013755975745978906
-0.018166485458938512
0.0009009451867754114
-0.039823042409318325
-0.014073216277196817
-0.004795760761529192
0.00011736075745116757
-0.014073216277196817
-0.006609163337080144
-0.053734651009098404
-0.05298961309426039
0.0018979131474065642
-0.013643261798369298
0.022846448686476
-0.01635735085526792
-0.010790108794050585
-0.015696293732792212
0.003662903095123928
-0.007396341733606864
-0.011578880829097813
-0.02564811309412053
-0.003205910716805305
-0.02564811309412053
-0.0013020781644620197
-0.013923937558137877
-0.03285184238746114
-0.016793514342058426
-0.01755390783478778
-0.006609163337080144
0.004265260871538382
-0.014073216277196817
0.023541651085933243
-0.01530815819675595
-0.043752066110372606
-0.039823042409318325
-0.004795760761529192
-0.01755390783478778
-0.014154254321147768
-0.003346671494210044
0.0018979131474065642
-0.013888388779819218
0.023907700375717204
-0.031230243175422612
0.006371856226081549
0.023541651085933243
-0.016678992755645477
-0.05298961309426039
-0.012250534480134872
0.08985964191506932
-0.040080376060430425
0.004265260871538382
0.022846448686476
-0.007396341733606864
-0.002377357546673487
-0.01635735085526792
-0.015696293732792212
-0.002559879137349766
-0.028502979982815268
-0.007181428431336325
-0.007181428431336325
-0.01030047106200815
-0.00012710961678430183
-0.021546488161281897
-0.017014440777067336
-0.018166485458938512
-0.02211178519510069
0.029268428842654296
-0.0013020781644620197
-0.00220986163453973
-0.017883874708202106
-0.011578880829097813
-0.014154254321147768
-0.03313386090388745
-0.05298961309426039
-0.006929894141440267
-0.013531319363140492
-0.00012710961678430183
0.005672364739364463
-0.004795760761529192
-0.007265660103614615
-0.013521224368087377
-0.00986803404156801
-0.030713513577499452
-0.013827240573173022
-0.011277275078107423
-0.013531319363140492
-0.010490407271290532
-0.010632659592923702
0.005672364739364463
-0.024401783813032527
-0.016793514342058426
-0.002559879137349766
-0.006938336299719116
-0.013531319363140492
0.00011736075745116757
-0.00220986163453973
0.022846448686476
-0.05298961309426039
-0.024140481665703196
-0.00847022430932174
-0.00708715854900281
-0.01530815819675595
-0.018595838389364596
-0.010632659592923702
-0.002559879137349766
0.0075509910689127244
-0.015378637293807939
0.010388560019091435
-0.0007872061792775123
-0.03942103647128832
0.029268428842654296
-0.018166485458938512
-0.019157919959492245
0.014420434916024141
-0.020717218951458505
-0.013918276026496297
-0.00220986163453973
-0.006929894141440267
0.005075722043474762
-0.014373168357645799
-0.03270985785691003
-0.05298961309426039
-0.010103806319109478
-0.02547706243305367
0.005672364739364463
0.010388560019091435
-0.037718098878762665
0.00011736075745116757
0.006908849777681298
-0.020695259252290293
-0.009490682692796303
-0.053734651009098404
-0.020695259252290293
0.004265260871538382
-0.037718098878762665
-0.018132028234966437
-0.013531319363140492
-0.020717218951458505
-0.037718098878762665
0.010388560019091435
0.039831856591966835
0.05823495956719328
-0.014107631780939635
0.004265260871538382
0.006908849777681298
-0.0192663478681447
0.0075509910689127244
-0.040080376060430425
0.005672364739364463
0.029268428842654296
-0.012250534480134872
0.02126061013049833
