-0.051925328633028595
-0.0030419777655895258
0.0023659440188538833
-0.004370768588803145
-0.036597518497387085
-0.010786144014945867
-0.05057145010465346
-0.034031987128562174
-0.002022226915503066
-0.007421216389037495
-0.011254520380031349
-0.012751256045908778
-0.021265777760042855
-0.004398637128713267
-0.020219278788247648
-0.04970140085979823
-0.05073223430020869
-0.03404644849123435
-0.016404172427812495
-0.004370768588803145
-0.0016314246935437838
-0.04970140085979823
-0.009460888264186056
-0.025617411165630335
-0.051925328633028595
-0.004410252319885664
-0.012198824620743702
-0.03951360304647332
-0.00518787883190514
-0.011558564880946948
-0.013859228012659755
-0.024826421845830532
-0.029355829420121816
-0.03951360304647332
-0.002902334306408922
-0.023306561719026783
-0.007905834959300863
-0.011254520380031349
-0.017595518477668506
0.007561312891395523
-0.02125334205004114
-0.010786144014945867
-0.047546745436485995
-0.02704192643650494
-0.0009754174721666937
-0.012751256045908778
-0.011594253881217884
-0.018399792059848052
-0.02704192643650494
-0.01690728829770378
-0.0021344608797685227
-0.03073128673196778
-0.0015421256714206859
-0.0052042959259882065
-0.01690728829770378
-0.04328527875923584
-0.054567452137802175
-0.015915989567782996
-0.0052042959259882065
-0.010663225761390296
-0.051925328633028595
-0.04055923871454262
-0.01093246612595008
-0.04970140085979823
-0.011652326829048315
-0.020055616967983247
-0.03463149372514195
-0.07190051292417822
-0.0010192364290234838
0.0007594319926383525
-0.04055923871454262
-0.020219278788247648
0.0045516334241697725
0.018471201027276705
-0.00518787883190514
-0.010594840874596868
0.004503291056922572
-0.002408468053509103
-0.051925328633028595
-0.011594253881217884
-0.038850636044336
-0.028381880790236142
0.02088215706691201
-0.03093920762660451
-0.012802857614059355
-0.01985203527999916
-0.0025495977637375097
-0.04970140085979823
-0.008612514228263484
-0.025617411165630335
-0.004370768588803145
-0.022169741364990017
0.0023659440188538833
-0.03741651246816915
-0.032772097839320787
-0.020055616967983247
-0.018399792059848052
0.004503291056922572
-0.025617411165630335
-0.00579574970272234
-0.011594253881217884
-0.015874331968849492
-0.030161652633134542
0.005375416359916292
-0.014788433868684035
-0.06225871004309046
0.0007594319926383525
-0.017854218272350827
-0.0208117882946501
-0.020219278788247648
-0.002902334306408922
-0.004398637128713267
-0.011028158144661253
-0.010663225761390296
-0.03073128673196778
-0.04532940896564545
-0.020055616967983247
-0.005224702788470718
-0.03094929391154714
0.021226248216095214
-0.012414558747787416
-0.01690728829770378
-0.002022226915503066
-0.0277986632609963
-0.01357363346640429
-0.003362578066473754
-0.034837608809567364
0.009798693205078871
-0.016404172427812495
-0.0025495977637375097
-0.01357363346640429
-0.02704192643650494
-0.03182977597101783
0.007207428871421146
-0.0277986632609963
-0.0021344608797685227
-0.004398637128713267
-0.021265777760042855
-0.010538412177093774
-0.0030419777655895258
-0.002022226915503066
-0.00022468879930844543
-0.0382800929983654
-0.010786144014945867
-0.014086119439161715
-0.00022468879930844543
0.024510080502869697
-0.004370768588803145
-0.02125334205004114
-0.0009754174721666937
-0.028381880790236142
-0.02125334205004114
-0.0277986632609963
-0.003362578066473754
-0.015915989567782996
-0.039528597162858496
-0.010594840874596868
-0.018399792059848052
-0.00579574970272234
0.009798693205078871
-0.014419302858019028
-0.07190051292417822
-0.016404172427812495
-0.02144046656386656
-0.03024674027402012
-0.0010192364290234838
-0.012975338293313628
-0.0404835562890705
-0.031213568882901856
-0.00029775002546131914
-0.022169741364990017
-0.014086119439161715
-0.04946667100291764
-0.029355829420121816
-0.01093246612595008
-0.013859228012659755
-0.014788433868684035
-0.00518787883190514
-0.034837608809567364
-0.014061053920321719
-0.0015421256714206859
-0.019951691675458787
-0.01093246612595008
-0.0208117882946501
-0.004398637128713267
-0.012802857614059355
0.018471201027276705
-0.011558564880946948
-0.0021344608797685227
-0.012414558747787416
-0.01985203527999916
-0.008097683339624455
-0.03073128673196778
-0.012368962388873505
-0.011558564880946948
0.007561312891395523
0.0023659440188538833
-0.024826421845830532
-0.012368962388873505
-0.02704192643650494
-0.013972184730684999
0.02088215706691201
-0.01690728829770378
0.0007594319926383525
-0.04946667100291764
-0.02704192643650494
-0.02144046656386656
-0.05590820166615886
-0.03182977597101783
-0.015874331968849492
0.0007594319926383525
-0.015874331968849492
-0.038850636044336
-0.0382800929983654
-0.028381880790236142
0.004503291056922572
0.0016078384253048615
-0.00029775002546131914
-0.011652326829048315
-0.018935841641205077
-0.003442521264402282
-0.03067499959553425
-0.004410252319885664
-0.015874331968849492
-0.00579574970272234
-0.013972184730684999
-0.032772097839320787
-0.03463149372514195
-0.011558564880946948
-0.03132047486710705
-0.004410252319885664
-0.009442419140814406
-0.012163609033951271
-0.03132047486710705
-0.018399792059848052
-0.00858325630291663
-0.010663225761390296
-0.014788433868684035
-0.009340545967816518
-0.010786144014945867
-0.00518787883190514
-0.0052042959259882065
-0.002022226915503066
-0.022169741364990017
-0.007421216389037495
-0.034031987128562174
-0.0009754174721666937
-0.016336177776547955
0.004503291056922572
-0.03132047486710705
-0.015915989567782996
-0.0016314246935437838
-0.02756751887305711
-0.012163609033951271
-0.04328527875923584
0.018471201027276705
0.0016078384253048615
-0.036597518497387085
0.009798693205078871
-0.014788433868684035
-0.012751256045908778
-0.03741651246816915
-0.028292210667844514
-0.03182977597101783
-0.020219278788247648
-0.014086119439161715
-0.00398359917042126
-0.026986607485640038
-0.026588864872918918
-0.016294998421853633
-0.016336177776547955
-0.017595518477668506
-0.0183524298125511
-0.00022468879930844543
-0.007421216389037495
-0.014456334830353875
-0.0015421256714206859
-0.012198824620743702
-0.00029775002546131914
-0.012368962388873505
-0.023306561719026783
-0.010594840874596868
-0.0009754174721666937
-0.012368962388873505
-0.013972184730684999
-0.019951691675458787
-0.015981736577381063
-0.04055923871454262
-0.004398637128713267
-0.02125334205004114
-0.017595518477668506
-0.0004498257023678955
-0.006164385318832416
-0.0183524298125511
-0.015915989567782996
-0.007421216389037495
-0.015874331968849492
-0.002902334306408922
-0.018399792059848052
-0.03741651246816915
-0.013859228012659755
-0.005224702788470718
-0.015874331968849492
-0.016294998421853633
-0.03762514061348051
-0.013859228012659755
-0.01093246612595008
0.0045516334241697725
-0.015888629671966366
-0.028292210667844514
-0.04532940896564545
-0.0021344608797685227
-0.04532940896564545
-0.015915989567782996
-0.03094929391154714
-0.050585912671323445
-0.01357363346640429
-0.015066383473791857
-0.05057145010465346
-0.01357363346640429
-0.06225871004309046
-0.02756751887305711
-0.004410252319885664
-0.05590820166615886
-0.0016314246935437838
-0.028381880790236142
-0.01093246612595008
-0.012163609033951271
-0.05073223430020869
-0.01971472645520438
-0.014061053920321719
-0.004410252319885664
-0.0208117882946501
-0.004410252319885664
-0.07190051292417822
-0.0030419777655895258
-0.012198824620743702
0.018471201027276705
-0.02228973056921946
-0.003362578066473754
-0.03741651246816915
-0.04532940896564545
0.009798693205078871
-0.03132047486710705
-0.007452796439776145
-0.016336177776547955
-0.020055616967983247
-0.01093246612595008
-0.030822622125400937
-0.009442419140814406
-0.03093920762660451
-0.03951360304647332
-0.01777592851558997
-0.002408468053509103
-0.038850636044336
-0.014061053920321719
-0.004398637128713267
-0.013859228012659755
-0.0025495977637375097
-0.03067499959553425
-0.05590820166615886
-0.014788433868684035
-0.02997373303649925
-0.0004498257023678955
-0.01093246612595008
-0.011254520380031349
-0.051925328633028595
-0.04946667100291764
-0.05875732367226185
-0.003362578066473754
-0.016336177776547955
-0.051925328633028595
-0.013859228012659755
-0.01690728829770378
0.007207428871421146
-0.05590820166615886
-0.04055923871454262
-0.00518787883190514
-0.011558564880946948
-0.017854218272350827
-0.054567452137802175
-0.031213568882901856
-0.021265777760042855
-0.0052042959259882065
-0.012163609033951271
-0.02042827652802133
-0.014061053920321719
-0.03132047486710705
-0.008612514228263484
-0.036597518497387085
-0.0016314246935437838
-0.01971472645520438
-0.02704192643650494
-0.01985203527999916
-0.031213568882901856
-0.010663225761390296
-0.014061053920321719
0.004621542232379817
-0.04970140085979823
-0.003442521264402282
-0.03463149372514195
-0.030161652633134542
0.005375416359916292
-0.020055616967983247
0.007207428871421146
-0.010538412177093774
-0.0208117882946501
-0.01357363346640429
-0.026613110454262193
-0.034837608809567364
-0.023112088444638183
-0.014788433868684035
-0.0382800929983654
-0.015981736577381063
-0.02144046656386656
-0.025617411165630335
-0.010663225761390296
-0.018399792059848052
-0.03093920762660451
-0.021265777760042855
-0.014086119439161715
-0.012751256045908778
-0.02228973056921946
-0.039528597162858496
-0.01538323034826853
-0.011652326829048315
-0.009794651658644307
-0.002408468053509103
0.0016078384253048615
0.009798693205078871
-0.029355829420121816
-0.05590820166615886
-0.01093246612595008
-0.02997373303649925
-0.023112088444638183
-0.01538323034826853
-0.032772097839320787
-0.004370768588803145
-0.021713003547315233
-0.00518787883190514
-0.010594840874596868
-0.015161663467288075
-0.0025495977637375097
-0.007452796439776145
-0.007452796439776145
-0.03093920762660451
-0.009340545967816518
-0.03073128673196778
-0.014086119439161715
-0.05057145010465346
-0.017319316157598914
-0.017595518477668506
-0.00398359917042126
-0.05590820166615886
-0.002022226915503066
0.004621542232379817
-0.002902334306408922
0.004503291056922572
-0.009442419140814406
-0.009460888264186056
-0.016336177776547955
0.018471201027276705
-0.02125334205004114
-0.039528597162858496
-0.010075768305017932
-0.008612514228263484
-0.021265777760042855
-0.05073223430020869
-0.003442521264402282
-0.015874331968849492
-0.0004498257023678955
-0.030161652633134542
-0.018399792059848052
-0.010416087424581555
-0.026613110454262193
-0.02704192643650494
-0.01690728829770378
-0.022169741364990017
-0.011594253881217884
-0.03132047486710705
-0.002408468053509103
0.009798693205078871
-0.012414558747787416
0.004503291056922572
-0.07190051292417822
-0.02756751887305711
-0.009794651658644307
-0.028292210667844514
-0.05875732367226185
0.0045516334241697725
-0.03094929391154714
0.009798693205078871
-0.036597518497387085
-0.03093920762660451
0.0023659440188538833
-0.01093246612595008
-0.05875732367226185
0.0045516334241697725
-0.025617411165630335
-0.00022468879930844543
-0.0052042959259882065
-0.01357363346640429
-0.0016314246935437838
-0.01985203527999916
-0.007905834959300863
-0.03073128673196778
-0.003399435083015147
-0.051925328633028595
-0.011558564880946948
-0.014419302858019028
-0.026613110454262193
-0.011028158144661253
-0.02144046656386656
-0.016336177776547955
0.005375416359916292
-0.0404835562890705
-0.004370768588803145
-0.026588864872918918
-0.008612514228263484
-0.039528597162858496
0.009798693205078871
-0.009460888264186056
-0.026613110454262193
0.02088215706691201
-0.0004498257023678955
-0.021265777760042855
-0.026613110454262193
-0.012975338293313628
0.02088215706691201
-0.01777592851558997
-0.019951691675458787
-0.04532940896564545
0.018471201027276705
-0.00022468879930844543
0.0045516334241697725
-0.06225871004309046
-0.017319316157598914
-0.03762514061348051
-0.010786144014945867
-0.014788433868684035
-0.026588864872918918
-0.05590820166615886
-0.02756751887305711
-0.01093246612595008
-0.047546745436485995
-0.005224702788470718
-0.034837608809567364
-0.025617411165630335
-0.013405519688461274
-0.015874331968849492
-0.03463149372514195
-0.015915989567782996
-0.05590820166615886
-0.03951360304647332
-0.010416087424581555
-0.026588864872918918
-0.0077145632690296395
-0.00022468879930844543
-0.012751256045908778
-0.036597518497387085
-0.028381880790236142
-0.0025495977637375097
-0.015915989567782996
-0.010416087424581555
-0.012414558747787416
-0.010786144014945867
-0.014086119439161715
-0.01690728829770378
-0.009340545967816518
-0.034837608809567364
-0.026613110454262193
-0.026613110454262193
-0.017319316157598914
-0.015161663467288075
-0.010594840874596868
-0.013405519688461274
-0.029355829420121816
-0.013972184730684999
-0.0009754174721666937
-0.015066383473791857
-0.00579574970272234
-0.0010192364290234838
-0.010416087424581555
-0.036597518497387085
-0.02144046656386656
-0.005224702788470718
-0.011558564880946948
-0.021713003547315233
-0.0009754174721666937
-0.024826421845830532
-0.034837608809567364
-0.009460888264186056
-0.002022226915503066
-0.004410252319885664
-0.026613110454262193
-0.012975338293313628
-0.013405519688461274
-0.026613110454262193
-0.014788433868684035
-0.006164385318832416
-0.029355829420121816
-0.031213568882901856
-0.015888629671966366
-0.017319316157598914
-0.016294998421853633
-0.016294998421853633
-0.007452796439776145
-0.0015421256714206859
-0.021713003547315233
-0.051925328633028595
-0.026986607485640038
-0.03762514061348051
-0.012751256045908778
-0.016404172427812495
-0.02997373303649925
-0.03067499959553425
-0.0015179556033564855
-0.01971472645520438
-0.051925328633028595
-0.005224702788470718
-0.06225871004309046
-0.013859228012659755
-0.028292210667844514
-0.03741651246816915
0.007207428871421146
0.024510080502869697
-0.0404835562890705
0.007207428871421146
-0.03067499959553425
-0.029355829420121816
-0.0183524298125511
-0.002408468053509103
-0.011652326829048315
-0.012414558747787416
-0.02997373303649925
-0.005224702788470718
-0.030822622125400937
-0.0009754174721666937
-0.010663225761390296
-0.0043364024149909
-0.012802857614059355
-0.024826421845830532
-0.02228973056921946
-0.013972184730684999
-0.034837608809567364
-0.007421216389037495
-0.010663225761390296
-0.018220574201936672
-0.04970140085979823
-0.018220574201936672
-0.005224702788470718
0.004503291056922572
-0.014419302858019028
-0.05590820166615886
-0.01777592851558997
-0.003442521264402282
-0.01985203527999916
-0.0009754174721666937
-0.00858325630291663
0.004503291056922572
-0.012802857614059355
-0.010075768305017932
-0.008097683339624455
-0.007421216389037495
-0.03094929391154714
-0.03067499959553425
-0.02125334205004114
-0.02997373303649925
-0.01971472645520438
-0.00518787883190514
-0.006164385318832416
-0.03094929391154714
-0.07190051292417822
-0.0382800929983654
-0.036597518497387085
-0.026986607485640038
-0.04946667100291764
-0.018220574201936672
-0.017595518477668506
-0.010075768305017932
-0.013405519688461274
-0.010538412177093774
-0.03132047486710705
-0.04946667100291764
-0.004398637128713267
-0.012751256045908778
-0.008097683339624455
-0.010786144014945867
-0.039528597162858496
-0.03073128673196778
-0.009340545967816518
-0.015915989567782996
-0.010594840874596868
-0.020055616967983247
-0.015161663467288075
-0.01690728829770378
-0.00579574970272234
-0.008612514228263484
-0.0404835562890705
-0.03073128673196778
-0.016336177776547955
-0.030822622125400937
-0.008097683339624455
-0.028292210667844514
-0.008612514228263484
-0.011558564880946948
-0.00579574970272234
-0.009340545967816518
-0.01985203527999916
-0.014788433868684035
0.009798693205078871
-0.02125334205004114
-0.038850636044336
-0.02144046656386656
-0.022169741364990017
-0.015874331968849492
-0.009442419140814406
-0.022169741364990017
-0.0043364024149909
-0.06225871004309046
-0.034837608809567364
-0.01700500787667932
-0.01777592851558997
-0.009794651658644307
-0.02042827652802133
-0.009340545967816518
-0.014456334830353875
-0.006164385318832416
-0.04946667100291764
-0.05057145010465346
-0.009460888264186056
-0.031213568882901856
-0.03093920762660451
-0.03463149372514195
-0.013859228012659755
-0.038850636044336
-0.050585912671323445
-0.007452796439776145
-0.04055923871454262
-0.018399792059848052
-0.003362578066473754
-0.014086119439161715
-0.017854218272350827
-0.013405519688461274
-0.012751256045908778
-0.022169741364990017
-0.01985203527999916
-0.03741651246816915
-0.011254520380031349
0.007207428871421146
-0.014086119439161715
-0.036597518497387085
-0.03024674027402012
-0.002902334306408922
-0.00858325630291663
-0.0016314246935437838
-0.0183524298125511
-0.03182977597101783
0.0016078384253048615
0.0023659440188538833
-0.017595518477668506
-0.015915989567782996
-0.011254520380031349
-0.023112088444638183
-0.01357363346640429
-0.0004498257023678955
-0.03094929391154714
-0.03024674027402012
-0.013221599877954775
-0.009340545967816518
-0.015161663467288075
-0.02144046656386656
-0.054567452137802175
-0.009340545967816518
-0.010538412177093774
-0.011558564880946948
-0.016294998421853633
-0.015874331968849492
-0.010538412177093774
-0.02042827652802133
-0.0404835562890705
-0.00398359917042126
-0.00518787883190514
-0.009340545967816518
-0.05590820166615886
-0.024826421845830532
-0.007905834959300863
-0.01357363346640429
-0.017319316157598914
0.009798693205078871
-0.010594840874596868
-0.02228973056921946
-0.015888629671966366
-0.02756751887305711
-0.0277986632609963
-0.0004498257023678955
-0.020055616967983247
-0.023306561719026783
-0.014419302858019028
-0.011594253881217884
-0.028381880790236142
-0.013859228012659755
-0.015888629671966366
0.0023659440188538833
-0.028292210667844514
-0.021713003547315233
-0.038850636044336
-0.0009754174721666937
-0.002022226915503066
-0.051925328633028595
-0.0208117882946501
-0.02144046656386656
0.0023659440188538833
0.021226248216095214
-0.03992645688312663
-0.005224702788470718
-0.012198824620743702
-0.05590820166615886
-0.034031987128562174
-0.003399435083015147
-0.009340545967816518
-0.008612514228263484
-0.03024674027402012
-0.0030419777655895258
-0.01538323034826853
-0.031213568882901856
0.004621542232379817
-0.013859228012659755
-0.017595518477668506
-0.018399792059848052
-0.007421216389037495
-0.011558564880946948
-0.02144046656386656
0.0045516334241697725
-0.034031987128562174
-0.009442419140814406
-0.021713003547315233
-0.007452796439776145
-0.009460888264186056
-0.0043364024149909
-0.01985203527999916
-0.02997373303649925
-0.014086119439161715
-0.03024674027402012
-0.023112088444638183
-0.03463149372514195
-0.00022468879930844543
-0.030822622125400937
-0.004398637128713267
-0.0004498257023678955
-0.014419302858019028
-0.02042827652802133
-0.013972184730684999
-0.015161663467288075
-0.007905834959300863
-0.026986607485640038
-0.04328527875923584
-0.023306561719026783
-0.012163609033951271
-0.020219278788247648
-0.05057145010465346
-0.009460888264186056
-0.012163609033951271
-0.017319316157598914
0.0007594319926383525
-0.03073128673196778
-0.0052042959259882065
0.004621542232379817
-0.030822622125400937
-0.051925328633028595
-0.022169741364990017
-0.0077145632690296395
0.005375416359916292
-0.010538412177093774
-0.019951691675458787
-0.02144046656386656
-0.010538412177093774
-0.014419302858019028
-0.03073128673196778
-0.01093246612595008
-0.047546745436485995
-0.03951360304647332
-0.0009754174721666937
-0.002022226915503066
-0.012751256045908778
-0.01357363346640429
-0.02704192643650494
-0.015874331968849492
-0.03132047486710705
-0.017595518477668506
0.007561312891395523
-0.017595518477668506
-0.010663225761390296
-0.015888629671966366
-0.029355829420121816
-0.00029775002546131914
0.009798693205078871
-0.014419302858019028
-0.04328527875923584
-0.010538412177093774
-0.002408468053509103
-0.05073223430020869
-0.01538323034826853
0.005375416359916292
-0.019951691675458787
0.009798693205078871
0.007207428871421146
-0.021265777760042855
-0.047546745436485995
-0.009794651658644307
-0.03067499959553425
-0.012163609033951271
-0.004370768588803145
-0.002408468053509103
-0.011652326829048315
-0.01093246612595008
-0.015066383473791857
-0.007905834959300863
-0.02756751887305711
-0.04328527875923584
-0.0009754174721666937
-0.015874331968849492
-0.01777592851558997
-0.002022226915503066
-0.01357363346640429
-0.016273211745687095
-0.0404835562890705
-0.009460888264186056
-0.009460888264186056
-0.016294998421853633
-0.021713003547315233
-0.003399435083015147
-0.0043364024149909
-0.022169741364990017
-0.0004498257023678955
-0.030822622125400937
-0.010663225761390296
-0.009340545967816518
-0.025617411165630335
-0.03132047486710705
0.007207428871421146
-0.03404644849123435
-0.01093246612595008
-0.06225871004309046
-0.017854218272350827
-0.021713003547315233
-0.008097683339624455
-0.019951691675458787
-0.014061053920321719
-0.030161652633134542
-0.015915989567782996
-0.03992645688312663
-0.05875732367226185
-0.004410252319885664
-0.017854218272350827
-0.031213568882901856
-0.03093920762660451
-0.008097683339624455
-0.015161663467288075
-0.00029775002546131914
-0.016273211745687095
-0.018399792059848052
-0.017854218272350827
-0.02144046656386656
-0.009340545967816518
-0.0009754174721666937
-0.01093246612595008
-0.0052042959259882065
-0.01700500787667932
-0.028292210667844514
-0.05073223430020869
-0.020055616967983247
-0.03093920762660451
-0.016273211745687095
-0.0030419777655895258
-0.0021344608797685227
-0.02042827652802133
-0.020219278788247648
-0.01690728829770378
-0.030822622125400937
-0.022169741364990017
-0.018935841641205077
-0.038850636044336
0.004503291056922572
-0.006164385318832416
-0.009340545967816518
-0.06225871004309046
-0.032772097839320787
-0.010594840874596868
-0.016336177776547955
-0.01093246612595008
-0.026588864872918918
-0.00022468879930844543
-0.008097683339624455
-0.02042827652802133
-0.026986607485640038
-0.02144046656386656
-0.0015421256714206859
-0.00579574970272234
-0.016404172427812495
