	scvi_1	scvi_2	scvi_3	scvi_4	scvi_5
SRR7408400	-1.9594524	-1.8585969	-1.0352055	-3.6892562	2.5273495
SRR7408401	-1.2334899	-0.003730595	-0.98151624	-3.962626	4.236172
SRR7408404	-0.6604513	0.69126594	-2.0819364	-4.2930408	5.880571
SRR7408413	-1.6071963	-0.6890199	-1.2692449	-3.8835206	3.8092132
SRR7408414	-1.7923276	1.33149	-2.5258198	-3.0690832	6.172991
SRR7408418	-1.6297667	-1.01051	-0.3738818	-3.911646	3.3268661
SRR7408422	-1.2262067	-0.16623878	-2.7573352	-5.3952804	5.78163
SRR7408424	-2.6839101	0.06725651	-1.2859523	-2.4538674	2.8841457
SRR7408426	-1.6542845	-0.41377163	-0.8294047	-3.879127	3.9693637
SRR7408427	-0.8235705	0.13706362	-1.7774926	-4.576897	4.5115447
SRR7408433	-3.2349024	-0.27996105	-1.2744514	-1.9463977	2.0348663
SRR7408437	-1.8221518	0.71848357	-2.5593028	-3.669643	6.107084
SRR7408438	-2.7165713	-1.8263649	-0.65884817	-2.426001	2.4302645
SRR7408444	-1.6301484	0.017011285	-0.73172176	-1.89318	3.1661124
SRR7408446	-2.224131	1.0144364	-1.0669494	-2.7346497	4.828671
SRR7408448	-2.2146285	-2.1616697	0.73943424	-1.1035861	0.10959211
SRR7408449	-2.3937235	0.9310417	-0.14028344	-1.264063	1.995259
SRR7408454	-3.7689247	0.47806293	-0.26176438	-0.6558081	4.885873
SRR7408458	-1.621857	-0.21080339	-1.0774888	-2.6514597	4.301601
SRR7408460	-2.4350052	0.7360013	-0.781037	-0.8819345	3.5757008
SRR7408461	-1.6604939	0.13639195	-1.1582485	-1.9906858	4.692772
SRR7408462	-1.7515503	1.4115483	-1.8573254	-3.4428582	6.048728
SRR7408470	-2.4559531	0.95150083	-0.6893288	-2.1772895	2.4178162
SRR7408472	-1.3854525	0.9917521	0.5500173	-1.7952143	1.166303
SRR7408473	-1.5072598	-0.25231713	1.1112382	-2.547644	1.1137229
SRR7408474	-0.88766867	-0.7860898	-1.7617575	-4.1374393	4.804179
SRR7408475	-3.2311187	-0.32711953	-0.33830854	-2.9033313	3.3843288
SRR7408482	-0.88364506	0.32928053	-2.13	-3.3287725	5.410778
SRR7408483	-0.9366706	1.5967814	-1.2522755	-1.5023458	4.761392
SRR7408485	-0.28209704	0.9104361	-1.9752496	-3.8151302	5.220459
SRR7408486	-1.8043634	0.5558448	0.013605863	-2.8387814	3.3742685
SRR7408487	-1.6206207	-1.3744897	-0.47283056	-3.6021938	3.0326204
SRR7408493	-0.73138106	0.50757754	-0.38550833	-3.7207594	4.398782
SRR7408494	-1.9551619	0.6440664	-0.8538344	-2.285549	3.5098157
SRR7408498	-1.2366519	-0.6692413	-0.96142733	-3.9844537	3.7954187
SRR7408517	-1.072396	-0.54213625	-1.0955552	-3.7352898	4.05757
SRR7408518	-2.7501042	1.3989233	-0.7288002	-2.1853065	4.3375497
SRR7408519	-1.5002255	0.9205923	-0.8383759	-2.2876174	4.1960654
SRR7408520	-1.0536382	-0.16075921	-2.598986	-5.1182113	5.743496
SRR7408521	-1.3286223	0.63130414	-0.3755338	-1.0475621	1.7405654
SRR7408522	-2.7569175	-1.8668896	-0.23998967	-6.5403886	4.2439036
SRR7408523	-1.2448823	-0.9660115	-1.8076824	-4.616468	4.071119
SRR7408524	-2.7271366	-0.7201725	-0.7484045	-2.750764	2.9272838
SRR7408525	-1.9840837	-1.4093255	-0.45273277	-4.7827687	2.5222516
SRR7408526	-0.7719202	-1.8093337	-0.26555452	-4.469481	3.4267635
SRR7408527	-2.200201	0.7336756	-1.4345995	-2.889192	5.3349586
SRR7408528	-1.8663684	-1.013175	-1.4472044	-4.52163	4.1618257
SRR7408529	-0.9303806	-0.27970266	-1.3284763	-4.1019855	4.63289
SRR7408530	-0.6995283	-0.5240455	-0.83347857	-4.447051	3.8057027
SRR7408531	-0.5789968	0.62936825	-1.7036194	-3.9156137	5.2702403
SRR7408532	-1.7602377	0.45188814	-2.3851814	-4.641934	5.0871887
SRR7408533	-0.92608726	-0.006756872	-0.60334814	-4.6066666	4.270423
SRR7408534	-1.8882291	-0.25439572	-0.7071067	-2.834694	3.747748
SRR7408535	-2.2660072	0.88559496	-2.2256565	-2.8002524	6.3097043
SRR7408536	-2.092266	-2.1493177	-0.28917935	-2.7881875	1.8210757
SRR7408537	-1.6410226	-0.15875423	-1.7806462	-4.223374	5.506242
SRR7408538	-0.8593756	-0.063948125	-0.3491172	-2.5727618	3.6685314
SRR7408539	-0.36934775	-0.13082463	-2.0373144	-4.3695498	5.3120103
SRR7408540	-4.412545	0.80570126	-0.62626684	-1.7334921	3.1244955
SRR7408541	-0.96418107	-0.019071639	-2.537523	-3.5740588	5.3915052
SRR7408542	-1.3853881	0.47880197	-1.7453531	-3.2075474	5.58246
SRR7408543	-3.0578794	1.5641918	-0.8756211	-1.3833671	3.7747846
SRR7408544	-1.247436	-0.7068007	-1.6215643	-3.918312	3.3012836
SRR7408545	-0.98388875	0.8501264	-1.5608985	-4.101444	4.8595834
SRR7408546	-2.561827	1.5615488	-0.6036223	-1.719305	4.093563
SRR7408547	-3.4446363	0.47014666	-0.87367177	-1.8126601	3.8152652
SRR7408548	-1.8172655	-0.5497456	-0.22414902	-2.104516	2.5207567
SRR7408549	-0.96292114	0.03776425	-1.4282683	-3.3147125	3.9687083
SRR7408550	-1.8835664	-1.2159818	-1.4947777	-5.4057336	5.3039174
SRR7408551	-1.5754869	-1.4888395	-1.3235283	-4.5161767	3.2125368
SRR7408552	-1.9643734	1.1871965	-1.505407	-3.016444	5.020861
SRR7408553	-2.857448	-2.4763303	0.37118238	-3.2412646	1.8605496
SRR7408554	-2.6426818	0.93853295	-1.2632445	-1.3493978	3.828672
SRR7408555	-0.44772002	0.9944008	-0.44947258	-3.994803	4.483056
SRR7408556	-2.5139453	0.9829696	-0.8374649	-2.6502097	4.6117635
SRR7408557	-2.523624	0.8354843	-0.8744849	-1.7377287	3.6861148
SRR7408558	-0.9188192	-0.37145913	-0.63737106	-4.5915627	3.5503378
SRR7408559	-1.8987874	-1.3956635	-0.44394234	-4.503702	3.6325178
SRR7408560	-1.9237018	1.1456008	-0.44527867	-1.1731418	2.9772336
SRR7408561	-3.3319144	1.249996	-0.8009862	-2.586482	4.1328683
SRR7408562	-1.3183354	-0.97342956	-0.5660161	-3.2266958	2.9683557
SRR7408564	-1.071179	-0.12617964	-2.4934502	-4.4621243	5.239321
SRR7408566	-1.2555456	0.7128208	-2.5799208	-4.16096	6.409109
SRR7408567	-0.49166048	0.17473957	-1.2997985	-3.6429567	4.4541707
SRR7408569	-2.781289	1.423594	-0.50484514	-1.2030436	2.7319152
SRR7408570	-2.3579504	-1.09555	0.8830575	-3.3909209	2.5373478
SRR7408571	-1.102438	-0.03795278	-2.2480612	-4.875922	5.1052117
SRR7408572	-2.4386368	1.144738	-0.24973336	-1.6046523	2.076891
SRR7408573	-1.3243484	-0.391002	-0.9841157	-4.311144	4.0131044
SRR7408574	-2.014401	0.46778506	-0.6076083	-2.3081245	5.2077317
SRR7408575	-2.751012	0.2343378	-0.5747136	-2.282209	2.6778307
SRR7408576	-2.0301037	0.6937949	-0.663906	-2.3794386	4.206499
SRR7408577	-0.5705041	0.051080227	-2.420734	-4.7072988	6.157704
SRR7408578	-2.9723408	0.2810753	-0.82893693	-0.73204815	2.7883837
SRR7408579	-1.6133583	0.49531388	-0.18144634	-1.6063807	3.3428123
SRR7408580	-1.8167057	-1.9546973	-0.88284934	-3.1127944	2.2418065
SRR7408581	-3.1965518	1.3600094	-1.6056772	-2.8885398	4.8860583
SRR7408582	-2.4873726	0.18799981	-0.47456065	-1.1647173	2.6086106
SRR7408583	-1.2376672	0.28010768	-1.7907246	-3.1829538	4.9192877
SRR7408584	-1.0957737	-0.51819587	-1.5641015	-4.691946	5.0732737
SRR7408585	-3.3737607	1.2738751	-1.9988798	-2.528492	5.398766
SRR7408586	-0.7088653	-0.20421171	-0.6465179	-4.672908	3.5563974
SRR7408587	-2.5278444	1.1751873	-0.73345983	-2.0626998	4.111249
SRR7408588	-0.8786811	0.49009398	-0.98626256	-4.3946114	4.5586
SRR7408589	-0.61856264	0.22911018	-0.98512733	-4.717283	3.1685722
SRR7408590	-2.7260823	1.5355712	-0.73768294	-0.72688496	3.7219603
SRR7408591	-2.8115225	1.9307446	-0.86087525	-2.543515	4.5892773
SRR7408592	-2.721177	1.5708858	-0.69945323	-1.0366939	4.3876343
SRR7408593	-2.739922	2.1659312	-1.3153551	-1.3940898	4.146429
SRR7408594	-2.227363	0.6827415	-0.59861803	0.2420534	2.5918033
SRR7408595	-2.5327692	1.9700357	-0.99795675	-1.3133143	3.9291701
SRR7408596	-1.3589149	0.89512736	-0.80747473	-3.1737647	4.7937818
SRR7408597	-2.9006627	1.6650869	-0.7473656	-1.2192118	3.058495
SRR7408598	-0.7573466	-0.34752935	-1.5472535	-4.5814805	4.744842
SRR7408599	0.10664731	0.61760926	-1.175448	-3.6571825	4.334415
SRR7408600	-1.2385353	1.1099396	-1.4098333	-2.549712	5.9585037
SRR7408601	-0.14310056	-0.04031515	-0.85559905	-4.8466134	3.6783395
SRR7408602	-0.60691065	0.81616217	-1.031537	-3.9437346	5.6166806
SRR7408603	-1.616884	1.204541	-0.81505835	-3.000691	3.8692162
SRR7408604	-2.4906337	1.1714569	-0.1473696	0.1372506	2.2537184
SRR7408605	-1.5067098	-0.56700945	-2.411901	-4.9348283	5.7986298
SRR7408606	-1.3608887	0.5890157	-2.2608862	-4.0980043	6.6128573
SRR7408607	-2.569488	0.7010739	-0.22884002	-0.26744533	3.188501
SRR7408608	-0.7617712	-0.55841386	-0.82862234	-5.121146	5.270042
SRR7408609	-0.7423535	0.5318862	-1.4996163	-2.5412447	4.421325
SRR7408610	-1.727797	1.4185061	-1.0521698	-2.5418787	4.6931825
SRR7408611	-2.6638658	1.4505699	-0.7871287	-2.3008533	5.0167565
SRR7408612	-3.070068	1.7227507	-0.950312	-0.21174543	2.6952527
SRR7408613	-2.6382914	0.39247608	-1.1648773	-2.8191633	3.8039126
SRR7408614	-1.2441124	-0.12668636	-2.2291179	-5.211056	5.8689303
SRR7408615	-1.8382354	1.8504192	-0.9323211	-2.1800141	4.1049848
SRR7408616	-2.210895	0.54830295	-2.0799315	-4.2156873	6.3142753
SRR7408617	-1.2539158	1.7214583	-1.0971524	-2.1779215	4.980674
SRR7408618	-0.35782623	-0.109024644	-0.10705081	-3.5228076	3.9825974
SRR7408619	-1.5617445	1.9066551	-0.8959888	-2.2258887	4.6006985
SRR7408620	-1.1137509	0.32490098	-0.8033892	-2.9947836	3.7190192
SRR7408621	-0.6034277	-0.39901716	-1.965319	-4.6123323	4.562892
SRR7408622	-0.68594885	0.806829	-2.194152	-4.1578746	6.444282
SRR7408623	-2.2374103	-1.144421	-0.77485144	-3.0843215	3.7431164
SRR7408624	-0.7359261	1.3643514	-0.485083	-3.3096838	4.959958
SRR7408625	-0.8829363	1.4412966	-1.1756464	-3.3312683	5.884306
SRR7408626	-2.1868105	1.8783251	-0.72387123	-1.3965782	4.407081
SRR7408627	-2.6357803	0.78570926	-1.0797261	-0.023425773	3.1041577
SRR7408628	-1.9035599	0.98830307	-0.252798	-1.2897128	4.903464
SRR7408629	-0.8370613	1.8042902	-0.6220225	-2.358745	4.4438953
SRR7408630	-2.4121275	1.0006142	-0.2484189	-0.03202741	2.9838877
SRR7408632	-0.15470442	-0.025642514	-1.2317756	-4.7948546	4.1870637
SRR7408633	-0.576976	0.17981341	0.009380549	-4.044775	4.5982423
SRR7408634	-1.9348247	-1.0959035	-1.0411309	-4.108503	4.460302
SRR7408635	-1.320091	-0.1745944	-2.2810361	-4.229489	6.386548
SRR7408636	-1.0261157	0.13250332	-2.3733225	-4.1432157	5.1089034
SRR7408637	-0.79117316	0.7751555	-1.8941132	-4.9701333	6.11599
SRR7408639	-1.6236665	0.3149356	-2.3432624	-4.0758452	6.7406716
SRR7408640	-2.6411288	1.4789433	-0.6844883	-1.292749	4.1778846
SRR7408641	-1.0704952	1.0360482	-1.1069218	-2.3055344	3.6046329
SRR7408642	-1.9105625	0.74468195	-2.0391922	-2.819077	5.776111
SRR7408643	-3.114398	0.6470977	-1.2698435	-1.9842237	4.116818
SRR7408644	-0.66959643	-1.182959	-1.2177266	-4.2837768	4.4584584
SRR7408645	-0.64268184	0.32996202	-2.1864414	-4.6528373	6.1104136
SRR7408646	-0.9927597	-0.86357653	-0.79953396	-3.088633	3.9938064
SRR7408647	-2.886256	1.498954	-0.99050844	-1.4426724	3.7852836
SRR7408648	-2.5102816	0.14480323	-0.8000978	-2.4418643	3.9359443
SRR7408649	-2.7386076	1.6387212	-0.57918084	-1.9388126	4.191201
SRR7408650	-0.9440797	1.6436762	-0.91564953	-3.2103057	6.0045114
SRR7408651	-3.0826676	1.8708482	-0.5800166	-0.8776908	4.9014096
SRR7408652	-0.29398313	1.0371469	-1.7605389	-3.5007973	5.725131
SRR7408654	-0.84211105	0.1957834	-1.3947737	-3.9899302	4.4850545
SRR7408655	-2.214292	2.341969	-0.89161766	-1.2590085	4.529281
SRR7408656	-0.85526335	1.1902549	-1.9174885	-4.0356903	6.5588293
SRR7408657	-0.2560938	-0.9713737	-0.42925653	-3.7958922	3.7175875
SRR7408658	-0.24781036	-0.33055842	-0.0048381984	-3.783423	3.240799
SRR7408659	-2.5015354	2.0394	-0.73500395	-0.5125702	2.8614569
SRR7408660	-2.4934618	1.6882572	-1.4167061	-2.0791154	6.1677775
SRR7408661	-1.3987631	0.6247227	-0.06624344	-1.9094533	4.984303
SRR7408662	-1.102862	1.8385035	-1.3960394	-2.4855027	6.337417
SRR7408663	-0.70644766	0.88760936	-1.3636074	-4.215558	4.5939198
SRR7408664	0.16994114	0.9746082	-0.9724271	-3.976275	6.1924653
SRR7408665	-2.1018791	1.797481	-1.5387806	-2.1767962	5.267466
SRR7408666	-3.358677	0.52548283	-0.30386415	-1.3054569	3.0067587
SRR7408667	-1.8205839	0.8866262	-0.58626854	-2.896903	4.280702
SRR7408668	-2.014225	0.4816624	-0.6801852	-2.789031	4.002573
SRR7408669	-1.7158072	0.36304957	-2.8214662	-4.5741315	5.8382354
SRR7408670	-2.5280519	-0.03568858	0.6163784	-1.8730766	2.6068745
SRR7408671	-0.55772185	1.0565562	-0.82904994	-2.7323692	5.2193785
SRR7408672	-3.2879534	1.7153943	-0.39614013	-0.3307373	3.7670825
SRR7408673	0.23911141	-0.2562241	0.03921616	-4.513575	4.4921565
SRR7408674	-0.86354893	1.1312335	-1.4388081	-2.7013159	5.6126037
SRR7408675	-2.1232905	0.81119627	-0.89587045	-1.2062207	4.1257253
SRR7408676	-2.6245878	1.3190942	-0.67692864	-0.9577198	2.068292
SRR7408677	-0.016977966	0.18160272	0.14192407	-4.917936	3.9959097
SRR7408679	-0.6284976	1.5423592	-1.1838813	-3.4910016	6.3473425
SRR7408680	-0.89889073	2.1459699	-0.97069657	-2.764015	6.121828
SRR7408681	-1.1083926	1.1583732	-1.9433688	-3.7477498	7.265192
SRR7408682	-3.278502	1.7769784	-0.19295976	-0.33299494	3.5877485
SRR7408683	-1.7441839	1.06939	-0.5450206	-2.3034968	4.5703945
SRR7408684	-1.4582505	-1.3573886	-0.8921145	-4.133281	4.2268777
SRR7408685	-1.3230298	1.7668054	-0.93546474	-2.3606539	6.4059844
SRR7408686	-2.403893	0.9900273	-1.0271586	-2.2603843	4.92187
SRR7408687	-2.2511244	1.8053716	-0.5505259	-1.1724613	3.6913257
SRR7408688	-2.0070806	2.1248689	-0.97848964	-3.4532895	6.784073
SRR7408689	-3.758833	1.3699975	0.1488603	-0.7816626	3.3988438
SRR7408690	-3.4802737	1.7043537	-0.8960005	-1.6691537	4.1453295
SRR7408691	-1.8249071	0.08502796	-0.86305296	-0.738556	2.6933262
SRR7408692	-1.364384	0.08396351	-1.9386019	-4.482393	6.389549
SRR7408693	-1.3685902	0.087302625	-0.9129127	-3.957354	5.1774325
SRR7408694	-1.1673455	0.5208671	-0.7219125	-2.3798614	5.41772
SRR7408695	-0.40633225	1.1763707	-1.0011553	-3.9213824	6.2284513
SRR7408696	-1.7398982	0.5582133	-1.2153329	-1.4274077	4.396634
SRR7408697	-0.94165194	0.7009302	-0.15099838	-3.3506649	4.1526127
SRR7408698	-0.80391073	1.0312045	-2.106529	-3.5596788	6.0042996
SRR7408699	-1.5546553	1.2606747	-0.477855	-2.7208128	4.861324
SRR7408700	-0.11675632	-0.037819445	-0.89083517	-4.2468348	4.7546144
SRR7408701	-1.1218792	1.0163776	-1.4203392	-3.0240412	5.6029553
SRR7408702	-2.0701694	1.6504701	-1.407153	-1.2832063	6.171848
SRR7408703	-2.9899821	0.93328613	-1.1362954	0.047814503	3.5607653
SRR7408704	-2.778346	-0.56941414	0.30216986	-1.1737119	2.5300584
SRR7408705	-1.7506971	1.0816694	-0.66407955	-1.9694923	2.6534948
SRR7408706	-2.8224854	0.5934111	-0.7188581	-1.051268	2.2349484
SRR7408707	-2.3360739	-1.5956285	-0.28079835	-3.9766994	3.2762375
SRR7408708	-0.23901632	-1.3365511	-1.2397028	-3.5013528	4.099402
SRR7408709	-1.3665082	2.157618	-1.539203	-2.8639247	6.5215864
SRR7408710	-1.3645127	0.40306288	-1.6489938	-3.8167171	4.7744026
SRR7408711	-2.9698248	0.8715663	-1.8846866	-0.5761692	3.8290455
SRR7408712	-0.9075182	0.60522795	-2.9505405	-4.5660553	6.4571276
SRR7408713	-1.014671	-0.60832596	-0.93571556	-4.4968224	4.0157394
SRR7408714	-1.6143615	1.6601254	-0.9625324	-2.82106	4.017401
SRR7408715	-0.73415154	1.200787	-1.7258166	-3.4537783	6.358194
SRR7408716	-1.4103931	-0.92811227	-1.0501076	-3.895515	4.464169
SRR7408717	-1.1020199	-0.44780618	-0.911502	-3.97922	4.2709975
SRR7408718	-1.0289941	0.29543796	-0.34215185	-2.9952035	3.788321
SRR7408719	-2.0524082	2.1823483	-0.94920003	-1.4498234	4.467506
SRR7408720	-3.396958	1.4710954	-0.8279519	-1.1300074	3.6366138
SRR7408721	-3.0358925	0.23364502	-1.2070612	-0.51560324	3.4813108
SRR7408722	-2.3091764	0.63556296	-0.49571684	-1.0870973	2.9857578
SRR7408723	-1.7341025	0.80288565	-2.3663256	-3.4683175	6.774812
SRR7408724	-1.2756295	0.4230589	-1.2545213	-4.910938	4.3153563
SRR7408725	-3.280111	0.45166796	-1.3068367	-1.0039648	3.550435
SRR7408726	-1.7564278	1.4591659	0.001484096	-2.3255134	2.9349442
SRR7408727	-2.5092807	2.4422326	-0.30727527	-1.2752868	4.285523
SRR7408728	-1.5507886	-0.022265404	-2.85474	-3.940916	6.9012046
SRR7408729	-0.34907034	-0.23684102	-0.53007984	-4.1183825	3.4115434
SRR7408730	-2.041288	0.73839176	0.045229167	-2.674945	3.556872
SRR7408731	-0.75763196	0.70266557	1.0682011	-2.7920828	3.7664099
SRR7408732	-0.40976092	1.5422934	-0.18280539	-2.5312624	5.0630536
SRR7408733	-0.923892	1.1297331	0.9170133	-2.8830752	4.2088842
SRR7408734	-3.1705437	2.621973	-0.012589544	-0.46076387	1.0251532
SRR7408735	-2.307917	1.9317997	-0.43645397	-0.7835268	2.9216614
SRR7408736	-1.3573685	1.4651045	-0.0044237077	-1.7278303	4.276378
SRR7408737	-3.2386637	0.61369675	-0.17483124	-0.21050037	1.8434834
SRR7408738	-1.911704	1.8794309	-0.5122322	-0.8891659	3.6382546
SRR7408739	-1.9937541	1.6853036	-0.6128901	-0.16934206	2.9624777
SRR7408740	-0.7317173	1.0241281	-1.2704846	-2.7502627	5.5542083
SRR7408741	-0.9800482	1.8751899	0.25725663	-1.6869094	2.903932
SRR7408742	-1.3720062	1.8821039	0.89830303	-0.7553421	2.953748
SRR7408743	-1.2548769	1.9356254	0.1347476	-0.4033581	2.9605396
SRR7408744	-1.4123378	2.223847	-0.16454181	-2.0276902	3.4034352
SRR7408745	-1.8890004	1.3266139	0.023590326	-0.766925	2.8325653
SRR7408746	0.40123224	0.6387446	-0.34307572	-2.4882934	2.835023
SRR7408747	-0.7334199	0.33558244	-1.5460055	-3.1888156	5.34588
SRR7408748	-2.1801867	1.9332427	-0.38552216	-1.5734862	3.1336377
SRR7408749	-0.38029456	1.4066051	0.7123046	-2.6601639	3.5063086
SRR7408750	-1.1759186	2.1945634	0.009429187	-1.5430027	4.3137918
SRR7408751	-2.392915	2.1205707	-0.8350066	-1.29558	3.2107728
SRR7408752	-0.82116777	1.061923	0.2920025	-2.3485043	3.9059372
SRR7408753	-2.7226849	1.8205992	-0.23593941	-0.12389083	2.8095298
SRR7408754	-2.2662444	1.7199712	0.22470096	-0.27368808	2.0088892
SRR7408755	-0.4448218	1.4616525	-0.95221496	-2.84756	5.8426623
SRR7408756	-0.22870821	1.2019919	0.12239298	-2.4599278	4.2002916
SRR7408757	-2.194762	1.9616357	0.26888883	1.0537456	1.3851665
SRR7408759	-1.551678	1.5294474	-0.07566914	-2.7091746	4.414901
SRR7408760	-1.7692589	1.7741836	0.5897186	-0.43433928	1.9115295
SRR7408761	0.35615423	0.23415706	1.5321842	-2.1854453	1.8524433
SRR7408762	0.3099219	0.07555318	0.9433162	-3.0088823	2.7672067
SRR7408763	-2.7899907	1.538589	0.017145514	-0.22118278	0.4757193
SRR7408764	-1.7081423	2.1059532	0.413316	-0.668961	2.419917
SRR7408766	-0.47841376	1.6072723	1.5079957	-1.6551434	2.7998
SRR7408767	-0.89137197	1.9438295	0.104150146	-1.3416268	3.775997
SRR7408768	-1.5395797	1.854707	-0.0061771274	-1.3162906	4.104442
SRR7408769	-2.9465399	2.038619	0.10619703	-0.2841907	1.9141024
SRR7408770	-0.9951514	-0.46009707	0.534656	-3.742685	3.4558437
SRR7408771	-2.8149405	1.4860854	-0.004613906	0.0119134635	1.7127887
SRR7408772	-0.82542413	0.05454892	-0.7072462	-3.5787592	4.636206
SRR7408773	-2.2718706	2.7662015	-0.0031316578	-0.48729128	3.1747532
SRR7408774	-1.0484303	1.9366804	0.6228715	-2.6633153	3.5206618
SRR7408775	-2.0257058	2.5513082	-0.009490192	-1.0870758	2.8124726
SRR7408776	-0.9853864	1.0546198	0.92847824	-1.3871233	3.3484244
SRR7408777	-1.133584	1.5191019	-0.078692645	-1.6209779	3.808975
SRR7408778	-3.1050458	2.0966542	-0.6907569	-1.5837675	1.3415532
SRR7408779	-0.9148903	-0.09998533	1.7655716	-2.4280572	2.8819003
SRR7408780	0.19722384	0.22230215	1.4838814	-3.0161452	1.6233299
SRR7408781	-2.0112505	1.6342174	0.20627134	0.9945177	2.8271093
SRR7408782	0.2129285	1.1334083	0.81535447	-2.4193535	3.2740734
SRR7408783	-0.6550005	1.2081608	0.091299176	-2.4818156	4.448657
SRR7408784	0.581442	0.9934647	-0.41916654	-2.8472905	4.1956706
SRR7408785	-2.606141	1.6496934	0.38944516	0.66897225	2.3797946
SRR7408786	-0.77907026	0.9375299	-0.45514795	-2.6050353	4.6793466
SRR7408788	-1.893504	2.3526473	0.05705172	-0.5669801	3.7087464
SRR7408789	-2.3413408	1.810762	0.13017306	-1.03197	4.045511
SRR7408790	-0.30933812	0.5708134	0.09968588	-3.976482	3.8268042
SRR7408791	-0.21283853	0.17704849	1.2280614	-2.653861	2.1346967
SRR7408792	-2.19288	2.1590443	-0.03707841	-0.55716795	3.544508
SRR7408793	-1.7095722	0.7873692	-0.3392065	-1.8856243	4.0125136
SRR7408794	-0.35782063	-0.1706481	-0.9918748	-3.4272203	3.6558208
SRR7408795	-1.0717338	1.0116483	0.6422461	-2.8516936	3.115964
SRR7408796	-1.7532405	1.6322721	0.26661202	-0.39741218	1.9631501
SRR7408797	-0.64376855	1.4241518	-0.06877592	-3.6587062	3.6600575
SRR7408798	-2.4841187	1.0196943	0.32006466	0.31179857	0.46458295
SRR7408799	-1.7058713	1.9211328	-0.12947044	-1.5323416	4.053885
SRR7408800	-1.673345	2.3813324	0.17469585	-1.1075537	3.8140306
SRR7408801	-2.8822098	2.7356577	0.14829814	0.047107667	2.6085277
SRR7408803	-1.6459346	1.6348497	0.13956201	-1.9476484	3.8348117
SRR7408804	-0.7410375	-1.0811452	-0.09122223	-2.6140938	1.2064345
SRR7408806	-0.3740199	0.86267555	0.9312043	-3.0801425	3.0767624
SRR7408808	-0.49250185	-0.11065772	0.71403575	-2.018237	3.1086748
SRR7408809	-0.8707407	-0.27206725	-0.6604475	-2.6456966	2.6599007
SRR7408810	-0.8978907	0.71502596	0.960047	-2.6030297	3.8883948
SRR7408811	-1.5197334	-0.18112147	1.1144977	0.8247856	0.87645054
SRR7408812	-0.14962165	-0.79576147	1.3139151	-2.3086624	1.766519
SRR7408813	-1.5141397	0.6061693	0.14780602	0.46386492	1.6276394
SRR7408814	-0.0921154	0.5573762	-0.01840809	-4.1421013	4.5416956
SRR7408815	0.4450902	1.1631691	0.9840301	-3.3745453	3.4699798
SRR7408816	-1.7721995	1.6249481	-0.24445948	-0.7338103	2.6434152
SRR7408817	-2.3855386	1.4832484	-0.38297686	0.06330326	3.406798
SRR7408818	0.8681575	1.0608518	-0.114424974	-2.4217257	3.029354
SRR7408819	-1.836354	2.1370482	-0.016322106	0.07921825	2.5784042
SRR7408820	0.11276831	0.10419896	1.0545902	-2.9174387	1.5630145
SRR7408821	0.04121548	1.2600653	-0.25899276	-2.9692903	4.877863
SRR7408822	-1.7976971	0.979138	0.703709	-3.4052005	3.8181534
SRR7408823	0.400895	0.25516415	0.97537446	-3.1389956	1.6022729
SRR7408824	-2.3375216	1.8203174	0.36002144	0.3724292	1.5126493
SRR7408825	-2.3193455	2.5672073	-0.3843654	-1.0294257	2.0351527
SRR7408826	-0.16510102	-0.26614606	0.8546947	-2.0819306	1.9878036
SRR7408827	-0.17893994	-0.16446108	0.59839183	-2.4996483	3.5201454
SRR7408828	-0.33269763	0.9070009	0.2655784	-2.4151444	3.8145015
SRR7408830	0.28815144	0.84529376	1.1596981	-3.0395408	3.0019045
SRR7408831	-1.7634313	1.7611918	0.34012705	0.15508634	2.1517053
SRR7408833	-0.4407192	1.9723693	-0.026466519	-1.4899712	3.1488347
SRR7408834	-0.7574043	1.132668	-1.148559	-4.034278	4.9109464
SRR7408835	-1.9868236	2.1321201	0.036047965	-0.14223863	2.9933286
SRR7408836	-2.04269	1.9742821	-0.016153067	-1.8699273	3.8929377
SRR7408837	0.46512502	0.92569506	1.0570112	-3.0252526	3.8029656
SRR7408838	-1.9350023	2.0172024	0.41393855	0.42212337	1.2255584
SRR7408839	-1.4523448	0.5074759	1.1424371	-1.2065418	1.534036
SRR7408840	-0.5882286	0.7265143	0.14943317	-2.6209254	3.9726853
SRR7408841	-2.2279944	2.243917	-0.0456298	-1.3013915	3.5928087
SRR7408842	-2.1104689	1.1393883	0.08640581	0.008839473	1.4258646
SRR7408843	-2.3540874	0.25833482	-0.5690448	-1.6106695	1.7761005
SRR7408844	-1.6851231	2.0073242	0.2284979	-0.984146	3.5629377
SRR7408845	0.61209184	0.6157917	0.21284603	-3.029631	2.2130413
SRR7408846	-1.366543	1.948943	-0.16856441	-2.7647371	3.8764153
SRR7408847	-1.3575711	1.9826573	0.55462146	-0.9400166	3.8361754
SRR7408848	-2.2890978	2.0222387	0.5482924	0.64847976	1.5951334
SRR7408849	-1.75802	1.8049428	0.034458607	-0.05931802	2.3396518
SRR7408850	-1.0118567	1.2284706	0.90570736	-3.2809954	3.1807323
SRR7408852	-1.2562482	1.6433591	-0.20481852	0.067111686	2.1562622
SRR7408853	-1.7309803	1.6539227	-0.42388853	0.1777735	2.258921
SRR7408854	-2.511675	1.9572169	0.093541175	-0.48581183	2.8009431
SRR7408855	-1.7866136	1.6501685	-0.16222158	-1.1022083	3.2231693
SRR7408856	-0.7343173	0.9551642	1.3416766	-1.5817262	2.9028258
SRR7408857	-1.4229548	0.49920553	-0.0070815682	-0.13864197	1.2871217
SRR7408858	0.0051799566	1.042114	0.47515067	-2.9954338	3.9223437
SRR7408859	-1.8897486	1.5250373	0.20602112	0.32406062	1.4922086
SRR7408860	-2.2928529	0.7755853	0.7273422	0.22292806	1.1093302
SRR7408861	0.28059274	0.74237037	0.59630257	-2.071797	2.452146
SRR7408862	0.6896281	-0.20655584	0.7489983	-3.388216	1.7909523
SRR7408863	0.24585803	0.89666367	0.753652	-2.4620118	3.1747797
SRR7408865	-2.4660134	2.7466545	-0.19810525	0.55906653	1.2397343
SRR7408866	-0.27152616	0.5964968	-0.5531328	-3.5606117	4.637879
SRR7408867	-0.2356599	0.286685	1.4601096	-1.7998782	2.225574
SRR7408868	-2.4497764	0.2793956	0.42672348	-0.14785756	1.2949806
SRR7408869	-2.8216553	1.9067034	-0.33194634	-0.43546134	2.1475985
SRR7408870	-1.6944554	1.2746669	-0.10411483	-0.2990762	1.9658939
SRR7408871	-1.9615484	1.982365	-0.06056583	-0.27614856	1.8995154
SRR7408872	-0.70683837	-0.7072122	-0.3015038	1.0388674	0.5483574
SRR7408873	-1.6929073	-1.4411192	2.6044822	-0.6143857	0.12229641
SRR7408875	-2.1940825	2.1020365	0.1962258	0.8781382	-0.55254245
SRR7408876	0.14451426	-0.03749451	2.0286562	-0.80689526	0.042378083
SRR7408877	-1.1159977	1.2180566	0.33375067	1.5810131	-0.6177114
SRR7408878	-0.08330494	-2.5197034	1.1551232	-0.32671845	-2.1077235
SRR7408880	1.1357775	0.35350245	1.0315365	0.34764835	-0.45372584
SRR7408881	-1.8345373	2.3489857	0.29620546	0.102749854	-0.1705147
SRR7408882	-1.931042	1.6668335	-0.2885662	1.8769007	-1.6837224
SRR7408886	-2.032461	-1.351009	-1.1639284	0.7229786	1.1288211
SRR7408888	-1.355451	0.93123174	0.13675487	1.5971327	-0.44602743
SRR7408889	-1.3576875	0.9976191	0.608657	1.5885439	-0.8037969
SRR7408890	-1.3269627	0.5993677	0.8539257	2.3326213	-0.7992307
SRR7408891	-1.8948711	1.3662153	0.51132953	0.6812281	-0.18317986
SRR7408892	-2.451276	1.5105705	0.65287876	1.431571	-0.47306743
SRR7408893	-1.8066776	-0.8787842	0.23877442	1.5721058	0.1656923
SRR7408894	0.31283492	-0.072045624	1.898345	-0.2510687	-0.27979508
SRR7408895	-2.069089	1.8742143	-0.13784227	1.7083032	-0.7737279
SRR7408896	-1.1620376	-1.147892	-0.12793055	1.4312694	0.13786903
SRR7408897	-0.013311982	0.23787466	0.9980787	-0.88934386	0.29600376
SRR7408899	-1.6672556	0.73391455	0.88626325	1.2436396	-0.33415148
SRR7408900	-0.1406413	-0.06482664	1.4400144	-1.3610803	0.53929234
SRR7408901	-2.0709658	0.79922134	0.35100222	1.8083736	-0.42730662
SRR7408902	-0.34458512	0.5883825	1.0425887	-1.2558717	0.99399483
SRR7408903	0.70414305	0.26813745	1.0752807	-0.9189321	-0.15136525
SRR7408905	0.8608282	0.048943996	0.9779736	-1.0889364	-0.086954504
SRR7408906	-1.5089949	2.1121483	0.39199814	0.07262349	-0.11907706
SRR7408908	0.5073576	0.9050954	0.50465953	-1.3801891	0.9304271
SRR7408909	-1.9786394	1.847162	0.9665035	0.77763975	1.095353
SRR7408912	-1.6723461	1.2081392	0.48203957	2.038069	-0.38955566
SRR7408913	-1.4011965	1.8858404	0.93777204	-0.2557338	0.16973823
SRR7408914	-2.5681562	1.7968417	0.019196868	0.20446801	-0.69022524
SRR7408915	-2.2953079	-0.67745984	0.094656676	1.4742956	0.11413486
SRR7408916	-1.5107561	0.7506596	0.57366824	2.0037527	-0.95254385
SRR7408917	-2.3264408	1.5102031	0.3811835	0.61920846	-0.7970954
SRR7408920	0.37948737	-1.71448	1.4233434	-0.53007466	-1.2832148
SRR7408921	-1.2222786	-1.0181354	-0.21256116	0.98777646	0.3207566
SRR7408923	-1.8685236	-0.966776	-0.06953445	1.1778216	0.588632
SRR7408924	-2.0543027	1.4566242	0.68470913	1.1122541	0.011136889
SRR7408925	-1.6417078	1.485391	0.37138796	0.6039194	0.9547759
SRR7408926	-1.0431986	0.21466412	0.44887316	1.3411169	0.534706
SRR7408928	-1.7718441	0.7151133	0.8423786	1.2563713	0.6414782
SRR7408930	-1.4914445	1.0736637	0.741652	1.2870444	-0.56331253
SRR7408931	-2.1055338	0.9299712	0.51439506	2.332149	-1.2179099
SRR7408935	0.098142445	-1.4042295	2.1916838	-0.9214431	-0.49801496
SRR7408936	-2.1798613	1.9652528	0.49746686	0.24710284	0.065878406
SRR7408937	0.05997032	-1.9193016	1.4043593	-0.5464963	-1.6745358
SRR7408938	-1.930507	0.36335385	0.67380756	1.9276651	-0.029865384
SRR7408939	-1.3937852	0.9749113	0.69068426	1.8104347	-0.77871764
SRR7408940	-0.80316687	-0.586174	-0.29387185	1.1310344	-0.22947821
SRR7408942	-0.6615722	0.51090425	0.8630683	1.1072578	-0.5498165
SRR7408944	-1.5157396	0.3963446	0.8389265	1.9354856	-0.08880678
SRR7408947	-1.8025624	2.724103	0.37830994	0.26070637	0.4538607
SRR7408948	-1.9892828	1.165587	0.6455895	1.1793404	-0.71568155
SRR7408951	-1.3176455	1.0176039	0.7145964	1.2412364	0.2177718
SRR7408952	-0.8284904	-0.7272757	-0.7639345	1.2700711	0.20154801
SRR7408953	0.3212329	-1.6225768	1.3843412	-0.5197696	-1.707516
SRR7408954	-1.6566097	-0.00053423643	0.74931407	1.4312135	-0.48988226
SRR7408955	-1.6491642	1.096746	0.7578471	1.6082032	-0.20923704
SRR7408957	-1.3939527	0.8580934	0.8454641	1.6894306	0.29777268
SRR7408958	-2.2769003	2.042171	0.29018667	0.82658166	0.09438734
SRR7408960	-2.881967	1.7630199	0.29689234	0.55035996	0.45360637
SRR7408961	-2.2865822	2.0574718	0.40318775	0.59328276	0.1313703
SRR7408962	0.6698809	-0.4127246	1.5475575	-0.6463599	-1.0809776
SRR7408965	0.33348033	0.08953105	1.3123993	-0.5950981	0.34665805
SRR7408966	-2.103846	1.2258034	0.31150964	0.8965696	-0.9606987
SRR7408967	-1.7300789	-0.54050857	0.5741467	1.31917	-0.21107131
SRR7408969	-2.3084636	2.4285421	0.27309692	0.21438126	0.19789639
SRR7408971	-3.0824924	-1.9703323	1.665483	-0.24386884	-0.637082
SRR7408973	-1.2477286	0.6539459	0.53447807	1.4730827	-0.6222832
SRR7408974	-1.2819629	0.7373542	1.0439295	1.4046226	-0.51769376
SRR7408975	-2.063549	2.0461555	0.12129122	0.9063444	-0.5545323
SRR7408976	-1.6582665	1.5317911	0.32844278	1.9037751	-0.9791831
SRR7408977	-1.4356349	1.3302145	0.7183551	1.7434589	-0.534675
SRR7408978	-3.1927319	-1.4845455	0.2800568	-0.9210576	0.32253736
SRR7408979	0.08408935	0.20035277	1.8643398	-0.6353508	-0.60271096
SRR7408980	-2.0083961	2.0800457	-0.06658149	0.5436711	-0.3498936
SRR7408981	-1.4636611	1.5314424	0.4569521	0.7086415	-0.06597254
SRR7408982	-1.4764398	1.198035	0.5253511	1.5144647	-0.41065875
SRR7408983	-0.690625	1.158313	1.6132406	-1.0824686	-0.9743602
SRR7408984	-1.7678171	-1.1979605	0.5949761	1.1666503	0.25529748
SRR7408985	-0.9819547	-0.6712698	0.17435698	1.7453295	-0.39743015
SRR7408986	-1.3656629	0.56003803	-0.13940343	0.4240483	-0.81675994
SRR7408987	-2.629685	-1.285962	1.3255473	-0.7178159	-0.0067189634
SRR7408988	-2.2203045	0.86094844	0.55857974	1.7247554	0.726781
SRR7408989	0.2665516	-0.7595773	0.5672107	-2.0425203	-0.23539796
SRR7408990	0.59342813	-0.6408565	2.2348588	-0.6304889	0.34014088
SRR7408991	0.33023036	-0.38392627	1.7219669	-0.5097444	0.48218152
SRR7408992	-0.8710792	0.8667142	0.6528772	2.3815079	-1.1430074
SRR7408993	-1.2940166	1.5522718	0.9235523	-1.2676777	0.77257264
SRR7408994	-1.4685729	1.2151601	1.071229	2.1058462	-0.1365529
SRR7408995	-0.65849197	-0.25500423	0.20143318	1.779858	-0.6692984
SRR7408996	0.5038669	-1.2197784	1.1689416	-1.1606256	-0.8057903
SRR7408997	-0.5791409	1.5002028	0.4952408	-0.38112676	0.07534407
SRR7408998	-2.3561368	-1.3742406	-0.22966108	-1.2368463	0.43291676
SRR7408999	0.69052684	-0.9666997	1.4657608	-1.0654821	-1.859907
SRR7409000	-2.4949582	-2.258318	1.7279531	-0.21913786	-0.7910298
SRR7409001	-1.6847174	1.9146631	0.52650857	1.3491307	0.691491
SRR7409002	-2.0805998	1.4615741	0.67577434	1.4688895	-0.83834374
SRR7409003	-0.1578143	-0.46211272	1.3869867	-1.041926	0.24320075
SRR7409004	0.4372145	-1.3724338	1.0708501	-1.0263859	-0.8578253
SRR7409005	-1.5092163	1.2058833	0.48002672	2.1264288	-2.018023
SRR7409006	-1.6233958	1.0218829	0.9270482	1.6369582	-0.6048645
SRR7409007	0.7718477	-1.3526205	1.8134576	-0.396021	-2.4116244
SRR7409008	-1.4638742	1.0026139	0.5875727	1.7687541	-0.6152046
SRR7409009	0.3343452	-0.001360178	1.3788835	-0.95403755	0.13773389
SRR7409010	-2.0210836	1.365991	0.78132236	1.4431741	0.11638376
SRR7409011	-2.1370974	2.3303237	0.43902105	0.6619686	0.1936631
SRR7409012	-2.0632935	1.3604747	0.5788636	1.2012763	0.38710415
SRR7409013	0.357468	0.72730815	0.8436227	-0.93230355	-1.9049677
SRR7409014	0.36987293	-1.9285411	1.5812625	-0.0059951395	-1.4122554
SRR7409015	0.55453175	-1.0980313	1.0229445	-1.1224333	-0.10431585
SRR7409016	-1.3802853	1.7481362	0.10007092	-0.16398038	-0.27037874
SRR7409017	-1.1899377	-0.55006635	0.50638723	2.3199863	-0.5309148
SRR7409018	-2.1355128	2.0647311	0.06488818	0.06632833	0.087652326
SRR7409019	-1.6764734	1.2322417	0.89083594	1.5858077	0.20551899
SRR7409021	-0.8765986	-1.118399	-0.14949504	1.3557943	0.08621147
SRR7409022	-1.5508224	-1.4980772	0.23855749	1.6297774	0.34440872
SRR7409023	-0.79440403	1.2221792	1.1976676	-0.8477899	0.7748494
SRR7409024	-2.4748955	1.9783542	0.4460155	0.11281593	0.47229823
SRR7409025	0.33867335	1.058137	1.0820824	-1.470156	0.43013397
SRR7409026	-2.7493992	1.5665108	0.079281926	0.5632501	0.2713555
SRR7409027	-2.0519843	-0.565565	0.7358252	1.4574267	0.69913185
SRR7409028	-1.346395	0.98081785	-0.019192964	1.0954391	0.13966376
SRR7409029	-2.0831528	1.9176124	0.36940432	0.40434688	0.23100773
SRR7409030	-2.2874644	-1.2127128	1.1718493	-0.07321401	-0.45048007
SRR7409031	-1.5190477	1.9338679	0.07698545	0.36955643	-0.09352711
SRR7409033	-1.5613426	-1.0707804	0.102360874	1.4221631	0.1588727
SRR7409034	-0.63136804	0.6525657	1.6546832	-1.32701	1.2049397
SRR7409035	0.27433908	-0.77499425	1.6889292	-0.7299351	-1.1507095
SRR7409036	-1.2037358	1.4226886	0.5161456	0.7095772	0.6242517
SRR7409037	0.218258	-0.5204188	1.7358816	-0.5024454	-0.19958198
SRR7409038	-1.7140447	1.2477963	0.98610854	0.9843778	0.2209114
SRR7409039	0.16249043	-3.0518527	0.9283843	-0.26379895	-1.5445191
SRR7409040	-1.2842293	0.07763556	0.8626201	0.91049486	0.29310808
SRR7409041	-2.1503692	2.488638	0.30415148	0.4084019	0.2768829
SRR7409043	-1.9127117	1.8706386	0.73603	0.68980837	0.16535608
SRR7409044	-1.3449924	0.97849643	0.6137606	1.3329931	-1.0830523
SRR7409045	-1.740567	-0.4173329	0.32382658	1.8037063	0.020704523
SRR7409046	-2.372067	2.076953	0.07933313	0.87529	-0.19244626
SRR7409047	0.4467647	0.5506712	1.5813496	-0.82250106	0.40100685
SRR7409048	0.07090041	-0.590188	2.1305282	-0.2494574	-0.7097751
SRR7409050	0.82366085	-0.6162413	1.648008	-1.5923921	-0.033461094
SRR7409051	-1.4292499	0.33749503	0.8616998	1.8540602	-1.0471324
SRR7409052	-2.739769	1.7430547	0.5361109	1.364427	-1.176037
SRR7409054	0.38808334	0.13331214	1.6323761	-0.7933998	0.18965732
SRR7409055	-2.0968707	1.6908482	0.07704291	0.6631546	-0.07848844
SRR7409057	-0.13365833	0.2284731	1.3125014	-0.5541891	0.24069716
SRR7409058	-1.6347286	0.7961813	0.5994955	1.9331974	-0.20253846
SRR7409059	-1.3559978	1.0617266	0.53036475	1.6766909	0.14915787
SRR7409060	0.88026416	0.5203616	1.2888724	-0.910071	-0.60974765
SRR7409061	-1.4051697	0.8134235	0.8428899	1.0054914	-0.9018189
SRR7409062	0.45637864	-0.26194644	1.8609971	-0.48447508	-1.5401525
SRR7409064	0.90404594	-0.1966452	1.0121909	-1.1126	-0.090918034
SRR7409067	-1.6127642	0.5416987	1.7348905	0.9976259	-0.078454584
SRR7409071	0.91773146	-1.1780397	1.899614	-1.0992895	-1.1047817
SRR7409072	0.79470456	-0.58314896	1.3487505	-0.52533275	-0.61250806
SRR7409074	-1.9530594	-1.2953063	1.4476317	1.9513084	-0.23113653
SRR7409075	-1.0797026	-1.1941504	0.72221947	0.3996274	-0.53767383
SRR7409076	-1.0372279	2.0557556	1.1346016	-0.30927974	0.22940862
SRR7409077	-1.6183481	-0.36069965	0.9468893	1.7435719	-0.7105535
SRR7409078	-0.3904988	-1.3244201	1.2559892	-0.5073271	-0.8065871
SRR7409081	-0.66385347	-0.2897619	1.095296	0.8191665	-0.19288078
SRR7409085	-0.50871027	-0.4634379	1.9462442	-0.12632443	0.10055132
SRR7409086	-2.433885	1.3010004	0.68697095	1.5535635	-0.033076912
SRR7409087	-1.3682674	-0.63291323	1.0790131	1.2294384	-0.8043401
SRR7409089	-1.143399	-1.5173893	1.04915	-0.4476118	-0.94630694
SRR7409091	0.1235854	-2.7059832	1.680162	-0.0472102	-1.6486112
SRR7409092	1.1979733	0.22512236	0.92023313	-0.9885113	-0.102010965
SRR7409093	-1.5243547	0.6811018	1.2204078	0.19303311	-0.9975201
SRR7409094	-2.5018635	1.1286044	0.48045123	0.2834006	-0.41310552
SRR7409098	0.078323975	0.17576659	1.311749	-0.96180403	-0.21047145
SRR7409099	-0.413542	-0.9392327	2.2609384	0.3992836	-0.50967526
SRR7409100	0.31892824	-0.24861085	1.9326961	-0.3162803	0.21237968
SRR7409101	0.38500112	-1.0148575	2.1210167	-0.37356848	-0.68167245
SRR7409103	-1.559505	0.5304984	1.9383239	0.26431572	-0.5204407
SRR7409104	-1.9293965	0.54594064	0.22107375	0.8422307	0.35679594
SRR7409107	-0.44226402	0.43107957	1.9199663	-1.3648912	-0.20258155
SRR7409109	0.86163914	-1.3066833	0.995883	-0.44055998	-1.5370661
SRR7409110	-1.2252357	0.92349863	1.1147575	0.8282369	-0.928244
SRR7409112	0.3188492	-0.09387618	2.113864	-0.5009542	0.019462064
SRR7409113	-1.2126456	0.08147991	1.6081669	0.4134714	0.1313522
SRR7409115	-1.9862058	-2.0227704	0.5734906	1.6468246	-0.25661615
SRR7409117	-1.5948279	-0.2723421	1.728974	1.256028	-0.72993064
SRR7409118	1.5351127	-1.0972327	1.4385607	-0.9078554	-1.5849878
SRR7409119	1.2868553	-0.7178792	1.306932	-0.6307325	-1.0623001
SRR7409120	-1.473385	-1.6997925	-0.72676086	1.2160136	-0.46584943
SRR7409122	-0.31654888	-0.2549892	0.95216167	0.7500781	0.1647473
SRR7409123	-1.0685251	-1.4051107	-0.22324398	1.2461071	0.49401346
SRR7409125	-1.2929054	-0.2787602	1.8421249	1.1421994	-0.69126093
SRR7409126	-0.7309365	0.1593542	2.375956	-0.2833463	0.34514147
SRR7409127	-2.1543272	1.2948344	0.9403764	0.05467969	-0.35104743
SRR7409129	1.4187763	0.6627189	0.28023916	0.37391323	-1.7144921
SRR7409130	-1.9082935	1.0556098	1.2202388	1.157966	-0.5364218
SRR7409131	-0.0018658638	0.00073337555	2.031697	-0.7150631	0.85279703
SRR7409132	-0.036655366	-1.0598124	1.4204005	0.6692084	-0.6742166
SRR7409133	-0.40874252	-0.27006233	1.9169604	-0.026569828	0.4777216
SRR7409134	-1.9804883	0.6036522	0.6235304	1.8452842	-0.61214197
SRR7409135	0.4004718	0.17108107	0.957863	0.2592005	-0.010952562
SRR7409137	-1.2024207	0.74830663	0.9629717	1.4671271	-0.6218802
SRR7409138	-1.8451856	1.2864767	0.28667977	-0.112705275	-0.3419743
SRR7409139	-0.93414724	-0.46292365	2.7746785	-0.37672913	-0.69109476
SRR7409140	-0.7505424	1.1805925	1.5148237	0.021091804	-0.029907078
SRR7409141	-0.36926717	-0.20221466	1.0653285	1.5600543	-1.8799456
SRR7409144	-0.96440005	-0.49702406	0.6881818	2.38169	-0.632952
SRR7409145	0.9559798	-0.77678	1.6593865	-0.92816675	-0.381389
SRR7409146	-1.8326197	-0.7276219	0.42305413	1.7476217	0.22377107
SRR7409147	-1.4422184	-1.8675858	-0.45988837	1.7095991	-0.39716318
SRR7409148	-0.04562503	0.056857586	1.9911366	-0.19115867	0.022055015
SRR7409151	0.13605934	0.15430865	1.5294229	-0.672545	-0.15773124
SRR7409152	1.1107583	-1.3755265	1.3118799	0.42701232	-1.0908877
SRR7409153	-0.14449221	-1.3498915	1.5743219	-0.7230679	-0.18626425
SRR7409156	1.7221742	-0.41132605	0.39917916	-0.48290753	-0.6739745
SRR7409157	-2.133446	1.4274987	0.8917173	1.183608	0.05324039
SRR7409160	-0.08466613	-2.6001873	0.48627445	-1.0047687	-0.47659782
SRR7409161	0.8120667	-0.7901696	1.8055005	-0.7073777	-0.46582982
SRR7409162	0.21511972	-1.2157387	1.4133747	0.40719512	-0.96592295
SRR7409163	1.2454495	-1.4758319	1.6663097	-0.7667482	-1.598384
SRR7409164	0.6577583	0.3890836	1.1625074	-0.7840661	-1.3441373
SRR7409166	0.20312464	-1.0418645	1.4072281	-0.4838525	-0.7060516
SRR7409167	-2.2998512	-1.2708602	0.7596564	1.6129508	-0.32245144
SRR7409169	-1.5272856	-1.0732983	0.6966187	1.9290521	-0.54276145
SRR7409170	-0.19990572	-0.14270154	2.0385582	-0.28325582	-0.22311342
SRR7409171	-1.5547327	-1.4440377	-0.6101121	1.4663044	0.44558525
SRR7409173	-1.6876199	1.1845522	0.22134522	0.4776291	-0.40493563
SRR7409174	-1.1659249	-1.3023394	0.81303656	2.0304475	-0.9187559
SRR7409175	-1.0103586	-0.7769439	2.020811	0.68133646	-1.0543395
SRR7409176	0.24469101	-1.6248496	1.6494747	-0.8696166	-0.8903508
SRR7409181	-0.5895072	-0.92827785	2.1438737	0.029302612	-0.06786007
SRR7409183	-0.7583097	0.39508525	1.5157278	-0.44234085	-0.101210445
SRR7409185	1.3463405	-0.7586688	1.9878064	-0.7217606	-0.93300855
SRR7409188	-1.6199572	0.3068343	-0.07692534	1.7581989	-0.34772936
SRR7409189	-2.5766082	1.7809895	0.6584997	0.13058613	-0.20409846
SRR7409190	0.57298845	-1.2871202	1.8979982	-0.11026059	-2.0424826
SRR7409191	-0.34127375	-0.8119073	1.4435326	0.62910765	-0.28716537
SRR7409192	-1.9620945	0.0645127	0.39726084	1.4769336	-0.5107666
SRR7409193	0.29925984	0.28018543	1.1467097	-0.66254836	-3.0034707
SRR7409195	1.2731858	-0.7423551	-0.9820744	1.5506603	-0.16638914
SRR7409196	1.3768196	-0.865286	1.559261	-0.49133867	-1.3254545
SRR7409197	-0.9626951	0.26578513	1.6545787	-1.252988	0.01777181
SRR7409199	0.0060063303	-0.09007946	1.4122909	-1.0984942	-0.014502749
SRR7409200	-1.191929	0.39812964	1.2283531	2.0426629	-1.2639669
SRR7409201	-1.5948249	-1.3403758	0.81826425	1.052033	-0.5954751
SRR7409203	0.14696544	-1.2071906	2.0357988	-0.6257013	-0.6676769
SRR7409205	-1.9379462	-1.4253246	1.4016107	1.5031855	-0.81656563
SRR7409210	0.4871123	0.54693884	1.2009331	-0.761079	-0.33918074
SRR7409211	-1.9939911	-1.3317734	0.54091084	1.0823497	0.34755912
SRR7409214	0.88792264	-1.2365701	1.5267757	-0.60963595	-1.7146194
SRR7409215	2.1309843	-0.64042264	1.4615589	0.31626248	-1.7677716
SRR7409216	0.1495772	0.5204925	1.9539076	-0.7195259	-0.31064877
SRR7409217	-0.7232994	0.28522456	2.0284426	0.35560864	0.84878004
SRR7409222	-2.0153213	0.15297426	0.82555044	1.8797728	-0.44243708
SRR7409223	-0.8183435	-0.5505608	1.5836674	-0.074179605	0.5994694
SRR7409228	-0.05199331	-1.9448162	2.2893326	0.32334667	-1.5677412
SRR7409229	-1.5765672	-1.313063	0.03299302	1.4615223	0.22038406
SRR7409231	0.108819306	-2.6922822	1.4288232	0.56908506	-1.3689572
SRR7409233	-2.2875867	1.5890616	0.5555078	0.46827757	-0.44280878
SRR7409235	0.21061903	-0.48714662	1.664985	-0.8230816	-0.5072181
SRR7409238	-0.99553275	0.6606312	2.2843797	0.3718558	0.5468832
SRR7409239	-0.84147143	-1.7364782	1.8216773	0.05930899	-1.3624891
SRR7409240	0.56948996	-1.0246758	1.8376006	-0.5018046	-0.916556
SRR7409242	-2.1151626	-1.6955048	1.2644126	1.6158792	0.11832845
SRR7409243	-2.1525483	0.5327311	0.37305307	0.58334005	0.14486706
SRR7409244	-0.8646472	0.6641279	1.3660583	0.35432157	-0.58829916
SRR7409245	1.7942076	-0.20271194	1.0397105	-0.7593169	-2.3049936
SRR7409247	1.7735634	-1.259036	1.0398608	-0.4276592	-2.0688457
SRR7409251	-1.6396515	0.51177996	0.84793305	1.3119241	-0.7558855
SRR7409252	1.0292403	-0.5582646	1.5041133	-0.8349426	-1.1028248
SRR7409253	-1.7453662	-1.3784319	1.0278748	1.8310249	-0.23095071
SRR7409255	-1.3156965	-1.3392655	0.20915708	1.6978093	-0.29339537
SRR7409257	-0.5468107	-1.033398	1.5807763	0.2750631	-0.8295568
SRR7409258	-1.5016764	0.6642717	0.69141185	0.31177792	-0.14544368
SRR7409259	-0.2892104	-1.1075855	1.8879458	-0.9050323	-1.5591083
SRR7409260	-1.3602828	1.6076466	0.6938679	0.57920164	-0.11417267
SRR7409262	-0.76947445	0.9295589	1.6624308	-0.29127938	-0.7604717
SRR7409264	-2.0044143	0.55682635	0.82075	0.51243645	0.6841996
SRR7409265	0.07547048	-0.55287474	1.5900513	-0.35921395	0.17626819
SRR7409266	-1.1425198	0.060467064	-0.44529846	2.2781048	-0.15024278
SRR7409267	0.8694134	0.7527692	1.2125208	-1.0383252	1.0274886
SRR7409268	-1.5873382	0.93997335	0.4697804	0.2037362	-1.223008
SRR7409269	-0.077450335	-1.054751	1.5101329	-0.7742053	0.09184918
SRR7409270	-1.6186931	0.7997876	0.8695395	2.5309393	-0.424054
SRR7409271	-2.8663914	0.16528478	1.0289525	0.255512	-1.233694
SRR7409272	-0.41624773	-0.47150308	2.1536455	-0.45498455	0.36590683
SRR7409273	-2.0929334	1.5750164	0.50922275	0.33820468	-0.30011228
SRR7409274	-1.2498934	1.5092925	0.62526435	0.9320935	0.29705513
SRR7409275	0.020184278	-0.23263478	1.1811811	-0.28061986	0.51076937
SRR7409276	0.71807986	-1.2996451	1.511034	-0.48360074	-1.3680831
SRR7409277	0.7079744	-2.151371	1.3144615	-0.7969738	-1.7323767
SRR7409279	-1.3073096	0.09727706	0.88819265	1.6040882	-0.44035414
SRR7409280	-0.83045805	-2.3682117	1.9393116	-0.6249925	-1.02727
SRR7409281	-1.5083238	1.7160429	0.96374774	-0.57575065	1.0202503
SRR7409282	-1.3161463	-0.7179198	1.2038866	0.89628375	-0.80856824
SRR7409283	-0.845795	-0.4309914	0.43777224	2.1934035	-0.5413526
SRR7409284	-1.7922018	1.8942263	0.17383942	1.1118741	-0.94129336
SRR7409286	0.11449104	0.50997025	1.5029924	-0.7713735	-0.20432124
SRR7409287	0.44041497	-0.5335744	2.1598241	0.014186114	0.2045829
SRR7409291	0.29352945	-1.7804888	2.0873055	-0.41502482	-1.8104037
SRR7409294	1.1286952	-0.0667786	1.0276616	-0.01646401	-1.1455495
SRR7409295	-1.3442025	-0.36946332	-0.15757576	-0.04962097	-0.8764459
SRR7409296	-2.105323	1.2896062	0.0449242	-0.3823182	1.1721478
SRR7409297	0.7283353	-1.0665001	2.2399104	-0.24025728	-0.6695181
SRR7409298	0.14465505	0.23480833	2.0292757	-0.3041743	-0.12775421
SRR7409299	-0.53772855	-0.97038555	0.12676343	1.2057656	-1.2663282
SRR7409300	-1.4779937	-0.4400366	1.2719858	1.4326411	0.25681806
SRR7409301	-1.0217911	1.1135529	1.2406863	-0.4608717	0.57539284
SRR7409302	0.8183354	0.24690074	0.86107326	-0.48521042	-1.0019317
SRR7409303	-0.82528627	1.678341	1.1386685	0.19119719	0.9934319
SRR7409309	0.6066599	-0.2782249	1.1750866	-0.48772252	-0.43256626
SRR7409310	1.1500404	-0.010529339	1.3206595	-0.7881646	-0.1867786
SRR7409312	-2.7005486	1.8653463	0.3527765	0.5763642	0.9679071
SRR7409313	-0.74247473	-0.36674714	1.5561178	-0.584381	-0.0693734
SRR7409319	0.5478487	0.9174863	1.3188984	0.29908276	0.76023614
SRR7409320	-1.8140116	1.8267074	0.50957435	0.9048946	0.346411
SRR7409322	0.15429112	0.5908624	0.84178036	-0.5684057	0.2964131
SRR7409323	-1.1750827	2.5225406	0.2662191	-0.54156184	0.18073273
SRR7409326	-2.1803918	1.7644259	0.5291505	1.7915097	-1.1033338
SRR7409327	0.39980453	-1.137198	1.6861316	-0.9005486	-0.10782173
SRR7409328	-1.1048344	-0.053068012	0.30404174	-0.38393688	-0.95549977
SRR7409329	-1.1003201	0.70987797	0.49220026	2.4902785	-1.766192
SRR7409330	-2.3507457	1.5841337	0.13811842	2.0046246	-2.2992408
SRR7409331	-2.1107855	0.16145886	0.508121	0.18666458	-1.2583321
SRR7409332	-1.3551078	2.1230955	0.5026608	-0.24621822	0.60874194
SRR7409334	-0.864027	0.45853108	2.0867646	-0.34231037	0.2314889
SRR7409336	-1.026415	0.8047309	0.6022544	1.2589507	-1.0680668
SRR7409337	-2.2824903	1.915493	0.2275518	0.08830534	0.24124485
SRR7409338	-1.8495314	2.3485913	0.18525863	0.47150254	-0.60528684
SRR7409339	-1.1232325	-1.1840382	1.9059706	-0.4779896	-0.36481467
SRR7409340	0.17445326	1.0524387	1.380007	-0.5178199	0.8874986
SRR7409341	1.3258276	-0.9089776	1.7705175	-1.1049055	-1.1641377
SRR7409343	-1.3289199	1.511745	0.18803371	1.0735387	-0.8771628
SRR7409344	-2.2204566	-1.4657217	0.43328825	1.8289906	-0.08588076
SRR7409345	-1.3994251	-1.487304	2.403232	-0.6102606	-0.7439381
SRR7409346	0.07822156	-1.3212813	1.9275192	-0.10201289	-1.9257091
SRR7409347	-2.00874	1.9237491	0.10933393	1.1288699	-0.31582955
SRR7409348	0.07803698	0.4386882	1.1090685	-0.6160444	0.16670303
SRR7409349	0.7859825	-0.31382203	1.6688231	-0.7334632	-1.5213289
SRR7409350	-1.1741625	-2.0049462	1.9883989	-0.6562828	-0.32919213
SRR7409351	-0.89515865	0.4596718	0.7487135	2.028226	-1.6104467
SRR7409352	-1.0453598	0.7443639	0.6080639	2.4426985	-1.5182647
SRR7409353	-1.0566849	0.99423444	0.40410393	2.1656733	-1.1604736
SRR7409354	-1.393743	1.8462735	0.34874362	-0.14253886	-0.014493704
SRR7409355	-1.7628216	1.2138618	0.8251908	1.2732785	-0.5148097
SRR7409356	-2.044457	0.704044	1.0588129	1.1744709	-0.3145208
SRR7409359	-1.7494943	-1.8605076	0.56047493	1.4350954	0.45540985
SRR7409360	-1.1560123	0.40152356	0.10043314	0.37026152	-1.2552687
SRR7409362	-0.83271194	0.6847453	0.5732015	1.9679697	-1.1104611
SRR7409363	-1.2480237	-1.8207833	0.23883292	1.7589371	0.07996538
SRR7409364	-1.3456442	0.604053	0.90507674	0.65710324	-0.33796325
SRR7409365	-1.098502	-2.6400938	1.1437235	0.17380483	-2.1952653
SRR7409367	-0.37747	0.4916898	1.22452	-0.91607463	0.6785859
SRR7409369	-1.3677032	0.68291086	0.91644144	2.120779	-1.0246254
SRR7409370	-0.34733522	-0.8290061	-1.4493846	2.134004	-0.9672545
SRR7409371	-1.431922	1.3195028	0.95031667	0.6465373	0.24447848
SRR7409372	-0.339147	1.7246419	0.44785616	0.2206264	-0.4743043
SRR7409373	-1.7284297	1.5722077	0.5946161	1.989973	-1.0281922
SRR7409374	-0.16289373	-1.2169348	0.753513	-0.33551776	0.2920595
SRR7409375	-0.25281835	-2.0747023	1.7763487	-1.1544603	-0.4361923
SRR7409376	-1.7960099	1.7956501	0.35924888	1.3273385	-1.059774
SRR7409377	-1.4961951	1.5580777	1.5927749	-0.3331287	0.5147853
SRR7409378	-1.6317774	1.4095395	0.5464563	1.2389314	-0.40741852
SRR7409379	0.3757096	-0.49294418	1.8529413	-0.20130567	-1.5085727
SRR7409380	-1.941332	2.3171835	0.4886516	0.5996085	0.047257125
SRR7409381	-0.31311542	-0.20338202	2.4073539	-0.35348046	0.52969766
SRR7409382	0.6657029	-1.7388054	1.7152497	0.026060313	-2.3810022
SRR7409383	-2.2768095	1.4206989	0.68635976	1.4660224	-1.4422547
SRR7409384	-1.5605227	0.8681074	0.9077635	2.3174372	-1.20528
SRR7409385	-1.804754	1.2202322	0.20234895	1.6973194	-0.5839187
SRR7409386	-0.8382268	-1.1008655	2.14333	-0.4190346	-0.61629164
SRR7409387	-2.1242192	1.9299401	0.22321297	1.0855322	-0.34002438
SRR7409389	-2.6711905	1.3134055	-0.1710197	2.0558643	-2.4095416
SRR7409390	0.33841792	-0.21138668	1.4701309	-0.28088725	-0.5398234
SRR7409391	0.52995	-0.60404277	1.3972938	-0.34824985	-0.7266526
SRR7409392	-2.51937	1.5790113	0.856624	1.5849948	-1.1444955
SRR7409393	-1.2413106	-0.31955355	0.793341	1.3431556	-0.5819777
SRR7409394	-1.2831552	0.73376864	0.7951729	2.1718972	-1.774537
SRR7409395	-0.48211217	-0.358436	0.7935367	1.2708671	-1.2078952
SRR7409396	0.29006094	-0.7693585	1.6990004	-0.31645548	-0.5044781
SRR7409397	-1.8510488	1.7792193	0.4872054	1.0868933	-1.0014305
SRR7409398	-2.7035623	1.8960719	0.50425553	0.90693927	-0.7686274
SRR7409399	-1.0932107	1.1688288	0.40859947	2.0451047	-0.79761434
SRR7409400	-1.2248209	1.0331647	0.7992094	2.5541282	-1.5284566
SRR7409401	-1.3323921	0.4293074	1.7023715	0.7394257	-0.4862391
SRR7409402	-1.6505814	1.8453957	-0.024424434	1.191769	-1.7794628
SRR7409403	-1.821187	1.8240086	0.74828744	0.8540528	-0.45994428
SRR7409404	-1.2460961	0.35731304	2.542542	-0.80634	1.2374117
SRR7409405	0.20243493	-1.7302719	2.0453045	-0.5854958	-2.1743896
SRR7409406	-0.05979243	0.4429555	1.6520443	-0.8319231	0.22637856
SRR7409407	-1.7208778	-0.4074934	0.43694666	1.9543861	-0.2956188
SRR7409409	-1.4870653	-1.6890258	1.9356192	0.06484814	-1.604905
SRR7409410	-1.9687634	1.4234432	0.70764625	2.0356576	-1.7575895
SRR7409411	-0.8259784	-0.8174349	0.3071741	2.2803147	-0.83689535
SRR7409413	-1.288919	-1.76908	-0.36398104	1.56047	0.34362957
SRR7409414	-1.0758483	-0.6665802	0.481821	1.5439806	-0.8722452
SRR7409415	0.32311165	0.47824875	1.5758388	-1.0148953	-0.12930185
SRR7409416	-2.0736973	1.5563059	0.80746984	-0.25760442	-0.7405634
SRR7409417	-2.6157131	1.6134651	0.103793114	1.3171599	-1.9356316
SRR7409418	-1.0365782	0.52111226	0.6777227	2.5231004	-1.3036119
SRR7409419	-1.4715984	1.7327884	0.47473967	0.6831941	-0.72699547
SRR7409422	-2.849676	2.1324952	0.17882279	1.1182618	0.45529962
SRR7409423	-1.2757012	0.42453945	1.0716151	1.8120886	-0.78441215
SRR7409425	-2.1680999	-1.5632461	0.23337199	-0.5847189	0.735808
SRR7409426	-0.9169252	1.8538576	-0.12881115	0.47441733	-0.18867257
SRR7409428	-1.3490096	1.0267831	0.5120181	2.2997322	-0.76055837
SRR7409429	-2.3614984	1.0561917	-0.07357812	1.6178437	-0.7855395
SRR7409430	-1.1450799	-1.1393135	0.38967574	-0.071906164	-0.96612537
SRR7409435	-2.2057014	-1.1765243	0.97557807	-2.780615	2.0319989
SRR7409436	-1.4066758	0.7110169	0.19969186	0.54552406	-0.68912876
SRR7409437	-2.76046	-2.8124027	-1.3773022	1.6624078	1.5294895
SRR7409439	-2.1405993	1.9473954	-0.17355171	1.3180779	-0.8368834
SRR7409443	-1.0862305	1.2651839	1.5963548	-0.4475903	1.0206133
SRR7409444	-0.70859647	0.40915468	0.93148136	-0.005007103	-0.054896683
SRR7409446	1.1134272	0.44588053	1.210456	-0.63282907	-0.24306238
SRR7409452	-0.476574	0.3443238	0.6724702	2.251994	-0.6327263
SRR7409454	-2.2126572	1.5008265	0.35263765	1.4105445	-0.3920236
SRR7409455	-1.8126793	1.6901995	-0.039928943	2.2485542	-0.32691512
SRR7409456	0.39407915	-1.8659691	1.9186378	-0.40514636	-2.374405
SRR7409457	-1.6213391	2.0739932	0.58663505	1.8486358	0.018391892
SRR7409458	-1.7878724	-0.7731117	-0.7380711	-2.3730183	3.202652
SRR7409459	-1.1238432	-1.5593501	0.6830131	-0.02518873	0.009785861
SRR7409460	0.77655023	-1.6230499	1.3796473	0.6383579	-1.7698418
SRR7409461	-0.7785101	-1.3578113	0.44811523	1.2508162	0.4213202
SRR7409464	-1.022682	0.51513785	0.8012667	1.7527715	-0.7489481
SRR7409466	-1.1789639	-1.1845223	-0.042796195	-0.18871619	1.2938251
SRR7409471	-0.054482937	0.1737062	1.2142171	-0.83046985	0.99313986
SRR7409472	-0.20924392	0.92581916	0.881691	-0.7040417	-0.47030583
SRR7409474	-2.5242248	1.0438814	0.2862952	1.6934335	-1.0305247
SRR7409476	-1.226054	0.52323025	0.9257202	2.0019922	-0.42753974
SRR7409480	-1.1356248	1.2507954	0.77757025	0.03934151	0.02028802
SRR7409482	-1.0384166	-0.8218529	0.6146724	-1.5982083	2.1936119
SRR7409484	-0.9871931	-0.9461161	0.26929244	-0.5635463	1.5740283
SRR7409486	-0.81461805	-1.002986	-1.011024	1.2849759	1.001939
SRR7409489	-1.4144963	-1.0560752	-0.38570687	1.148791	0.61246765
SRR7409491	-1.4200078	0.07365143	0.4013592	-0.0031114668	0.61694443
SRR7409492	-0.35785675	-1.1724526	-0.13041213	2.7164977	0.33523294
SRR7409498	-2.0209842	0.030487716	0.2886325	2.0714283	-0.43521193
SRR7409501	-1.6192477	2.182474	0.6805254	1.2613889	-0.6043596
SRR7409502	0.25338677	0.7613724	1.4392205	-0.9824461	0.8258015
SRR7409505	-1.314689	1.4242963	0.062223405	2.6116986	-1.2217008
SRR7409507	-1.5822222	1.9046816	0.8646771	1.7859906	-1.3811
SRR7409512	0.28011546	-0.3313293	1.9267428	-0.55843645	-0.6118194
SRR7409514	-2.0339367	2.3297505	0.06521371	0.28738862	1.0756229
SRR7409515	-0.6464479	-0.55732214	0.3333589	2.3225486	-0.29949662
SRR7409516	-1.6925875	1.687389	0.7778812	-0.009059936	0.86237645
SRR7409518	-1.0405958	1.2344633	0.68918514	2.0212219	-0.8860084
SRR7409521	0.11032584	0.23985206	1.7125158	-1.4054823	1.4566896
SRR7409522	0.19457768	0.6153491	1.937897	-0.18071036	1.4269813
SRR7409523	-0.9114993	1.1372766	1.7073157	1.1836195	-0.6061013
SRR7409524	0.29626095	1.2347388	1.0014398	-0.79523075	-0.09157503
SRR7409530	0.27929586	0.37815893	1.0405271	-0.6124096	0.9432255
SRR7409531	0.21926677	0.9465791	1.2614243	-0.7055842	1.4455911
SRR7409534	-0.17965034	0.4996475	1.4193454	-0.6830997	0.12834148
SRR7409537	0.34302956	0.2514797	0.85807407	-0.17628275	0.08164467
SRR7409539	-1.1471066	0.99965864	0.2994841	2.1527143	-1.0960213
SRR7409541	0.021642864	-0.40922797	2.048317	0.2290306	-0.14716664
SRR7409542	-0.11166915	-0.9286698	1.6971256	-0.10234682	-0.29186592
SRR7409543	-1.3600243	-2.537273	0.76817584	-0.056463495	-1.1315361
SRR7409545	1.1682882	-1.6602632	1.7967297	-0.7052859	-1.647469
SRR7409547	-1.9433787	1.9476432	0.4074304	0.282902	0.555814
SRR7409548	0.29440933	-1.5237573	1.667817	-0.3267079	-1.7083377
SRR7409549	-0.91098773	-1.3202882	-0.24664363	1.9829664	-0.3079647
SRR7409550	-1.5988612	-0.49631453	-0.18471411	1.1536827	0.12118134
SRR7409552	-1.2765013	-1.2960006	0.32743257	1.3411938	-0.18925491
SRR7409554	-1.7394825	1.9150025	0.6857661	0.02452083	0.69375134
SRR7409555	-2.1045408	2.309698	0.15641086	1.9478511	-0.8037114
SRR7409556	-1.0789771	-1.4957858	0.5991081	1.9810083	0.015433252
SRR7409558	-0.85238594	-0.70375836	0.26258117	1.5133624	-0.1561872
SRR7409559	0.5023358	0.35896197	1.005204	-1.0771054	-0.5886693
SRR7409560	-0.74114895	-0.49216694	1.727345	-0.61627686	0.2073628
SRR7409561	-2.1681683	1.5538661	0.5588265	1.5051101	-0.72450924
SRR7409563	-1.1666219	0.5427007	0.573563	1.2770286	-0.12204209
SRR7409564	-1.6130123	-0.5048268	0.6018989	2.4786212	-0.41529766
SRR7409565	-2.2570357	1.2965838	0.13523921	0.6504123	-0.26194832
SRR7409566	0.66121686	-1.0318589	1.7986922	-1.2389525	-0.21533564
SRR7409567	-0.87830704	1.1059408	1.4698819	-1.220955	1.6151901
SRR7409568	-1.0882593	-1.7967101	-0.43878892	1.9170828	-0.62953043
SRR7409570	-1.2654679	1.1468564	-0.22707102	2.097382	-1.2916912
SRR7409571	-1.8866998	0.62247694	0.96921456	1.880225	-0.9716158
SRR7409573	-0.67972136	1.203958	1.5963141	-0.60841763	-0.17982933
SRR7409574	-2.28728	1.248879	0.0084773	1.2106907	-1.009916
SRR7409575	0.5557586	-1.6638361	1.4164482	-0.7997738	-0.7808281
SRR7409576	-1.3464166	-1.2684654	1.0324966	1.7072927	-1.0412551
SRR7409583	2.0269127	-2.1629663	0.5151706	0.25971526	-3.174755
SRR7409586	0.15077537	-1.4625	-0.3336632	2.629647	-1.548041
SRR7409605	0.87437683	-1.0837991	0.0021027029	2.5593967	-2.5254643
SRR7409607	0.65855163	-1.2042414	1.4978405	-0.398782	-1.4398361
SRR7409610	-1.0410198	-1.3022966	0.8986213	2.549058	-1.2004412
SRR7409611	-2.4926028	0.23044735	0.047152072	2.8477511	-1.9405459
SRR7409612	-1.4169784	0.07411796	0.8033155	1.9458307	-0.7005751
SRR7409613	-0.8889311	-2.4156017	1.9865376	-0.45146412	-1.1429293
SRR7409615	-2.0681257	-2.8992095	-0.06632528	1.3256899	-0.19368127
SRR7409616	-1.4984782	1.6406205	0.992419	-0.6064869	1.1162038
SRR7409617	-1.3835673	-0.6731646	1.1962922	0.9831073	-0.80722916
SRR7409618	-0.6834369	-1.8166941	0.7152152	-0.723769	-0.634066
SRR7409619	0.12274253	-1.6101431	-0.39842525	3.0589192	-2.120842
SRR7409620	-1.9834764	1.9361044	0.185376	1.1740047	-0.923839
SRR7409624	0.42910194	-0.562272	2.2397285	0.01775764	0.2858745
SRR7409628	0.37526688	-1.9239606	2.0672596	-0.4782765	-1.8800114
SRR7409629	0.1985312	-1.6987864	1.0858599	-0.96111715	-0.09487903
SRR7409634	-1.2473269	-0.36166513	-0.11000815	-0.039950803	-0.8024248
SRR7409635	-2.0037944	1.3908583	0.021206051	-0.4217347	1.2713082
SRR7409636	0.7089691	-1.1198696	2.2467492	-0.118384644	-0.79134107
SRR7409637	-0.47571337	-1.1068138	0.108642966	1.2687432	-1.3069476
SRR7409638	-1.5230653	-0.51165384	1.217992	1.4715849	0.36989924
SRR7409642	-0.79238087	1.5929656	1.0977231	0.18325405	1.0397841
SRR7409650	1.1947827	0.07107359	1.2048162	-0.7515836	-0.09651634
SRR7409652	-2.8108344	1.8898786	0.3972913	0.58365446	1.0009398
SRR7409654	-0.72049946	-0.55096066	1.6343302	-0.62947905	-0.07710472
SRR7409662	-0.12841898	-1.7420906	-0.17829332	2.4343557	-1.6274179
SRR7409666	-1.8771278	1.8021368	0.47286364	0.8924663	0.3498389
SRR7409668	-1.2509449	2.4945607	0.24005806	-0.5329231	0.2159161
SRR7409670	-0.035984397	-1.9524719	1.7836821	1.5279673	-2.3694277
SRR7409671	-2.1941905	-1.7635201	0.060432345	-0.6396669	0.9208653
SRR7409674	-1.3740524	1.0790572	0.52787286	2.3320827	-0.6131512
SRR7409675	-2.3090065	1.0273514	-0.053854555	1.7190832	-0.824438
SRR7409683	-1.4236453	0.6400791	0.13926843	0.73125917	-0.84176576
SRR7409684	-2.8865025	-2.8849726	-1.4529084	1.672685	1.6436483
SRR7409689	-0.7107038	0.46565685	0.9021802	0.025027439	-0.0975537
SRR7409697	-0.5404914	-0.3254243	1.3184564	-0.86686933	0.9747013
SRR7409698	-0.5899012	0.50651884	0.70516616	2.3314393	-0.6793144
SRR7409699	-2.15696	1.6293393	0.34067	1.3698887	-0.33082065
SRR7409702	-1.7094841	2.0392728	0.62873846	1.9190829	0.035373867
SRR7409704	-1.6644104	-0.6368663	-0.71046543	-2.3108792	3.1552343
SRR7409707	-2.4300914	2.5636482	0.19393718	0.5605919	0.7862551
SRR7409709	0.87929606	0.55629313	-0.5611162	2.6945949	-2.8210778
SRR7409716	-0.19820824	-2.0636034	-0.12675408	2.0578427	-1.328612
SRR7409717	-0.5572338	-1.5886884	0.14630938	2.4611363	-1.5838307
SRR7409729	-0.030829668	-1.9712399	0.48942384	1.1948899	-1.5741853
SRR7409730	0.20909777	0.45109206	0.28630367	2.6464531	-2.1588466
SRR7409734	-1.2920886	-1.4896685	-1.5848445	-2.4356568	2.192301
SRR7409736	-0.10795587	-0.94523895	-0.025524884	0.28976083	0.2451782
SRR7409740	1.0561645	-0.010648429	1.4107043	0.5268899	-1.0623269
SRR7409749	-1.490749	-1.1428612	1.0869626	3.9230127	-2.1524248
SRR7409755	-0.55415773	-2.3502793	0.9314419	0.57864285	-2.4371815
SRR7409760	2.176572	-1.2931861	0.7793634	0.060432658	-1.7381198
SRR7409763	0.3627307	-1.5374478	-0.79651606	2.2849374	-1.5165052
SRR7409766	3.959012	-2.6597357	0.16141507	2.4909308	-5.4575343
SRR7409767	2.449207	0.1746962	-1.0117217	3.3388343	-4.209562
SRR7409768	1.890058	0.2264542	-1.1397985	3.7649064	-3.5180526
SRR7409769	4.3196006	-1.066138	-0.29635558	2.5900106	-4.2994905
SRR7409770	4.6766214	-2.7399607	-0.7342099	1.6921428	-5.3996987
SRR7409771	2.209021	0.5618799	-0.4859089	3.053125	-3.3137043
SRR7409772	1.7822315	0.9742058	-1.1390482	4.038885	-4.589533
SRR7409773	4.57338	-2.0097933	-0.65677047	2.6045256	-4.0705943
SRR7409775	5.510462	-1.9449729	-0.8138367	1.7933799	-5.2857056
SRR7409776	2.500314	-0.24363673	-0.8995006	4.3763404	-4.334562
SRR7409777	4.922269	-1.9990386	-0.813913	1.3498331	-4.465336
SRR7409778	4.0667415	-1.2966757	-0.67449987	1.973837	-4.0541925
SRR7409779	1.7245535	0.43604463	-0.6044769	3.2616959	-3.6189559
SRR7409780	4.642123	-1.5463303	-0.56517375	2.4732587	-4.8554535
SRR7409781	1.5300316	0.79264146	-1.2105496	4.2281284	-4.428327
SRR7409782	2.5521069	1.1031818	-2.2833767	3.777023	-4.3221607
SRR7409783	5.2945914	-1.1764222	-1.1824698	2.053907	-4.6237965
SRR7409784	1.1280407	-0.391809	-0.4249204	3.9954364	-3.1120672
SRR7409785	2.7224398	0.12403482	-0.38657257	2.9735098	-3.7900681
SRR7409786	5.4974346	-1.891924	-0.56313825	2.987399	-4.3966517
SRR7409787	5.4929776	-1.9120163	-1.1200937	1.5388751	-5.1180224
SRR7409788	4.3859954	-1.5320727	-0.2568443	2.2603946	-4.2166944
SRR7409789	4.470196	-3.5769968	-1.1721512	1.1295797	-5.8188367
SRR7409790	2.6257877	-0.2676614	-0.950443	2.694813	-3.9429727
SRR7409791	4.347376	-2.5164013	-0.2430133	1.2973642	-5.160044
SRR7409793	3.55648	-0.8224652	-0.41694495	2.1317406	-4.073647
SRR7409794	4.3728924	-1.52511	-0.4754204	1.7226492	-4.1325326
SRR7409795	4.6013	-2.2852345	-0.5067781	2.822553	-5.3224454
SRR7409797	1.3364546	0.7879218	-0.9998635	3.164241	-4.172711
SRR7409798	1.8736105	0.68104696	-1.4578632	2.175589	-3.618887
SRR7409799	3.914342	-0.8456818	-0.57111204	2.4393764	-3.271728
SRR7409800	3.6891737	-1.9595712	-0.6955795	2.1122952	-4.534764
SRR7409801	5.1725264	-1.4678847	-0.85259795	1.6904782	-4.2389736
SRR7409803	1.543761	0.6477394	-1.054462	3.462662	-3.7068672
SRR7409804	1.5000325	1.0520658	-1.0350934	3.5834951	-4.241462
SRR7409805	4.1773496	-2.2201843	-0.27243558	1.544597	-5.29212
SRR7409806	3.6772318	-0.8865974	-0.13880888	2.851038	-3.1206865
SRR7409807	4.764694	-3.3046508	-1.3597991	1.544612	-5.416262
SRR7409808	2.6007497	-0.6767833	-2.0151532	3.5748968	-3.2209218
SRR7409809	4.843391	-1.7241403	-1.0847882	2.2320902	-5.01947
SRR7409810	5.013564	-1.903385	-1.1368275	1.9852157	-4.650746
SRR7409811	4.7680345	-1.6417729	-1.109397	1.6652423	-4.5156503
SRR7409812	4.343028	-1.6710263	-0.7487272	2.5217948	-3.9017606
SRR7409815	5.180271	-1.8236643	-1.3548245	2.0842545	-5.272429
SRR7409816	4.390973	-1.7504371	-0.7722701	2.6485562	-3.6189494
SRR7409818	2.4575868	-0.43332815	-0.9649905	4.4654665	-4.2607474
SRR7409820	2.91536	-0.15073538	-1.5911062	4.052623	-4.3349366
SRR7409821	4.607583	-2.3955889	-0.3718284	1.8114806	-5.4828267
SRR7409823	4.5162306	-1.1882377	-0.46095142	3.012103	-4.1609507
SRR7409824	4.85617	-2.1937585	-1.1914779	1.1533118	-4.954675
SRR7409825	3.8892155	-3.2754388	-0.76167107	1.6023258	-5.0473776
SRR7409826	5.4967203	-1.9593564	-1.1008422	1.7631024	-4.923659
SRR7409827	4.822369	-1.493842	-0.44534686	2.1456487	-3.8563561
SRR7409828	5.2722216	-2.0400395	-1.0925953	1.4087455	-3.9171004
SRR7409830	2.7748826	-0.36230648	-1.070436	4.1909533	-4.102406
SRR7409831	3.0527658	-0.38139498	-0.3698906	3.167171	-2.9533348
SRR7409832	5.5133877	-1.5991292	-0.54116917	1.7218999	-4.2491
SRR7409833	2.0910888	0.66499877	-0.96623194	3.7150111	-4.291184
SRR7409834	4.884985	-1.5170324	-0.80565083	1.2344939	-3.8973794
SRR7409835	4.334321	-2.4110184	-0.6566371	1.4718387	-4.717406
SRR7409837	2.6281495	0.4765979	-1.6059318	3.5224366	-3.7156503
SRR7409838	4.5622654	-2.5685287	-0.6057842	1.1718112	-5.298845
SRR7409839	1.8572457	0.49855062	-0.63921547	3.7721314	-4.214729
SRR7409840	4.02943	-1.736808	-0.6620358	1.1591125	-3.762996
SRR7409841	4.9477944	-2.2790437	-1.0251508	1.9209186	-4.6761155
SRR7409842	5.0546083	-2.6873808	-0.3648602	3.012024	-4.9933324
SRR7409843	4.630808	-1.9593607	-0.7486297	1.7825234	-4.980435
SRR7409844	5.092966	-1.6676036	-1.4797698	1.7042667	-4.4356604
SRR7409845	2.639614	1.0383291	-2.1814513	3.7998846	-4.6505713
SRR7409846	4.0924273	-1.8476998	-0.34303477	1.2436249	-4.334313
SRR7409847	3.1051764	-0.5304698	-0.013245016	1.9130846	-3.3715544
SRR7409848	3.0554843	-0.312697	-1.0186645	3.218625	-4.506766
SRR7409849	4.441786	-2.0533953	-0.4920663	1.519503	-5.0770087
SRR7409850	4.818545	-2.2629714	-0.8778249	1.926226	-4.4021106
SRR7409851	4.9663644	-1.230692	-0.6438916	2.868371	-4.636361
SRR7409852	4.504633	-2.486083	-0.4393225	1.52781	-4.8232217
SRR7409853	4.175578	-1.5931529	-1.0546916	1.3498472	-4.2754383
SRR7409854	1.9514781	0.97736174	-1.8891205	4.2026057	-5.3778863
SRR7409856	4.424865	-1.2195648	-0.83570874	1.9495357	-4.207703
SRR7409857	4.2367454	-0.9777583	-0.69488585	2.1681201	-4.817394
SRR7409858	1.7825311	1.0610048	-1.5509278	3.87246	-4.774171
SRR7409859	4.757497	-2.2316961	-1.1634419	1.4970658	-3.8707013
SRR7409860	4.4944916	-1.5360495	-0.6109718	1.5911486	-4.103749
SRR7409861	2.0007021	0.33304468	-1.1650734	2.9650345	-4.2075877
SRR7409862	4.4649715	-2.7565784	-0.69136155	1.5070472	-5.9903426
SRR7409863	5.0780406	-1.1500515	-0.7200664	2.4569411	-4.764879
SRR7409864	2.0942237	0.09011173	-0.5568712	3.5199623	-5.2824674
SRR7409865	4.587354	-2.2610502	-0.8842751	1.7046021	-4.935413
SRR7409866	5.0059595	-1.7614387	-0.88233924	1.7539673	-4.137134
SRR7409868	5.1093445	-1.5507959	-0.7190558	2.0045965	-3.7154214
SRR7409870	5.0086217	-1.842986	-1.6303695	1.4838638	-5.0483365
SRR7409872	4.646748	-2.0239882	-0.8584498	1.611846	-4.430006
SRR7409873	4.4560823	-0.44425613	-0.7768172	2.0897806	-4.517885
SRR7409875	3.1853693	-0.4941318	-0.0066122413	3.0232537	-3.5297735
SRR7409876	3.9938962	-2.524691	-1.0974311	1.0221176	-4.6375566
SRR7409877	4.5256934	-2.5362515	-0.59600735	1.6879684	-5.021533
SRR7409878	5.020648	-2.2533894	-1.4241775	1.150895	-4.096231
SRR7409879	4.6589937	-1.8777388	-0.8777945	2.423987	-4.501037
SRR7409881	2.2753668	-0.070319	-1.2605077	3.7732341	-2.9792497
SRR7409882	4.2807703	-2.3523703	-0.30204216	1.5780736	-4.8292317
SRR7409883	1.6579623	0.9275925	-1.0952961	3.6984973	-3.5148907
SRR7409884	3.364582	-0.6874014	-0.1388562	2.1260345	-2.6887968
SRR7409885	5.0644617	-1.9567894	-1.1777918	1.8527995	-4.967341
SRR7409886	4.2881756	-2.3292809	-1.429338	1.7046976	-4.4547715
SRR7409887	4.848076	-2.7257123	-0.7895236	2.6707153	-6.017215
SRR7409888	1.4980427	0.22382909	-0.6663524	4.131176	-3.4742634
SRR7409890	4.179141	-1.5364043	-0.61443555	1.7696725	-4.0523953
SRR7409891	4.7198834	-0.77756906	-1.0075451	1.3129599	-3.6201305
SRR7409892	2.8616896	-1.545431	-0.422905	1.6314666	-3.4017043
SRR7409893	4.529907	-1.4685122	-1.2641791	1.3218966	-4.351387
SRR7409895	1.2569375	0.40405855	-0.84675753	3.3586802	-3.000259
SRR7409896	1.7076926	1.0168064	-1.5579749	3.907502	-4.6446195
SRR7409897	4.5548496	-1.149717	-0.50227106	2.079114	-3.5762224
SRR7409898	1.5056205	0.67850757	-1.7221488	3.519627	-4.6279283
SRR7409899	4.4362326	-2.5313473	-0.2649143	1.5552529	-4.6036487
SRR7409900	2.0371299	0.16641285	-0.5759574	4.277656	-4.032318
SRR7409902	1.395889	1.1166368	-0.95463574	3.8364742	-4.602028
SRR7409903	1.4640038	0.31002855	-0.6276692	3.0298595	-3.8832235
SRR7409904	1.788275	0.6054809	-0.86782324	3.9310668	-4.395572
SRR7409905	2.511026	0.5476997	-1.1361648	2.6859684	-4.3580623
SRR7409906	5.3880663	-2.5180497	-1.1633357	0.82500005	-5.4219117
SRR7409907	1.444981	1.1593428	-1.1259085	3.5349638	-4.055178
SRR7409908	1.7248325	-0.32767284	-0.51992905	4.0309634	-3.5781808
SRR7409909	3.910129	-1.7465531	-0.11415973	1.8836294	-3.3104086
SRR7409910	4.7712793	-2.0266156	-1.1785024	1.5812997	-5.359905
SRR7409911	2.582017	-0.5111431	-0.5646659	4.301773	-4.1600547
SRR7409912	2.07133	0.43804085	-0.7952932	3.546523	-4.183323
SRR7409913	1.84371	0.6245571	-0.9131849	2.9721234	-3.5808382
SRR7409914	4.842029	-1.3559294	-0.8013327	1.889807	-3.7859
SRR7409917	4.0650587	-0.87416685	-0.52215886	2.0696135	-3.5444655
SRR7409918	4.686151	-1.5975121	-0.97720945	1.4510885	-4.1778646
SRR7409919	2.2145448	-0.11382702	-0.740131	3.838677	-4.3444185
SRR7409921	4.63525	-1.4967923	-0.575979	2.270992	-4.7333508
SRR7409922	4.740102	-1.5325416	-0.7759789	1.4923037	-4.2944427
SRR7409923	4.554326	-1.5792098	-0.8995019	1.9885665	-4.4249916
SRR7409925	4.466856	-1.6171845	-0.78578305	1.9903917	-3.9199271
SRR7409926	4.799511	-2.441246	-0.55084753	2.020108	-5.6391206
SRR7409927	4.460786	-1.0992802	-0.046687573	2.6989043	-3.786035
SRR7409928	1.7458225	0.48153967	-0.97943926	3.2301989	-4.8402944
SRR7409929	5.151096	-2.0539489	-0.07679173	1.9008863	-5.131207
SRR7409931	3.2200744	-0.189713	-0.43148437	2.3512635	-3.9611669
SRR7409932	4.061575	-1.7288927	-0.7569972	1.5445217	-4.1012654
SRR7409933	2.0725298	-0.017382145	-0.33511165	2.8295333	-4.131808
SRR7409934	4.92755	-1.3611463	-0.7331575	1.8141346	-4.6173396
SRR7409935	3.5045524	-0.13385463	-0.16751525	2.5826492	-4.374797
SRR7409936	1.2244188	0.21305682	-0.5319028	3.8533251	-3.0127635
SRR7409937	1.425166	0.9263158	-0.5993854	3.7989948	-4.5262265
SRR7409938	4.6591263	-0.89092934	-0.9401045	1.4111704	-4.502831
SRR7409939	4.754508	-1.0972029	-0.58226323	2.1634169	-5.160768
SRR7409940	5.181309	-2.398313	-1.3362148	1.2433223	-4.586055
SRR7409941	5.0218096	-2.4315553	-0.9461334	1.4827932	-5.326837
SRR7409942	4.5538683	-1.5513729	-1.2242403	1.8543531	-4.5478015
SRR7409943	1.9890611	0.28452307	-0.70296013	4.1044593	-3.749608
SRR7409945	4.3569803	-1.8267757	-0.39172974	2.104291	-5.4054914
SRR7409946	3.0320272	-0.21890348	-1.1196791	2.2052882	-3.969812
SRR7409947	4.558893	-0.99984074	-0.84197366	2.0637043	-4.2243934
SRR7409949	5.555346	-1.2963084	-1.274148	1.8685971	-4.899427
SRR7409950	4.6273584	-2.2726989	-0.39092872	1.636786	-5.2018456
SRR7409951	2.0690253	0.1142637	-1.2119201	2.8901138	-3.7756522
SRR7409952	0.8846772	0.97805786	-0.78044736	3.44491	-3.970159
SRR7409953	4.26766	-1.9589597	-0.72051966	0.736531	-3.277349
SRR7409954	1.820745	-0.6440381	-0.8123635	3.5210023	-2.8285198
SRR7409955	4.5513515	-1.7965227	-1.0808169	1.3677932	-4.2376943
SRR7409957	4.59153	-2.8622441	-0.746287	1.9831738	-5.272143
SRR7409958	4.591975	-2.02887	-0.625193	1.2817303	-3.90762
SRR7409959	4.6215363	-1.9981176	-1.1044661	1.2124624	-4.27629
SRR7409960	4.4398284	-2.7287822	-0.46794614	2.4971628	-6.0839214
SRR7409961	5.737323	-1.7465326	-0.9604436	2.164166	-5.473976
SRR7409962	2.288527	0.6484995	-1.2599236	2.4105132	-3.781836
SRR7409963	2.8385954	-0.27300936	-1.1165975	3.7075708	-3.6896567
SRR7409964	4.840806	-1.8541452	-0.9137851	2.0818684	-4.072711
SRR7409965	4.267544	-2.216978	-0.7549747	2.2347062	-5.1834674
SRR7409966	4.7558374	-1.4219363	-0.9241332	1.0316411	-4.0643535
SRR7409968	4.6470256	-2.9568686	-0.34764734	1.7758497	-6.369431
SRR7409969	4.536586	-3.2523985	-0.612802	1.5253531	-6.147442
SRR7409970	4.3135905	-2.112773	-0.6711401	1.7439399	-4.3227153
SRR7409971	5.055663	-2.8835044	-0.85993195	2.4250739	-6.247988
SRR7409973	4.67754	-2.072853	-0.8650638	1.950741	-5.3695335
SRR7409974	4.8675632	-2.494841	-1.2483126	1.4148353	-4.9884887
SRR7409975	5.133144	-1.5769694	-1.2601511	2.0007255	-5.110946
SRR7409976	4.1220655	-3.039486	-0.39622495	1.3127049	-4.9066687
SRR7409977	5.578129	-1.530967	-1.4439358	1.2604429	-4.8955727
SRR7409978	1.853209	1.0113468	-0.98169875	4.4254518	-4.7677217
SRR7409979	3.9975204	-1.3334861	-0.9590316	1.7003771	-4.5214295
SRR7409980	5.249533	-1.9806658	-0.54892457	2.2396278	-5.3697944
SRR7409981	4.1973314	-2.615569	-0.43146572	1.7305461	-5.217068
SRR7409983	4.3248963	-2.5023851	-0.10090163	2.3355923	-5.392793
SRR7409984	1.1098871	-0.174056	-0.97909105	3.0365658	-2.8080113
SRR7409985	4.4223394	-1.784213	-0.46865305	1.2921249	-4.107061
SRR7409986	4.683833	-1.9041833	-1.0474393	1.6639342	-4.158174
SRR7409987	4.7553916	-1.1740303	-1.1105142	2.2304635	-5.142172
SRR7409989	3.7245603	-0.6315412	-0.81092095	2.290913	-4.2661624
SRR7409990	1.586768	1.0533164	-1.0208399	3.8549461	-4.3599386
SRR7409991	5.2091293	-1.4666561	-1.4354779	1.8332999	-4.8726716
SRR7409992	3.7516022	-1.7696844	-0.7123401	0.80114806	-3.3924992
SRR7409993	4.4915895	-2.1182065	-0.51741254	1.7812264	-5.4098306
SRR7409994	2.0147312	0.06662685	-1.1931913	3.2310169	-3.4168103
SRR7409995	3.8685746	-1.7232829	-0.24826726	1.8740171	-4.1852136
SRR7409996	4.4461355	-2.6851249	-0.41796032	1.9157563	-5.882787
SRR7409997	5.3267784	-1.9474727	-0.61218905	0.67800546	-3.950029
SRR7409998	3.912283	-2.2875285	-0.86911106	1.7404183	-4.5808196
SRR7409999	5.2049546	-1.3831794	-1.0243517	1.8157779	-4.5406814
SRR7410000	3.9604635	-0.9237635	-0.6062716	1.7656287	-3.8472304
SRR7410002	0.924945	0.7547393	-0.6969558	3.2284544	-3.4452286
SRR7410003	4.9053645	-2.0614514	-0.73663235	1.5460565	-3.9927979
SRR7410004	1.9371865	0.43482953	-1.5346466	2.5551276	-3.5882201
SRR7410005	4.135714	-1.5164646	-0.6297939	1.8040326	-3.896171
SRR7410006	1.5602447	1.2960582	-1.7760304	4.0232344	-4.331303
SRR7410007	3.7253811	-1.489408	-0.55559695	2.0414526	-3.7761216
SRR7410011	5.040644	-0.91156197	-1.1453332	2.1418653	-3.758701
SRR7410012	4.7336407	-1.7356635	-0.9062977	2.2910597	-4.5224533
SRR7410013	4.4460564	-1.8975347	-0.6059513	2.3382702	-5.506745
SRR7410014	4.9406667	-1.7697343	-0.99430835	1.736993	-4.2263436
SRR7410015	4.495225	-2.3327932	-0.4241359	1.0355844	-4.720489
SRR7410016	3.7719896	-1.3871897	-0.10028127	2.084446	-3.2010965
SRR7410017	3.6211488	-2.26057	-0.737075	1.7584532	-4.9451556
SRR7410018	4.3249593	-3.0248528	-0.621289	1.3699793	-5.6279488
SRR7410019	2.0983257	0.25546885	-1.4084235	2.4277925	-3.5367212
SRR7410020	5.0439715	-2.0319886	-0.6999171	1.895434	-4.346755
SRR7410021	5.2836013	-2.3128905	-0.9614128	2.3894439	-5.745692
SRR7410022	5.0454087	-1.5365292	-0.8875598	1.524598	-4.5325646
SRR7410023	4.4021406	-2.7443352	-0.10224423	1.6496127	-5.357801
SRR7410024	4.09316	-2.326213	-0.7402828	1.6535801	-5.0486703
SRR7410025	5.126283	-1.4703234	-1.0863965	1.9129556	-5.0631776
SRR7410026	4.1616883	-2.5623965	-0.64627147	1.6045903	-4.4218597
SRR7410027	4.9642725	-2.3186584	-0.49032983	1.9780346	-5.4934716
SRR7410028	4.71088	-2.4772553	-0.52537787	1.6485536	-5.633849
SRR7410030	4.34428	-2.6726284	-0.7642292	1.6697062	-5.2964473
SRR7410031	4.1788955	-1.7819308	-0.46770927	2.1089487	-5.2810664
SRR7410032	2.0030172	0.21808004	-0.6863961	2.7504249	-4.0628853
SRR7410033	4.393202	-1.8604704	-0.70311785	1.9619747	-4.7435446
SRR7410034	4.3582993	-2.5077758	-0.15814057	2.08071	-5.523631
SRR7410035	1.7201799	0.66589254	-1.5688083	2.1392565	-3.882647
SRR7410036	4.6476655	-1.9233879	-0.88058734	1.3942345	-4.221214
SRR7410037	4.962237	-1.9327191	-0.4769093	2.1888835	-4.3362613
SRR7410038	0.93362516	0.35971278	-0.46307394	4.277323	-3.1283624
SRR7410039	5.299582	-2.5551906	-0.9585848	2.3303287	-4.7140446
SRR7410040	4.8185477	-1.7381514	-1.4546384	1.4820632	-4.321369
SRR7410041	4.2362514	-2.4625945	-0.5296272	1.6719798	-5.145429
SRR7410042	4.304148	-1.4882967	-1.0609454	2.0879457	-4.728662
SRR7410043	4.419264	-2.17269	-0.92205167	1.8972467	-3.702232
SRR7410044	4.128923	-2.1516776	-0.46960035	1.3236043	-4.61685
SRR7410045	2.6960378	-0.37185115	-0.21405724	3.1337004	-3.1787229
SRR7410047	4.5530944	-2.5258007	-0.4534075	2.2123125	-6.3748603
SRR7410049	1.8617743	1.0269244	-1.7378637	3.4997942	-4.4033465
SRR7410050	4.8392134	-1.503739	-0.9762107	1.9042493	-4.799405
SRR7410052	1.3919864	-0.86220133	-1.8435625	2.8402033	-2.6125426
SRR7410053	5.985641	-1.3030666	-1.5283118	2.1461177	-5.541161
SRR7410054	3.5171046	-2.3632731	0.1839834	1.5444412	-4.8867826
SRR7410055	4.5279336	-2.9867487	-0.593999	1.760864	-5.6793513
SRR7410056	2.0492706	0.31041774	-1.04819	2.9739177	-3.9249434
SRR7410057	1.2242801	0.20247115	-0.5017247	4.288131	-3.4778652
SRR7410058	5.084562	-1.9004887	-1.12429	1.6798365	-5.336161
SRR7410060	4.3633204	-2.2628798	-0.9937233	1.5712144	-3.7526088
SRR7410061	4.867982	-2.515427	-0.4307287	0.9051467	-3.4265924
SRR7410062	3.63488	-2.8373299	0.29136994	1.8382939	-4.651216
SRR7410063	3.349547	-1.5450139	-0.40661684	1.898614	-3.4979675
SRR7410064	4.8238697	-1.3162848	-1.2258161	1.5176786	-4.1109405
SRR7410066	3.9674215	-3.2163577	-0.1570923	1.7083577	-5.621941
SRR7410067	5.5473914	-1.7433611	-1.4774866	2.0344498	-5.282783
SRR7410068	4.7057133	-2.2111125	-1.4914681	0.972708	-4.3292146
SRR7410069	2.4929261	-0.3005135	-1.887165	1.6823608	-3.6447086
SRR7410070	4.5976496	-1.7916173	-0.5248873	2.7636287	-3.5977764
SRR7410071	1.9420065	-0.99720347	-1.6525954	2.5067458	-2.6198287
SRR7410072	4.8907886	-2.4834347	-1.2509483	1.7039403	-5.589256
SRR7410073	5.2837124	-2.0683384	-1.277484	1.1328987	-4.2929044
SRR7410074	4.423887	-2.6136913	-0.72250164	1.182702	-4.183821
SRR7410075	4.8557386	-2.5665717	-0.5815356	2.1056077	-5.899916
SRR7410076	5.007489	-2.1436658	-1.4084654	1.2303205	-4.2360425
SRR7410077	4.7543364	-2.2221975	-1.2311999	1.2792867	-3.58362
SRR7410078	4.2392616	-1.304604	-0.8535539	2.2068756	-4.217803
SRR7410079	3.643978	-1.1695904	-0.80728495	1.8061548	-3.8152657
SRR7410080	4.994752	-3.21764	-1.0828363	2.4200027	-6.641107
SRR7410081	4.8057356	-2.6098423	-0.10452479	2.1414156	-5.854238
SRR7410082	5.0330544	-3.0018454	-0.24898532	2.1348119	-6.073155
SRR7410083	5.207502	-2.4709406	-0.9395739	2.2863536	-6.0087676
SRR7410084	1.4614295	0.16214342	-0.5606388	3.7159503	-3.7207277
SRR7410085	5.1470776	-1.5678147	-0.7560514	1.6498028	-3.8827815
SRR7410086	5.1808395	-1.9587954	-1.0787444	1.0576298	-3.4772944
SRR7410088	2.3442135	1.3847643	-1.8034872	4.1862187	-4.753975
SRR7410089	1.632011	0.45659256	-1.2073098	2.8530474	-3.230402
SRR7410090	5.055043	-0.99513435	-1.0588886	2.1897495	-4.5214996
SRR7410091	4.493245	-2.011043	-0.87710524	1.7605017	-3.5824282
SRR7410092	0.6542243	1.1939201	-1.1157937	3.3425014	-3.5490918
SRR7410093	4.6251426	-1.5741756	-0.70832455	1.4224106	-4.6047807
SRR7410094	2.3502393	-0.3323627	-1.3727118	3.0627565	-3.221562
SRR7410096	4.8883996	-1.6369892	-0.7667273	1.8794432	-4.769986
SRR7410097	4.3880053	-2.1462746	-0.6619047	1.5297105	-4.1611667
