	scvi_1	scvi_2	scvi_3	scvi_4	scvi_5
SRR7408400	2.8154447	2.2135437	-2.6782122	-2.3653522	0.079998195
SRR7408401	4.194799	3.4734497	-3.129057	-4.220302	-0.050568607
SRR7408404	4.5952415	4.248564	-2.0418067	-4.6269007	0.6814691
SRR7408413	3.8234928	3.198303	-2.855473	-3.7081637	0.02845386
SRR7408414	3.7759883	4.2093706	-2.5939784	-4.771865	0.5869397
SRR7408418	3.6204817	2.8124063	-2.3625321	-2.3177905	0.29734907
SRR7408422	6.264864	4.0736256	-2.5838175	-5.439758	0.23091623
SRR7408424	2.094613	2.331999	-2.7969499	-2.6911428	-0.13712952
SRR7408426	3.7605186	2.7399528	-2.5267873	-3.4461179	0.089065224
SRR7408427	5.098819	3.9882689	-2.9685297	-4.0717053	0.4020668
SRR7408433	1.3387967	0.678198	-2.516271	-1.6514254	-0.36275363
SRR7408437	4.330944	4.436286	-2.7862034	-4.270901	0.5751197
SRR7408438	1.969088	1.5945504	-1.9883982	-1.5308037	0.15601605
SRR7408444	2.4917588	2.838109	-2.6947145	-2.5583737	0.52574193
SRR7408446	3.5146432	3.7169826	-2.6075215	-4.8627424	0.2637144
SRR7408448	1.2050256	0.099904716	-2.059411	-0.45874396	0.26892272
SRR7408449	0.014329329	1.7618634	-2.1960635	-1.1167061	0.70795727
SRR7408454	2.3819277	3.7829964	-2.7509193	-3.9753656	0.7586957
SRR7408458	3.5945654	3.550648	-2.402862	-3.7307887	0.47758612
SRR7408460	1.1660506	2.3966806	-2.3210557	-3.0859132	0.7765262
SRR7408461	2.9604142	3.9141128	-2.5948758	-4.2240524	0.5814002
SRR7408462	4.3168354	4.778579	-3.143415	-5.1411276	0.66137886
SRR7408470	1.3990505	1.7110283	-2.0566258	-1.9559863	-0.022395935
SRR7408472	0.7805998	0.8269212	-1.781389	-1.4531982	0.120438546
SRR7408473	2.4180782	1.412738	-2.6020722	-1.5467024	0.41485232
SRR7408474	5.1887813	3.643159	-2.9273882	-4.4444203	-0.0489504
SRR7408475	3.0372138	2.7664797	-2.4432673	-1.8954265	0.54747486
SRR7408482	3.7851772	4.3352604	-2.129478	-4.0952673	0.4883705
SRR7408483	2.3121552	4.5764866	-2.8703675	-3.4889517	0.93733567
SRR7408485	4.752893	4.4179573	-2.1598878	-5.051963	0.42803997
SRR7408486	3.1461172	2.5411599	-2.6097293	-3.7327456	0.09463617
SRR7408487	3.3620267	2.6130214	-2.7617326	-2.8992245	0.19029441
SRR7408493	3.7646866	3.1174238	-2.828848	-3.8020697	-0.18444636
SRR7408494	2.3655324	2.9573433	-2.2964725	-3.2999415	0.52433026
SRR7408498	4.1323447	3.3910277	-2.4421968	-3.4871135	0.33535302
SRR7408517	3.5374064	3.7575405	-2.7195244	-3.36643	0.23166344
SRR7408518	2.059615	3.3204634	-2.411574	-3.4999058	0.71551526
SRR7408519	2.8697107	3.3108788	-2.4510717	-4.170913	0.4023457
SRR7408520	6.470642	4.703914	-2.4892879	-5.8402185	0.57181853
SRR7408521	1.3427893	1.2980446	-1.3674246	-2.2755952	0.4049568
SRR7408522	4.7524695	5.4149284	-1.4764638	-3.3681855	0.22029224
SRR7408523	4.9269753	2.889129	-1.9388503	-4.0209002	-0.11935136
SRR7408524	1.6897155	1.0696462	-2.5842829	-2.868414	-0.45269755
SRR7408525	4.1514225	1.9279128	-2.161199	-3.591331	-0.3820403
SRR7408526	4.444515	1.8206085	-1.7240266	-4.253497	-0.8081436
SRR7408527	3.0171273	3.6061842	-2.4570794	-4.021068	0.30029902
SRR7408528	5.087698	4.148322	-2.7396636	-4.0867457	0.11509338
SRR7408529	6.3451004	3.8684847	-2.2417488	-5.161277	0.069673985
SRR7408530	5.521188	3.1943064	-2.1858034	-4.204155	-0.28296664
SRR7408531	4.731042	4.1980114	-2.2679505	-5.0230875	0.36384448
SRR7408532	6.039279	4.3675327	-2.3216834	-5.6824217	0.09183356
SRR7408533	5.1525345	3.0830808	-2.383834	-4.6922874	-0.15670535
SRR7408534	3.0069075	2.4619873	-2.5967064	-3.287066	-0.040557887
SRR7408535	3.3612943	4.280816	-2.5558157	-5.270179	0.19124928
SRR7408536	1.6260141	1.0809991	-2.6893735	-1.4771819	-0.11882046
SRR7408537	5.2682858	4.228629	-2.657505	-5.3589973	0.40722927
SRR7408538	3.5232267	2.415138	-2.0898585	-4.2818866	0.03311846
SRR7408539	5.670846	4.1610813	-2.436181	-4.994995	0.5798609
SRR7408540	1.3343147	2.3960145	-2.6239057	-3.4440753	0.18907112
SRR7408541	5.3486433	4.669825	-1.9153594	-5.066004	0.53623605
SRR7408542	4.617856	4.8210554	-2.4056544	-5.5299263	0.65784216
SRR7408543	1.7832822	2.7787173	-2.5303993	-3.9807184	0.29972783
SRR7408544	4.879648	2.7951806	-2.532175	-3.9795659	0.050937388
SRR7408545	4.0786767	4.0324183	-2.703086	-4.965439	0.19310227
SRR7408546	2.0952253	2.7219346	-2.37542	-4.179008	0.33879456
SRR7408547	2.183456	2.4140687	-2.4890857	-3.8194973	-0.037914243
SRR7408548	2.9234927	1.6096479	-1.9711055	-3.3568254	-0.47063342
SRR7408549	4.351194	3.3126283	-2.0117064	-4.770904	0.06917462
SRR7408550	6.2032437	3.1943593	-2.1806846	-4.3529	-0.14241275
SRR7408551	4.6614857	3.053879	-2.3509278	-4.093353	-0.06839523
SRR7408552	3.5782194	3.7018015	-2.5878386	-4.900054	0.42933717
SRR7408553	2.3330827	0.8028151	-2.069858	-1.66589	-0.023842122
SRR7408554	1.0187147	2.3046834	-2.16395	-3.4763856	0.3844655
SRR7408555	3.9342012	3.6386757	-3.0006409	-4.761913	0.110153586
SRR7408556	3.2677445	3.1181505	-2.1933155	-4.4365354	0.2466957
SRR7408557	2.0333588	2.4465368	-2.421206	-3.6772697	0.20534742
SRR7408558	4.8388243	3.2608826	-2.0243678	-4.5010476	0.0027045347
SRR7408559	4.3646708	2.511185	-1.9479272	-3.3816457	0.13119441
SRR7408560	0.9622795	2.268866	-1.2333544	-2.1469164	0.2878871
SRR7408561	2.304101	3.1355026	-2.459477	-3.9299839	0.51852
SRR7408562	3.8152323	2.425658	-2.3864403	-3.6665142	-0.1387316
SRR7408564	5.527911	4.3708124	-2.6443973	-4.2900953	0.5505847
SRR7408566	5.251668	4.7817	-2.4058151	-5.847674	0.5332293
SRR7408567	3.9614239	3.1424325	-2.6147475	-4.0388393	0.015587602
SRR7408569	1.1451445	2.3866637	-1.7069832	-3.1457727	0.35639834
SRR7408570	3.0305471	1.8496447	-1.8282076	-3.1365933	-0.275516
SRR7408571	6.163039	4.2975454	-2.4764037	-5.508627	0.13805541
SRR7408572	0.59447604	1.0650612	-1.5998968	-2.0456572	0.49220178
SRR7408573	4.860629	3.8587716	-2.6613684	-4.166484	0.39500126
SRR7408574	3.0313396	3.5578282	-2.962469	-4.447322	0.42162
SRR7408575	2.1487446	1.4288983	-2.1536016	-3.3284898	-0.4465636
SRR7408576	3.304521	3.4229963	-2.1954863	-4.547473	0.34295902
SRR7408577	7.316438	5.6310406	-2.4193156	-6.342065	0.87213266
SRR7408578	0.6728603	0.82434833	-1.5029901	-2.4383695	0.08699852
SRR7408579	2.4293842	2.9120939	-1.2834582	-3.7935576	0.3908891
SRR7408580	4.1896086	1.607441	-2.0102148	-3.350711	-0.31965747
SRR7408581	2.5409427	2.9607854	-1.8241417	-3.129141	0.74251485
SRR7408582	1.1398288	1.6094154	-1.9225445	-2.3454573	0.21955255
SRR7408583	4.1214676	3.7805746	-2.0150695	-4.617923	0.32245323
SRR7408584	6.5386643	5.478765	-3.1619396	-5.1060905	0.9775214
SRR7408585	2.7285728	3.4770002	-2.9871316	-4.501957	0.6123784
SRR7408586	4.4747343	2.9605494	-2.1371908	-4.228673	0.11488581
SRR7408587	1.7633191	2.4803817	-1.7956241	-3.4273498	0.74090457
SRR7408588	5.45957	4.190447	-2.3140285	-5.6139097	0.07341954
SRR7408589	4.4592915	3.0822031	-2.2093863	-4.3959093	0.020203147
SRR7408590	0.536938	2.6917684	-2.516921	-3.5766475	0.4496188
SRR7408591	1.9201442	2.9069226	-3.1143098	-4.5176682	0.103854924
SRR7408592	1.1986921	2.8703046	-2.1383228	-3.775135	0.63980913
SRR7408593	0.5228624	2.586291	-2.329787	-3.7758474	0.46660647
SRR7408594	-0.028140865	1.850263	-1.9682084	-2.7166574	0.5099207
SRR7408595	0.8860839	2.6228507	-2.7010884	-3.972487	0.4456353
SRR7408596	3.4337296	3.8448138	-2.7366452	-5.505629	0.4963226
SRR7408597	0.9550788	2.1855474	-2.0861464	-3.73987	0.14437771
SRR7408598	5.539465	3.2981231	-2.4217753	-4.5575314	-0.12822333
SRR7408599	4.804573	3.8712144	-2.0356092	-5.222591	0.276727
SRR7408600	3.3988624	4.610958	-2.650875	-5.1023326	0.7358412
SRR7408601	5.376508	3.713186	-2.58891	-5.9101057	-0.017580833
SRR7408602	5.2965217	4.376526	-2.421763	-5.704767	0.39229438
SRR7408603	2.240583	2.2820957	-1.9884318	-4.7833543	0.17099753
SRR7408604	0.07125156	1.2598232	-1.206543	-2.4219928	0.2654541
SRR7408605	6.1203766	4.8100944	-2.65203	-5.5167637	0.84454596
SRR7408606	5.4006863	4.03561	-2.5379453	-6.5918856	0.115443915
SRR7408607	0.08191694	1.9294087	-2.0765462	-2.7722766	0.33666664
SRR7408608	4.7104774	3.8005083	-2.8784246	-4.8575335	0.26539686
SRR7408609	4.080592	4.12856	-2.1914492	-4.4876695	0.6644625
SRR7408610	1.9536783	3.4091156	-2.4409165	-4.8452888	0.6798859
SRR7408611	2.4623475	3.2352526	-2.679788	-5.2060704	0.21456668
SRR7408612	0.29316097	1.5981648	-1.5627658	-3.3256593	0.22988284
SRR7408613	1.8227124	1.663135	-2.435338	-3.7532508	0.046451274
SRR7408614	6.1109505	4.5653524	-2.0901008	-5.5773215	0.45405683
SRR7408615	1.4006501	2.7638333	-1.9329522	-4.0916476	0.6076146
SRR7408616	5.787162	5.577465	-2.9194818	-6.3795414	0.84562445
SRR7408617	2.9207678	3.4713285	-1.7513894	-5.520665	0.40597644
SRR7408618	3.1742291	2.6221387	-2.7217455	-3.840383	0.017508898
SRR7408619	2.7039347	3.3463054	-2.4349432	-5.0867987	0.47231832
SRR7408620	2.9179928	2.515087	-2.6886706	-4.8982477	0.0020633675
SRR7408621	5.6896467	3.7873726	-2.3595335	-5.2503495	0.12520793
SRR7408622	5.9528522	4.661442	-2.5929685	-6.5976334	0.28209606
SRR7408623	3.1119123	2.2467582	-2.061751	-4.2234735	-0.331583
SRR7408624	3.4409132	3.731917	-2.496941	-4.3533144	0.59509516
SRR7408625	4.669168	4.4939313	-2.9563866	-5.7226524	0.3892357
SRR7408626	2.119981	3.6570408	-3.0782595	-5.383511	0.5671351
SRR7408627	0.25246066	1.5451508	-1.7688452	-2.7664824	0.43958265
SRR7408628	2.2922559	3.6939461	-2.5189614	-4.9124565	0.7316495
SRR7408629	2.6135333	3.8048425	-2.4859734	-4.973295	0.3017057
SRR7408630	0.34032983	1.8197547	-1.8993148	-3.011335	0.3413083
SRR7408632	3.210823	1.4949461	-1.7734584	-3.5955105	-0.54575
SRR7408633	4.805812	3.0587025	-2.5647106	-4.7687407	0.024350855
SRR7408634	3.6685863	2.5986707	-2.1913643	-4.2463164	0.0034882762
SRR7408635	6.655687	5.8100843	-2.5447893	-6.052911	0.954129
SRR7408636	5.1932955	4.52	-2.2366934	-4.337335	0.7149317
SRR7408637	4.8985786	4.1927366	-2.9498825	-6.0630183	0.28677443
SRR7408639	4.5851974	4.6031637	-2.748527	-5.5083156	0.6062935
SRR7408640	0.6386093	1.235625	-2.0472798	-4.2027216	-0.15645581
SRR7408641	1.4795371	1.6899691	-1.7776376	-3.8658643	-0.13558868
SRR7408642	4.050555	4.294424	-2.5841289	-5.5774612	0.6111495
SRR7408643	1.6563866	2.188697	-2.475853	-3.4343896	0.035998736
SRR7408644	4.48518	3.1353846	-3.390502	-5.216049	0.15494242
SRR7408645	5.399226	3.8073125	-1.9787478	-6.0900407	-0.037379947
SRR7408646	2.565141	1.7135571	-2.4348607	-3.8065941	-0.56923294
SRR7408647	0.8741229	2.2805023	-2.088863	-3.967398	0.14322552
SRR7408648	2.1983204	1.6247185	-1.9980767	-3.9035678	-0.1447832
SRR7408649	1.7606646	2.9269116	-3.2075577	-4.3823457	0.21727738
SRR7408650	2.5602264	3.67324	-2.690332	-4.888221	0.18754873
SRR7408651	0.80842465	2.773023	-1.7787572	-3.6255293	0.9656272
SRR7408652	5.273259	4.8692207	-2.2459674	-6.280612	0.27207282
SRR7408654	5.365568	3.3886116	-1.9840633	-5.388133	-0.051957753
SRR7408655	1.4571174	2.9107134	-2.4906073	-4.876756	0.18089738
SRR7408656	4.9669194	4.842553	-2.9484224	-6.3781857	0.340013
SRR7408657	3.7293825	1.975505	-2.2025125	-3.9403243	-0.46595928
SRR7408658	3.5246623	2.2263498	-1.8868387	-3.8711495	0.030158434
SRR7408659	-0.19291784	1.5726806	-1.6664065	-2.676889	0.103987336
SRR7408660	2.066642	4.0198565	-1.7929336	-4.2144785	0.7688057
SRR7408661	3.328346	4.0571446	-2.2097414	-5.535843	0.4865429
SRR7408662	3.742966	4.554689	-2.040081	-6.212243	0.4113206
SRR7408663	4.370096	3.3321905	-2.1672785	-5.475716	-0.03209826
SRR7408664	5.023155	4.458152	-1.9295827	-5.324502	0.60455114
SRR7408665	2.2904181	3.1164331	-2.408422	-5.111615	0.23404881
SRR7408666	2.5137138	2.1459062	-2.3088694	-4.516016	0.35654473
SRR7408667	2.4437919	2.5828216	-2.404953	-4.087519	-0.042008128
SRR7408668	3.2648544	2.9671404	-2.412296	-5.1170297	0.18045792
SRR7408669	5.8808584	5.0264006	-2.7783957	-6.0618124	0.5023786
SRR7408670	1.9425212	2.0916708	-2.551529	-3.489212	0.2138463
SRR7408671	3.5400167	3.3222086	-1.4337122	-4.9503317	-0.042517807
SRR7408672	0.88664573	1.2767237	-2.4756804	-4.1729984	0.24515289
SRR7408673	3.3481789	2.2399602	-2.9264917	-3.3845155	-0.4046093
SRR7408674	4.56553	4.560864	-2.83785	-5.675053	0.59024787
SRR7408675	0.4953431	1.7044803	-1.9609307	-3.0622175	0.28622797
SRR7408676	0.733805	1.5146908	-1.5204233	-2.9786928	0.42010874
SRR7408677	4.505683	2.408841	-2.22574	-4.384197	-0.13979697
SRR7408679	3.6326265	4.5997496	-2.7178435	-5.2908564	0.6819106
SRR7408680	3.0243785	4.0163774	-2.9333653	-5.2021093	0.34828094
SRR7408681	3.964849	4.8920546	-3.0031567	-5.9746203	0.8177835
SRR7408682	0.26525044	2.2543285	-2.6696348	-3.497428	0.66516596
SRR7408683	2.7254348	3.4160554	-2.5937543	-5.1451464	0.3489156
SRR7408684	3.4275513	2.2361572	-2.868126	-4.375337	-0.16353777
SRR7408685	2.8325467	4.2563343	-2.0295236	-5.4874372	0.6021395
SRR7408686	2.7286239	3.3761861	-2.4149232	-4.7725325	0.3180692
SRR7408687	0.79139966	2.1770694	-1.9047104	-3.4110854	0.3763531
SRR7408688	3.234456	4.4503593	-2.8427577	-5.685126	0.4604331
SRR7408689	0.7859355	2.437042	-2.2725387	-3.8168595	0.31203157
SRR7408690	0.7906424	1.8576466	-1.8318487	-4.1617002	0.04015482
SRR7408691	0.21508224	1.2378314	-1.4282454	-1.9896107	0.17416605
SRR7408692	6.3956084	5.257322	-2.64603	-6.035454	0.9531535
SRR7408693	4.0182667	4.0552573	-2.7360597	-4.8990817	0.3686932
SRR7408694	4.3235016	4.562298	-2.3582845	-5.5754685	0.3018423
SRR7408695	3.5284896	3.4031718	-2.1095533	-4.491661	0.545065
SRR7408696	2.2130196	3.515502	-1.8758049	-4.194975	0.64303994
SRR7408697	3.2653503	2.448341	-2.6657686	-4.441542	-0.35335782
SRR7408698	4.6883926	4.918461	-2.7272859	-5.6074734	0.47123858
SRR7408699	2.9630485	4.138681	-3.163311	-5.8782816	0.9103739
SRR7408700	5.196512	3.8959987	-2.4272428	-5.6133137	0.22496435
SRR7408701	3.1335707	4.8636646	-3.1637025	-5.388376	0.7855031
SRR7408702	2.8492422	5.3214145	-2.564629	-4.4883432	1.2714717
SRR7408703	0.29571998	2.841139	-1.6584997	-3.005248	0.6695273
SRR7408704	1.1653638	1.0362062	-2.0411186	-2.7792053	-0.26010165
SRR7408705	1.3791441	2.5463653	-2.3948143	-4.053699	0.7967675
SRR7408706	0.36766315	0.60985243	-1.9641556	-2.4246895	-0.13931277
SRR7408707	3.7117772	2.490122	-2.7666492	-3.9396098	0.1327152
SRR7408708	3.5464108	2.3977842	-2.6127691	-4.2268395	-0.003604319
SRR7408709	2.9436266	4.566658	-2.0550003	-4.95334	1.0334882
SRR7408710	3.1267705	2.7510827	-2.7194734	-5.1948233	0.09630427
SRR7408711	0.3968315	1.960462	-1.8934866	-3.072133	0.123603314
SRR7408712	5.4929476	4.8872743	-2.7061892	-6.0706725	0.5192781
SRR7408713	3.9695687	2.6644387	-2.708109	-4.1360264	0.15462166
SRR7408714	2.5667078	3.1878548	-2.0066853	-4.5622416	0.3680145
SRR7408715	5.1992064	5.0699	-2.401422	-6.7299023	0.7479062
SRR7408716	3.3479815	2.2899275	-2.7703943	-4.220407	-0.09836382
SRR7408717	3.2667437	2.2180398	-2.8729563	-3.9683242	-0.49154076
SRR7408718	3.0689075	2.4150147	-1.8380245	-4.10725	-0.09061429
SRR7408719	1.0189348	3.077431	-2.0343657	-3.7270217	0.60793805
SRR7408720	0.86311454	1.7889453	-2.2897377	-3.6001062	0.28290403
SRR7408721	0.5616048	2.446056	-1.9398288	-3.0960808	0.5805612
SRR7408722	0.6002179	1.7596484	-1.8833221	-2.7801447	0.044181798
SRR7408723	4.8754086	4.9077153	-2.546997	-5.917635	0.4325483
SRR7408724	4.8435855	3.1145017	-3.0187593	-5.596035	0.05368117
SRR7408725	0.7715098	1.543649	-2.4352546	-3.6985633	-0.25804228
SRR7408726	2.067034	2.230942	-2.3014255	-3.706824	0.38978383
SRR7408727	0.5147738	2.3306015	-2.6903052	-3.9362123	0.040676866
SRR7408728	5.2667212	4.9093003	-2.1452982	-6.8177123	0.04944429
SRR7408729	4.689025	3.4632146	-2.4346194	-4.867944	0.2825999
SRR7408730	2.5171592	2.3094141	-2.7023458	-4.506111	0.33320162
SRR7408731	3.9981937	3.4553254	-2.7762504	-5.070011	0.13342425
SRR7408732	3.1124105	3.7374215	-2.1749568	-5.2681546	0.19210479
SRR7408733	2.9873576	3.1955597	-2.3305802	-4.52415	0.1758031
SRR7408734	-0.50194746	1.2583085	-2.1568527	-2.9179966	0.37919855
SRR7408735	-0.18553625	0.8823062	-1.6969339	-2.9460094	0.01763061
SRR7408736	1.434382	2.5855339	-1.9029968	-3.6105604	0.25618073
SRR7408737	-0.19521579	-0.18416809	-1.245704	-1.6662853	-0.32852945
SRR7408738	-1.050737	3.3681717	-2.9328213	1.8474758	1.4999678
SRR7408739	0.5436867	1.8223971	-1.7658123	-2.9048374	-0.18355998
SRR7408740	3.815805	3.9370406	-2.2658534	-4.6527877	0.5036976
SRR7408741	1.5435208	2.5624127	-2.1579542	-4.162942	0.28360736
SRR7408742	1.0936329	2.055788	-2.009664	-3.9286098	0.19087252
SRR7408743	0.21153556	1.7318774	-1.5024065	-3.091582	-0.020174172
SRR7408744	1.9827198	2.1870563	-1.9917921	-4.307506	-0.20682743
SRR7408745	2.2064917	2.8241947	-2.0025349	-4.8035583	-0.15105158
SRR7408746	3.9170666	2.9369888	-1.38258	-3.9977527	0.11013046
SRR7408747	4.2068496	3.8574245	-1.3689146	-4.4852285	0.36244842
SRR7408748	-0.06372847	1.8286773	-1.49235	-3.00195	-0.0900909
SRR7408749	3.1966605	2.6554372	-2.4076152	-5.031021	0.008646462
SRR7408750	1.7536534	3.3672037	-2.348762	-4.3760357	0.66613126
SRR7408751	-0.038903996	1.8764644	-1.8827947	-3.1331	0.07473469
SRR7408752	1.6743987	2.0187862	-1.8480419	-3.6894886	-0.3113167
SRR7408753	-0.349015	1.3110183	-1.5596663	-2.732482	0.06797063
SRR7408754	0.7420415	2.470134	-1.9808183	-3.9020953	0.22101596
SRR7408755	4.4196105	3.5353296	-2.30684	-4.7017813	0.22303358
SRR7408756	2.4334068	3.0214074	-1.927053	-4.424321	0.32709333
SRR7408757	-1.4450401	0.8929881	-0.9826627	-1.0474299	0.055268068
SRR7408759	2.8103728	3.3284802	-2.1861563	-4.3606353	0.08057496
SRR7408760	-0.35770574	1.1836963	-1.4740169	-2.7634468	0.36287937
SRR7408761	3.3000998	2.0376694	-1.3285147	-3.0321057	-0.10243717
SRR7408762	2.869627	1.5116099	-2.0520954	-3.7920885	-0.37345213
SRR7408763	-0.10555641	1.1697441	-1.4824995	-2.305003	-0.17182264
SRR7408764	0.2802633	1.5412737	-2.0470223	-3.1398392	-0.16144755
SRR7408766	2.256987	2.8721156	-2.1967769	-3.239189	0.016427789
SRR7408767	1.465338	2.5579014	-1.3829228	-3.481224	0.4570124
SRR7408768	0.8638362	1.8476152	-1.5555903	-3.8799453	0.0868462
SRR7408769	-0.38540298	0.9776975	-1.636504	-3.0247731	0.100892335
SRR7408770	2.634183	1.2447795	-1.5016129	-2.469279	-0.089708656
SRR7408771	-0.4056257	0.7125591	-1.6033406	-2.434114	-0.07088864
SRR7408772	3.551554	2.5245397	-1.4239795	-3.6821532	0.07452348
SRR7408773	0.23994757	2.1586366	-2.1816874	-3.4993653	0.066943645
SRR7408774	2.2167852	2.3470752	-1.9765904	-4.2651234	-0.18175891
SRR7408775	0.40941572	2.095401	-1.8859802	-3.5844116	-0.048179235
SRR7408776	1.499897	2.7883031	-2.66712	-3.9056313	0.18110842
SRR7408777	2.095965	2.974705	-1.8570589	-4.472421	0.36890388
SRR7408778	-0.19229348	1.703475	-2.279686	-2.947114	0.1298115
SRR7408779	2.1551685	1.8666537	-2.3453712	-3.6080542	-0.2963269
SRR7408780	2.9446254	1.2505455	-1.7944858	-3.6155574	-0.15139592
SRR7408781	-0.62632465	1.3155714	-1.4594923	-2.1222963	0.07875961
SRR7408782	2.1701236	1.629068	-1.609058	-3.8844929	-0.19198132
SRR7408783	3.6754022	3.0930939	-2.6232686	-5.358604	0.29497513
SRR7408784	3.9792461	3.6102014	-2.137612	-4.8048716	0.38555738
SRR7408785	0.31963098	2.8773878	-1.2484151	-1.6459224	0.5751901
SRR7408786	3.9313903	3.42789	-2.2014217	-5.3676443	0.26980504
SRR7408788	-0.25329328	1.8207791	-1.3784635	-3.3912826	0.06387934
SRR7408789	1.0278885	2.215049	-1.9395422	-4.213131	0.16084257
SRR7408790	3.8446178	2.9339678	-1.7233084	-3.6903586	0.41874474
SRR7408791	2.3426974	1.8405869	-2.3780727	-4.1497245	-0.23881999
SRR7408792	0.28324372	1.7943643	-1.7859468	-3.5954578	0.04736263
SRR7408793	2.0406647	2.1563342	-2.0406196	-4.566831	-0.24556926
SRR7408794	4.1356983	1.9222846	-1.4491554	-4.0622096	-0.18973514
SRR7408795	3.2255266	2.4610035	-2.5582623	-4.9756107	-0.44913387
SRR7408796	0.3894744	1.3017169	-1.4867045	-2.9447398	-0.08993822
SRR7408797	2.5630813	2.287011	-2.182568	-4.371324	-0.23087314
SRR7408798	-0.8277544	-0.11201908	-1.3051877	-1.6462622	-0.45140976
SRR7408799	1.6463037	2.5119064	-2.612946	-4.580154	0.24205875
SRR7408800	0.21996857	2.3872378	-2.363449	-3.1971436	0.34562045
SRR7408801	-0.2917195	2.48533	-1.8687898	-1.8513825	0.96689355
SRR7408803	1.3104314	2.3601258	-2.1078734	-3.622179	-0.0060286187
SRR7408804	3.1381812	0.5972804	-1.346732	-2.9082832	-0.5185971
SRR7408806	2.3453372	1.761811	-2.3040695	-4.2560806	-0.10479912
SRR7408808	3.6722503	1.9932559	-1.7336718	-3.0028641	-0.5869336
SRR7408809	4.0939946	2.607487	-2.0506916	-3.4308722	0.21215463
SRR7408810	2.2231953	2.468352	-2.5439215	-4.1248236	0.12635037
SRR7408811	-0.8427585	-0.08276799	-0.56075424	-1.3312383	-0.0662709
SRR7408812	1.5964214	0.9108645	-1.8477639	-2.4478364	-0.33586857
SRR7408813	-0.37893265	0.769346	-1.1848406	-2.0714426	0.17824538
SRR7408814	4.264969	3.5446541	-2.0538118	-5.3666778	0.25419882
SRR7408815	3.5751479	2.5866992	-1.9406246	-4.4948974	-0.19997284
SRR7408816	1.4374003	2.270696	-1.6775041	-4.104881	0.28042772
SRR7408817	0.102712646	2.0475075	-2.1825862	-2.8599603	0.41605088
SRR7408818	2.6538846	2.708432	-1.5063385	-3.698042	0.017744873
SRR7408819	-0.22933172	2.3288667	-1.6920892	-2.596088	0.37258112
SRR7408820	2.904004	0.84129846	-0.9664602	-2.3801138	0.043437514
SRR7408821	3.6451168	3.660065	-1.8503438	-4.9974284	0.5655942
SRR7408822	3.0962162	3.0331228	-1.8161566	-3.6105206	0.30511653
SRR7408823	2.625175	1.0818523	-1.7357355	-2.844863	-0.46149936
SRR7408824	-0.41959882	1.1958153	-1.2192082	-2.1213458	0.18595566
SRR7408825	-0.08830999	1.7225622	-2.1174414	-2.9477215	0.446539
SRR7408826	4.330846	2.4601116	-1.8124839	-3.8517609	0.1626437
SRR7408827	2.0016556	2.144628	-2.495831	-3.5987833	0.5423067
SRR7408828	2.812247	2.6566896	-2.2032788	-4.44181	-0.01659241
SRR7408830	2.7739596	2.2693973	-2.1011667	-3.6391416	-0.17878163
SRR7408831	0.072442815	1.9903095	-1.7406764	-2.6589305	0.4774327
SRR7408833	1.3768725	3.058339	-2.3749473	-3.6917982	0.10045323
SRR7408834	4.512122	3.5240061	-2.0675268	-4.935178	0.049871955
SRR7408835	1.1286281	3.299063	-2.7107778	-4.108685	0.4893259
SRR7408836	1.9053675	3.1172497	-2.0055094	-4.037128	0.5299891
SRR7408837	2.4999235	2.9777946	-2.35107	-3.8010705	0.50373954
SRR7408838	-0.1620746	2.1306489	-1.6208425	-2.0799515	0.62538195
SRR7408839	0.7458479	1.4229386	-1.9146647	-2.0652392	0.36387765
SRR7408840	2.4309416	2.5213444	-2.048417	-4.410556	0.14467153
SRR7408841	0.9044687	2.7939188	-2.6146746	-3.7156167	0.46987054
SRR7408842	-0.42323798	0.9299375	-1.7955354	-1.976423	0.24564186
SRR7408843	0.92214364	0.4253448	-0.67124546	-2.45395	-0.34066772
SRR7408844	1.8149815	3.8508022	-2.622243	-4.457531	0.8425619
SRR7408845	3.484683	2.507079	-1.8982071	-3.2910638	0.31402805
SRR7408846	2.360305	3.489023	-2.6002874	-4.2345915	0.44975016
SRR7408847	1.0852942	3.2942111	-1.7937887	-3.052977	1.0236219
SRR7408848	-0.14050831	1.5012094	-1.8744406	-2.6825314	0.091605365
SRR7408849	-0.96789163	1.2066634	-1.173221	-1.7006807	0.35778132
SRR7408850	2.300971	2.094046	-2.434873	-3.1971703	-0.006318655
SRR7408852	-0.2788387	1.1535851	-1.0839572	-1.8058999	0.18991414
SRR7408853	-0.61201763	0.8064995	-1.1491783	-2.0001733	0.018353347
SRR7408854	0.07743935	1.7722071	-1.6772058	-2.643222	-0.004467305
SRR7408855	1.8347757	3.2532003	-1.8331796	-4.2083025	0.8554772
SRR7408856	2.1380348	2.9404418	-2.1017551	-3.236943	0.47244462
SRR7408857	-0.31641698	0.6118654	-1.2585661	-1.1644182	0.31399754
SRR7408858	3.1067936	3.813987	-2.3664672	-5.3939915	0.5214332
SRR7408859	-0.39386052	1.2444128	-0.98213303	-2.6204062	-0.10365066
SRR7408860	-0.4286009	0.6860447	-0.9384247	-1.9398723	0.07468356
SRR7408861	2.737851	3.154236	-2.3016052	-2.2593002	0.59560823
SRR7408862	3.2865071	1.7281163	-1.8567675	-2.7855892	0.10401043
SRR7408863	2.613283	2.650799	-2.1539803	-4.3104277	-0.28367838
SRR7408865	-0.24167283	2.0004423	-1.3320045	-2.3709302	0.27945742
SRR7408866	4.403946	4.484846	-2.4901462	-5.395574	0.42271957
SRR7408867	2.838284	2.0186427	-2.0325794	-3.8917742	-0.46036163
SRR7408868	-0.3701866	-0.076739654	-1.3285072	-1.4903629	-0.16735023
SRR7408869	0.18815057	2.0699518	-2.1911955	-3.614076	0.4443597
SRR7408870	-0.171492	1.8779684	-1.6876138	-2.3539162	0.49079522
SRR7408871	-0.016285792	1.7721001	-1.7484752	-2.1829464	0.13122556
SRR7408872	-1.0644313	0.2333482	-0.7891756	-0.11697775	0.4316965
SRR7408873	0.008787617	-0.14657931	-1.4971501	0.45656598	-0.25715652
SRR7408875	-2.1104822	0.19231412	-1.5607295	0.56453866	0.19985205
SRR7408876	-0.10678861	0.63661444	-2.2333074	0.22871834	0.4537017
SRR7408877	-1.8438271	0.352102	-1.3058009	0.53934723	0.5024289
SRR7408878	-0.7428638	-2.154803	0.16813546	2.1625512	0.14742759
SRR7408880	-0.26896426	-0.41249785	-0.596327	1.2046537	0.21388325
SRR7408881	-1.6374805	0.47387922	-1.7717166	-0.03152877	0.19044021
SRR7408882	-2.1649175	-0.31564936	-0.6257461	0.31659782	0.009160012
SRR7408886	-1.1506894	0.52516466	-1.2536714	0.33445472	0.54775006
SRR7408888	-2.229765	-0.33984554	-0.4003224	0.5334451	0.20015207
SRR7408889	-2.2122192	-0.31122246	-0.62739843	0.58838004	0.029748362
SRR7408890	-2.6840417	-1.0736583	0.13608593	1.0981824	0.12812579
SRR7408891	-1.362701	0.21494475	-1.1690481	-0.6928641	0.20672296
SRR7408892	-1.6423167	0.38678834	-1.3436888	-0.46106786	0.114931196
SRR7408893	-1.0988615	-0.9903703	-0.053554803	-0.26130068	-0.33196265
SRR7408894	0.4149753	0.088344686	-1.5280606	-0.07760984	-0.26581147
SRR7408895	-1.7752174	-1.2296036	-0.3704924	0.7790721	-0.15698701
SRR7408896	-1.1709912	0.07291393	-1.0686445	-0.078767	0.5271117
SRR7408897	0.29704887	-0.0013429672	-1.4061116	0.058817804	-0.0847334
SRR7408899	-1.5091393	-0.5600333	-1.0483651	0.18729776	0.12250531
SRR7408900	0.032964543	0.034542948	-2.0027027	-0.7250388	-0.23452236
SRR7408901	-2.2071233	-0.6746408	-0.436594	0.40417075	0.09427263
SRR7408902	0.78780156	0.94014466	-2.1442027	-0.1546306	0.31113353
SRR7408903	0.87713	-0.34972796	-1.631347	0.55820245	-0.34458932
SRR7408905	0.48855382	-0.2360872	-1.6927248	0.17589217	-0.28201503
SRR7408906	-1.5078951	0.5628796	-1.6064181	-0.25884786	0.11670026
SRR7408908	0.5742849	0.96345854	-1.8546776	-0.030137092	-0.012003448
SRR7408909	-1.9163111	0.66422796	-1.6454319	0.21375787	0.49804375
SRR7408912	-2.037649	0.46793416	-1.1916423	0.42535847	0.5093647
SRR7408913	-0.5308017	0.5762584	-1.967667	-0.29350483	0.557744
SRR7408914	-1.5619854	0.491065	-2.3244014	-0.42184895	0.07381931
SRR7408915	-1.5708978	-0.11069928	-0.9180838	0.28428108	0.23643765
SRR7408916	-2.123198	-0.95713973	-0.24285077	0.8832275	0.07363489
SRR7408917	-1.9648023	-0.593552	-0.8051141	0.1785152	0.055753145
SRR7408920	0.43268365	-1.2175008	0.23572642	0.6149706	-0.11860503
SRR7408921	-1.6060666	-0.6456195	-0.69239455	1.043519	0.30173138
SRR7408923	-1.140999	0.18882003	-1.2197707	-0.1949156	0.17510979
SRR7408924	-2.469469	0.3945243	-1.3871924	0.90803415	0.42554113
SRR7408925	-1.3469557	0.73833954	-1.5537691	-0.7941363	0.24848405
SRR7408926	-1.5156573	0.097161114	-1.0401927	0.14942843	0.25339416
SRR7408928	-1.6402265	0.525368	-1.3392313	0.18136662	0.38079455
SRR7408930	-1.9671474	-0.6014899	-0.95999485	0.75092167	-0.018911116
SRR7408931	-2.9397895	-0.8264322	-0.6590874	1.881957	0.30183545
SRR7408935	0.29580688	-1.1229397	-1.1997532	0.22533602	-0.41265947
SRR7408936	-1.8789867	0.55400014	-1.9908684	0.2842549	0.3965935
SRR7408937	0.36176306	-1.3612324	-0.8365255	1.2881646	0.07981673
SRR7408938	-1.2602276	-0.4725239	-0.7405318	0.40795344	0.13156633
SRR7408939	-2.4138908	-0.84314275	-0.38950866	0.9884915	0.24822167
SRR7408940	-1.6643964	-0.76259553	-0.12278402	0.41428155	-0.16780865
SRR7408942	-1.6693597	0.18182307	-1.1142129	0.37461346	-0.04990099
SRR7408944	-1.945922	-0.2802205	-0.6632043	0.6451599	0.05922428
SRR7408947	-0.88698965	1.0190277	-2.0737495	-0.85309184	-0.17995891
SRR7408948	-1.7564479	-0.0005224794	-1.3305621	0.2965706	0.31118086
SRR7408951	-1.7884544	-0.55704296	-0.80357337	0.33440483	-0.10374457
SRR7408952	-0.69261366	0.85350645	-1.0822709	-0.19043061	0.56660753
SRR7408953	0.2500614	-1.6874903	-0.017507493	1.0460336	-0.14873828
SRR7408954	-1.7638694	-0.3692328	-0.87294173	0.75699073	0.046123695
SRR7408955	-2.20164	-0.43159497	-1.0317641	0.5495207	0.029002812
SRR7408957	-2.1367257	0.22421163	-1.0824533	0.7920062	0.45095032
SRR7408958	-1.6454674	0.7470721	-1.9448982	-0.30021924	0.52329886
SRR7408960	-1.7852374	1.1284833	-2.5010767	0.46426255	0.5971376
SRR7408961	-1.5056978	1.020269	-1.7879947	-0.44164538	0.40890858
SRR7408962	0.75885487	-0.7001387	-1.377972	0.9738273	0.013876367
SRR7408965	0.32932746	-0.029566064	-1.6849412	0.071255445	-0.055709686
SRR7408966	-1.852092	-0.22718704	-1.049139	0.32358378	0.072113946
SRR7408967	-1.4053632	-0.37552166	-0.82291937	0.7779185	0.3233839
SRR7408969	-1.6873914	0.7694839	-1.7194308	-0.24629089	0.095570296
SRR7408971	-0.43354422	-1.4599853	-1.0508591	0.70675224	0.18558745
SRR7408973	-2.5186183	-0.9507414	-0.026537329	0.9188195	0.0076931156
SRR7408974	-1.5837921	-1.0903531	-0.10889667	0.080973566	-0.10493252
SRR7408975	-1.3989471	0.2980774	-1.1115605	-0.73235774	0.13855973
SRR7408976	-1.8279325	-0.04553631	-0.61748993	-0.30471689	0.15289259
SRR7408977	-2.1111608	-1.2728395	-0.005012095	0.019541502	-0.20235445
SRR7408978	-0.26110488	0.30602247	-1.4414388	0.028185457	0.113070786
SRR7408979	0.45217377	1.1570591	-2.2439795	0.6983084	-0.21253917
SRR7408980	-1.453843	0.99052656	-1.7253155	-1.0369368	0.13654958
SRR7408981	-1.3378191	0.6113024	-1.0300124	-0.100548685	0.15612502
SRR7408982	-1.6820782	-0.07173969	-1.1210606	-0.18632004	0.13122843
SRR7408983	-0.2644785	0.013796523	-1.8552892	-0.44298106	-0.1424633
SRR7408984	-1.032227	-0.3807573	-0.48394886	-0.14779955	0.1085249
SRR7408985	-1.7402021	-0.89626086	0.2547242	0.3327698	-0.11984521
SRR7408986	-1.3185143	-1.7538396	0.81155956	0.55251044	-0.3335569
SRR7408987	-0.29662484	-0.28636503	-2.1798978	0.50133896	0.23176351
SRR7408988	-1.6520479	0.47933975	-1.8166462	-0.15208569	0.16741145
SRR7408989	0.14273135	-0.6589538	-0.9022401	-0.10417986	-0.50972015
SRR7408990	0.7287875	0.44785437	-1.6854693	-0.32533848	-0.2792369
SRR7408991	0.090288	-0.22006577	-0.9821025	-0.7801367	-0.1826463
SRR7408992	-2.1286635	-0.41123426	0.07361928	1.1660869	0.25044942
SRR7408993	0.6519843	1.1188917	-1.674191	-0.70581234	-0.19575843
SRR7408994	-2.3553133	-0.23430225	-0.94352734	0.6134848	0.17161876
SRR7408995	-1.3041676	-1.2243795	0.52797097	0.8651498	-0.13710098
SRR7408996	-0.34096178	-1.3356264	-0.48247945	0.6163147	-0.34828013
SRR7408997	-0.17165777	0.6048143	-0.9804191	-1.3384209	0.14033747
SRR7408998	-0.4016729	0.059930757	-1.324576	0.42578977	-0.03518891
SRR7408999	-0.15895915	-1.9135312	-0.3109048	1.062021	-0.5695185
SRR7409000	-0.81946284	-1.8793994	0.22028339	1.284724	0.56148636
SRR7409001	-1.4706792	0.56833637	-1.5056676	-0.7388891	-0.12922971
SRR7409002	-1.787482	-0.16895813	-1.3213817	-0.30434155	0.113228634
SRR7409003	-0.080763355	-0.18430209	-1.2782673	-0.37241286	-0.25558838
SRR7409004	0.41233343	-1.426173	0.35083884	-0.30270785	-0.6373364
SRR7409005	-2.5664175	-0.8840419	0.26474315	0.49157	-0.043995183
SRR7409006	-1.9030218	-0.4981502	-0.69803643	0.2505421	0.07233289
SRR7409007	0.37137222	-1.8583274	0.5491252	1.0938792	-0.38991645
SRR7409008	-2.23145	-0.5496596	-0.5161905	0.47403657	0.113778085
SRR7409009	0.2888531	-0.13200344	-1.6174864	-0.7259809	-0.33898744
SRR7409010	-1.4837289	-0.11581111	-0.63877743	-0.18677422	0.15175381
SRR7409011	-1.2553593	1.1441568	-1.8671153	-0.9840527	0.22480533
SRR7409012	-1.641924	0.6471555	-1.7773277	-0.2502217	0.21865118
SRR7409013	-0.30972427	-0.77930367	-1.1718215	0.58445436	-0.39929652
SRR7409014	-0.0070548356	-1.643646	-0.5925195	1.0961502	-0.3483624
SRR7409015	0.047380596	-1.2388371	-1.0330081	0.03992027	-0.8601961
SRR7409016	-0.8898583	0.11348386	-0.9845468	-0.67594564	-0.29727948
SRR7409017	-2.052136	-0.5657091	-0.31696665	0.90355855	0.18614498
SRR7409018	-1.7807229	0.597195	-1.7170814	-0.7002696	0.099168986
SRR7409019	-1.542657	0.020058468	-0.7679313	-0.14235526	-0.10839786
SRR7409021	-1.4438285	-0.7715243	-0.24882859	-0.14226836	-0.09247549
SRR7409022	-0.83231854	0.37663612	-0.62575215	-0.0748561	0.23698813
SRR7409023	0.44493425	1.0523885	-2.106597	-1.699991	-0.52321285
SRR7409024	-1.123493	0.6996616	-1.5549357	-1.1651253	-0.036554884
SRR7409025	0.6328321	0.053843275	-1.007111	-0.08746016	-0.34544766
SRR7409026	-1.3983713	0.41508728	-1.4759245	-0.89704865	-0.056604754
SRR7409027	-1.2825571	-0.043236807	-1.1432464	-0.036437005	0.2876707
SRR7409028	-1.6747986	0.40547624	-1.065395	-0.16214475	0.21766153
SRR7409029	-1.2648077	0.58794093	-1.4307498	-0.75228643	0.1062856
SRR7409030	0.23891689	-0.32196227	-1.0508237	0.1854164	0.1382957
SRR7409031	-0.80995554	0.1114524	-0.68685514	-1.6486945	-0.20788783
SRR7409033	-1.5172374	-0.554234	-0.4756077	-0.059857547	-0.11222948
SRR7409034	-0.38092697	0.6767256	-1.9450978	-0.8159219	-0.30647498
SRR7409035	0.16559575	-0.6549082	-0.89253736	0.72363394	-0.061404612
SRR7409036	-1.2322705	0.58801925	-1.445979	-0.20321566	0.13994323
SRR7409037	-0.5681035	-1.4986991	-0.4334023	0.37361473	-0.4450894
SRR7409038	-2.1272836	0.09213611	-1.1129202	0.3416536	0.21353546
SRR7409039	-0.045932695	-2.019823	0.25623208	1.4601061	-0.29863104
SRR7409040	-1.3375591	-0.18560761	-0.5688106	0.06735736	0.10298824
SRR7409041	-1.646823	0.58811355	-1.5930659	-0.68166107	0.33274344
SRR7409043	-1.1936337	-0.026049942	-1.138685	-0.3357622	0.025628354
SRR7409044	-2.3077745	-0.65598917	-0.51465416	0.6811525	0.08797352
SRR7409045	-1.7621132	0.028802365	-0.6191543	-0.12581107	0.4461669
SRR7409046	-1.3796924	0.84650433	-2.110322	-0.69552886	0.18503492
SRR7409047	0.2965129	0.25044405	-1.3844739	-0.7688486	-0.2030294
SRR7409048	0.39001685	-0.73062325	-0.8746935	0.4726414	-0.2584203
SRR7409050	1.1172191	-0.08084971	-1.5598189	-0.02214104	-0.09596293
SRR7409051	-1.9058858	-0.6936736	0.13046038	0.62737125	-0.012545314
SRR7409052	-1.9631429	-0.12051736	-1.2664397	0.24035013	0.26278365
SRR7409054	0.5051103	0.06666911	-1.3316288	-1.0836613	-0.29957023
SRR7409055	-0.84639657	0.7777628	-1.3274792	0.025818586	0.18959996
SRR7409057	0.91791064	-0.06659782	-1.3819335	-1.8251221	-0.6267321
SRR7409058	-1.9293178	-0.041886523	-1.0565016	0.11188191	0.16723576
SRR7409059	-2.0249984	-0.28920743	-1.0021305	0.19310421	0.17287557
SRR7409060	0.046011016	-0.3763584	-1.27074	0.775415	-0.07865682
SRR7409061	-1.9343156	-0.93404424	-0.21057427	0.15462214	-0.14563248
SRR7409062	-0.05015213	-1.0232967	-1.0218909	0.49176967	-0.50991344
SRR7409064	0.84141296	0.38670743	-1.475773	0.13478142	0.018637214
SRR7409067	-1.2849663	-0.91875196	-0.9522382	0.5003965	-0.23932488
SRR7409071	0.9622174	-0.99048126	-0.2697924	-0.123336166	-0.36405757
SRR7409072	0.17735465	-0.99641716	-0.85034966	1.2319124	0.093552396
SRR7409074	-1.335802	-0.42840156	-0.58978415	0.19854611	0.08129233
SRR7409075	-0.92170125	0.3312094	-0.98236895	2.2029963	0.33914948
SRR7409076	-1.3197479	0.39761168	-1.4850019	0.043694973	-0.035375495
SRR7409077	-1.8089693	-1.3586245	0.15062344	0.40206546	-0.23161356
SRR7409078	-0.42982024	-1.5314872	-0.24615747	0.8856732	-0.3854788
SRR7409081	-0.785121	-0.6693965	-0.40600258	0.3637811	-0.12531912
SRR7409085	-0.62243634	-1.2017972	-0.84061784	0.14057034	-0.2852475
SRR7409086	-2.0507746	-0.70804286	-0.44211644	0.34801275	0.047724333
SRR7409087	-1.3946007	-1.6132485	-0.12218934	0.6801899	-0.26869577
SRR7409089	-0.5293546	-1.7082167	0.019512355	0.82317287	-0.4441441
SRR7409091	-0.22723176	-2.1285696	-0.040984392	1.3709865	-0.5404465
SRR7409092	0.3365392	-0.7420981	-0.726042	-0.33953488	-0.08788057
SRR7409093	-1.1919643	-1.3856477	-0.09112486	0.5476405	-0.22046247
SRR7409094	-0.7819452	-0.054601356	-1.2621051	-0.92222774	-0.075441524
SRR7409098	0.104671165	-0.8261509	-1.5915663	-0.11045289	-0.32814786
SRR7409099	-0.7164951	-1.5942899	-0.58666867	0.56407434	-0.41715363
SRR7409100	0.0059815496	-0.1889163	-0.943843	-0.12511814	-0.33300322
SRR7409101	0.06181769	-0.92840767	-1.293616	0.78458506	-0.33862895
SRR7409103	-0.8547887	-0.50578237	-1.6320835	1.0363824	-0.054027837
SRR7409104	-1.4506413	-0.6481565	-0.256325	0.58468336	-0.0057746917
SRR7409107	0.33810163	-0.35345334	-1.6579596	-0.49738395	-0.25215048
SRR7409109	0.20218705	-1.7283788	-0.20594491	1.3465226	-0.2371464
SRR7409110	-1.2004601	-0.5142199	-0.9341314	0.19143683	-0.011365879
SRR7409112	0.009348258	-0.17170307	-1.4495031	-0.4799645	-0.3643516
SRR7409113	-0.8512742	-1.1079729	-0.35848027	0.27521598	-0.46362945
SRR7409115	-1.1244029	-0.21638793	-0.6565193	0.50479037	0.16466042
SRR7409117	-1.497176	-1.4138645	-0.37106413	0.87337106	-0.07047573
SRR7409118	0.3135736	-1.7544838	-0.031745195	1.0111952	-0.24894157
SRR7409119	0.42004704	-0.9603193	-0.87480915	1.3817804	-0.12276308
SRR7409120	-1.3327738	-0.98343337	-0.027207464	0.7058372	-0.2863816
SRR7409122	-0.38334632	-0.5284972	-0.47896692	0.44279146	-0.04810558
SRR7409123	-1.4115982	-0.6960591	-0.19286856	0.4525841	-0.034499716
SRR7409125	-1.2991394	-1.4247346	-0.30713296	0.2984982	-0.2721328
SRR7409126	-0.03847541	-0.45271435	-1.5092202	-0.5659796	-0.33019346
SRR7409127	-1.0709131	-0.29193017	-1.3309393	-0.27129006	-0.10705519
SRR7409129	0.10391487	-0.7663506	-0.55750066	1.3144219	-0.06972824
SRR7409130	-1.3771259	-0.53829694	-0.5319466	0.04362899	-0.29072478
SRR7409131	0.07412422	-0.43731263	-1.106535	-0.48040727	-0.57233065
SRR7409132	-0.16352436	-1.7777183	0.026917934	0.940082	-0.32202956
SRR7409133	-0.10260797	-0.22076085	-1.2415894	-0.26662368	-0.29920098
SRR7409134	-2.0318596	-0.656049	-0.31766582	0.8015763	0.12211083
SRR7409135	0.62339395	-0.22910133	-1.1660733	-0.020249784	-0.2898626
SRR7409137	-1.7464534	-0.9695761	-0.44333106	0.33231872	-0.05769634
SRR7409138	-1.1152148	-0.89509475	-0.7337396	0.0853222	-0.052074548
SRR7409139	-0.1573099	-0.68428254	-1.4679992	0.15392578	-0.20693469
SRR7409140	-0.7166069	0.061675534	-1.2150383	0.010724813	0.16345637
SRR7409141	-2.2428148	-2.0007536	0.069399506	2.2180834	-0.15356098
SRR7409144	-2.09779	-1.3009256	0.5361052	1.2313926	0.02531873
SRR7409145	0.37247282	-1.0465657	-0.5489516	0.6755679	-0.21006685
SRR7409146	-1.517692	-0.058267646	-0.6834048	0.18556744	0.039902408
SRR7409147	-1.3885474	-1.0216209	-0.18814489	0.9696328	-0.21958254
SRR7409148	-0.18586436	-0.64950407	-1.2098446	-0.2551399	-0.21755165
SRR7409151	0.21034242	-0.5422834	-1.0942414	0.30965275	-0.2332987
SRR7409152	-0.07289246	-1.7349385	-0.100554794	1.2829673	-0.46595404
SRR7409153	0.06382665	-0.92631435	-1.091197	0.28516608	-0.48844096
SRR7409156	0.4664104	-0.49113533	-1.1440183	1.2156897	0.040052947
SRR7409157	-1.7368785	0.22942454	-1.1208123	0.4266948	0.064683706
SRR7409160	0.34208238	-1.3949349	-0.28261492	0.77253526	-0.28567216
SRR7409161	0.16952188	-0.52538383	-1.0382137	0.18392819	-0.4220303
SRR7409162	-0.54621565	-1.9146494	-0.34824046	1.2195578	-0.40833944
SRR7409163	0.5011968	-1.0381123	-0.50513095	1.1040812	-0.186592
SRR7409164	-0.15609539	-1.3453548	-0.24290282	0.4167071	-0.41039476
SRR7409166	-0.3873837	-1.743965	-0.31491947	0.72554106	-0.4311705
SRR7409167	-1.3477055	-0.8700355	-0.4655398	0.30047494	-0.15209632
SRR7409169	-1.6573771	-1.0195627	-0.06361687	0.9225952	0.051407102
SRR7409170	-0.21107861	-0.1549012	-1.4328068	-0.1297183	-0.32034752
SRR7409171	-1.2718457	-0.073654786	-0.45761025	0.33243728	0.2144453
SRR7409173	-1.4409354	-0.08949049	-0.6886271	0.598183	-0.17903115
SRR7409174	-1.7914473	-0.91871476	-0.21735421	0.7737097	0.13159671
SRR7409175	-1.1112455	-1.2462665	-0.891212	0.95980483	-0.039046135
SRR7409176	0.23829706	-0.9770433	-0.93395185	0.50462407	-0.33977202
SRR7409181	-0.47134924	-1.1503904	-1.4792252	0.8960492	-0.29957095
SRR7409183	-0.77990055	-0.4399219	-1.559697	0.41858268	-0.22137386
SRR7409185	0.2839889	-1.3653921	-0.4838419	0.66640097	-0.24084644
SRR7409188	-1.9350504	-0.9565029	0.22024572	0.65715605	-0.05184337
SRR7409189	-1.0944462	0.024603337	-1.4966878	-0.21108624	0.14976002
SRR7409190	-0.3710494	-1.9318662	-0.010022521	1.6900077	-0.3826944
SRR7409191	-1.0302931	-1.2408453	-0.105469525	0.68580025	-0.4235969
SRR7409192	-2.4146068	-0.42648548	-0.5555303	4.4573016	0.19301125
SRR7409193	-0.7353104	-1.741618	0.0032614768	1.2233806	-0.24485852
SRR7409195	-1.7842535	-1.4071728	0.18363875	1.9115865	0.1963915
SRR7409196	0.17695747	-1.6515013	0.063226104	1.1834407	-0.24625152
SRR7409197	0.19620262	0.8025433	-1.8857918	-0.018752664	-0.31748375
SRR7409199	0.03952767	0.19520885	-1.635848	0.16411954	0.08088662
SRR7409200	-2.2704272	-0.78972864	-0.11044818	1.5539167	0.46055928
SRR7409201	-0.7390636	-0.13167548	-1.1485121	0.3138215	0.25394672
SRR7409203	-0.11050967	-0.91914225	-0.7663022	0.29858786	-0.28944984
SRR7409205	-1.5487381	-0.75828743	-0.5437027	1.2778943	0.1004463
SRR7409210	0.24429296	-0.191645	-1.7720165	0.77690524	0.12572046
SRR7409211	-0.9390545	-0.6880231	-0.75578344	0.0019955635	-0.2348054
SRR7409214	0.30993176	-2.0125139	0.62078035	2.2306688	-0.13560122
SRR7409215	0.24378435	-1.0940512	-0.75621957	1.1206975	-0.17604832
SRR7409216	-0.18465556	-0.17303112	-2.0054607	0.30189794	0.081835315
SRR7409217	-0.6423979	-0.03558886	-1.8791522	-0.16279665	-0.0072876923
SRR7409222	-1.9246665	-0.59928906	-0.6643686	0.93144244	-0.046380524
SRR7409223	-0.34263337	0.002239585	-1.8557795	0.8625774	-0.007926013
SRR7409228	-0.98066777	-2.2086184	0.032063544	1.3946302	-0.47501883
SRR7409229	-1.345534	-0.23964211	-0.5145578	0.1628089	0.12597087
SRR7409231	-0.113308534	-1.5021015	-0.6498108	1.7300813	-0.36123815
SRR7409233	-1.4619554	0.07896043	-1.4596251	-0.3696377	0.0749335
SRR7409235	-0.34887117	-1.2844385	-1.0869122	1.0028219	-0.53060013
SRR7409238	-0.8164541	-0.19784531	-1.3234105	0.29089743	-0.30919275
SRR7409239	-0.65396565	-1.4321384	-0.7735232	1.0012834	-0.5048894
SRR7409240	0.6373856	-1.2367176	-0.9831383	0.54830545	-0.3107095
SRR7409242	-1.3576311	-0.3157998	-0.62676764	0.53839487	0.17936698
SRR7409243	-1.2425853	-0.72329473	-0.6448169	0.884736	-0.118147835
SRR7409244	-0.77683586	-0.4758456	-0.7379747	0.6177028	-0.05710661
SRR7409245	0.2719019	-1.0848738	-0.48148698	1.7860351	-0.106269225
SRR7409247	0.4725414	-2.2809217	0.9816469	1.6434844	-0.18873477
SRR7409251	-1.9563601	-0.17838016	-0.92579496	1.0194209	0.098641336
SRR7409252	0.38885498	-1.0413809	-1.0672187	1.2423625	-0.16695437
SRR7409253	-1.4862404	-0.80066645	-0.5169803	0.5917732	0.0921212
SRR7409255	-1.1795048	-0.4957215	-0.12978274	0.16192359	-0.13201639
SRR7409257	-0.60437286	-2.1605113	0.006489873	0.07156515	-0.8122113
SRR7409258	-0.7946728	-0.6651486	-0.4019685	-0.5947397	-0.351234
SRR7409259	0.090723276	-1.5522603	0.22661746	0.91654485	-0.45244205
SRR7409260	-0.57957566	0.20900506	-1.2379947	-1.2133596	-0.22589898
SRR7409262	0.16031967	-1.1393074	-1.0976062	-0.94891506	-0.52615756
SRR7409264	-0.68003035	-0.29725346	-1.0356052	-1.44085	-0.17527571
SRR7409265	-0.14453228	-1.3614296	-0.47201514	-0.49349016	-0.6617752
SRR7409266	-2.5375204	0.30114314	-0.19368099	1.6574488	0.7901138
SRR7409267	0.825616	-0.48698857	-1.1562903	-1.273228	-0.42558947
SRR7409268	-0.728702	-1.2425016	-0.5535103	-0.31499723	-0.4515904
SRR7409269	0.07618368	-1.2999328	-1.2429603	-0.47262532	-0.33511263
SRR7409270	-2.3279328	-0.117598325	-0.45503289	0.9661334	0.31300107
SRR7409271	-0.8223672	-1.6114624	-0.76544905	-0.26723158	-0.7036675
SRR7409272	0.08480458	-0.72219706	-1.4146444	-0.90486	-0.5151447
SRR7409273	-1.4905496	-0.49985185	-1.0825349	-0.04176724	-0.16883004
SRR7409274	-1.5592073	0.06236556	-0.6941247	-0.24338877	-0.06365767
SRR7409275	-0.33402264	-1.088037	-0.53991216	-0.3367414	-0.5561439
SRR7409276	-0.12939245	-2.1237967	0.08936381	0.13539726	-0.65887594
SRR7409277	0.205426	-2.0459156	0.3394556	1.5071862	-0.42178938
SRR7409279	-1.7376217	-1.6168658	0.6707524	0.4530995	-0.4543257
SRR7409280	-0.029298455	-2.476242	0.6368749	0.42681593	-1.1925343
SRR7409281	-0.74002475	0.33665517	-1.5364212	-1.3041368	-0.41110426
SRR7409282	-1.2754184	-1.525185	0.2024101	0.36457688	-0.52136636
SRR7409283	-1.6303327	-1.5991681	0.8891237	0.58000034	-0.50535816
SRR7409284	-1.8064424	-0.6547055	-1.1592906	-0.8835626	0.038093615
SRR7409286	0.26208484	-0.4038358	-1.0364745	-0.097331464	-0.09881969
SRR7409287	-0.1830509	-0.88380563	-1.0522432	-0.4942549	-0.88912165
SRR7409291	0.11792956	-1.8546461	0.61313117	1.2932475	-0.23263928
SRR7409294	0.39025563	-1.3265952	-0.14200467	-0.25321496	-0.47914875
SRR7409295	-0.66652	-1.6926434	-0.06122166	-0.6261559	-0.7405658
SRR7409296	-1.0923632	0.75077605	-1.9737833	-0.47181824	-0.0014874004
SRR7409297	0.39266014	-1.2478772	-0.5557418	0.20937687	-0.38145104
SRR7409298	0.022226408	-0.7752609	-0.9257591	0.11841267	0.10567337
SRR7409299	-1.3965585	-2.1536367	0.6319567	1.0179195	-0.40102202
SRR7409300	-1.3103595	-0.4869686	-0.84950775	-0.5876531	-0.3902835
SRR7409301	-0.46017462	0.27396333	-1.5640163	-1.6653512	-0.42310235
SRR7409302	0.14264117	-1.6761543	0.24167824	0.024415791	-0.71141744
SRR7409303	-0.7395539	0.51461583	-1.4141738	-1.1564262	-0.5478282
SRR7409309	0.9132629	-1.078657	-0.46215296	-0.80652285	-0.56369966
SRR7409310	0.91439	-0.31673104	-0.8551438	-0.37781322	0.060929064
SRR7409312	-1.0105932	0.6755401	-1.4966196	-1.7886581	-0.26145354
SRR7409313	0.13166897	-0.63658106	-0.7089335	-0.16827184	-0.37755486
SRR7409319	-0.19527249	0.51581824	-1.4061693	-0.18616807	0.2600214
SRR7409320	-1.5048248	0.18862855	-1.243505	-1.0221219	0.17360836
SRR7409322	0.35611844	-0.12835181	-0.8879005	-1.0894158	-0.067429766
SRR7409323	-0.8817097	0.82983625	-1.2925916	-2.0806637	-0.35545212
SRR7409326	-2.0504763	-0.41526166	-0.782813	-0.17194632	-0.054362025
SRR7409327	-0.19285567	-0.60795593	-1.4268523	0.8482438	0.0340789
SRR7409328	-0.6259773	-0.9039161	-0.8617467	0.6099469	-0.08007681
SRR7409329	-2.705629	-0.6254827	0.512245	2.3574939	0.17921281
SRR7409330	-2.7079644	-1.047959	-0.25171798	0.6403846	-0.0980922
SRR7409331	-1.3754314	-1.1123182	-0.5012954	0.50821024	-0.17206463
SRR7409332	-1.1754613	0.7052499	-2.027155	-0.8543327	-0.26067185
SRR7409334	-0.6044218	0.13963497	-1.8127456	-0.18847504	0.1094712
SRR7409336	-1.9272339	-1.1861168	0.5066492	0.9454394	0.039663795
SRR7409337	-1.4348176	0.48427936	-1.545536	-0.6046301	0.13440901
SRR7409338	-2.011421	0.57752585	-1.7915701	-0.009829521	0.7094119
SRR7409339	-0.7068196	-0.8464966	-0.8946665	0.63098806	-0.020073619
SRR7409340	-0.24977472	0.6724988	-2.0074801	-0.6479732	-0.005102139
SRR7409341	0.42809355	-0.6826048	-1.2576123	0.30094576	-0.0644051
SRR7409343	-1.3937553	-0.111080915	-0.8184798	-0.3670386	-0.0255947
SRR7409344	-1.0339447	-0.5611111	-0.75387716	-0.15959644	-0.18897569
SRR7409345	-0.46588975	-1.3831156	-0.61683315	0.58757585	-0.18813586
SRR7409346	-0.38397056	-1.5395136	-0.35552126	1.7639308	0.10898286
SRR7409347	-2.0574973	0.9710578	-1.8758773	0.25182462	0.60361433
SRR7409348	-0.21805602	0.17279264	-1.4474477	-0.043492287	-0.0112266205
SRR7409349	-0.016615197	0.014570251	-1.7389752	1.7441602	0.5181963
SRR7409350	-0.11796673	-1.2973658	-1.1335378	0.94933146	-0.29990187
SRR7409351	-2.651104	-1.2529414	0.10155141	1.5482786	0.03821582
SRR7409352	-2.9145653	-0.6686939	-0.011008203	1.6995957	0.37633082
SRR7409353	-2.2925377	-1.0430712	0.10379171	0.7724897	0.049023394
SRR7409354	-0.9664818	0.8664944	-1.3286716	-0.6602161	0.5249059
SRR7409355	-2.3062654	-0.099454135	-0.6740429	0.48907238	0.31486753
SRR7409356	-1.6721786	-0.21417195	-1.0926646	0.28089768	0.12433709
SRR7409359	-0.99404556	-0.069648325	-0.31023854	0.54642624	0.08684443
SRR7409360	-1.2835299	-1.1003765	-0.1634779	0.5530608	-0.15232074
SRR7409362	-2.8780537	-1.6888605	0.15230983	0.9947191	-0.086937726
SRR7409363	-1.6083585	-0.65977	0.10847312	0.76448244	0.14208095
SRR7409364	-1.6173594	-0.5180607	-1.0385422	0.63515514	0.175391
SRR7409365	-1.1291921	-0.9384695	-1.0067018	2.3637128	0.31584612
SRR7409367	-0.37290764	0.2205644	-2.532424	-0.3311848	-0.1454679
SRR7409369	-2.4115453	-0.8434031	-0.08585155	0.9824261	0.14326708
SRR7409370	-1.9828767	-0.5268651	-0.056509435	1.7208464	0.17382583
SRR7409371	-1.653015	-0.43687353	-1.0853539	0.5987398	-0.015227493
SRR7409372	-1.3049221	0.43311802	-1.9132781	0.40416312	0.14815119
SRR7409373	-2.5294785	-0.4759451	-0.48479527	0.30640823	0.22505102
SRR7409374	-0.3692683	-1.1587273	-1.1400447	0.8914893	-0.4463298
SRR7409375	0.24317597	-0.2285473	-1.6466719	1.2269144	-0.08184698
SRR7409376	-2.3959942	-0.0031936616	-1.0151551	0.59531134	0.41577676
SRR7409377	-1.06184	0.46345022	-1.8408607	-0.24716851	0.13836995
SRR7409378	-1.8404969	-0.105515525	-1.0608559	0.41796368	0.17414561
SRR7409379	0.2884881	-0.0017419457	-1.0860239	1.6333206	0.24937972
SRR7409380	-1.3788687	0.74762595	-1.8848159	-0.9342401	0.20893973
SRR7409381	-0.26674786	-0.23959973	-2.0015373	-0.13147032	-0.568794
SRR7409382	-0.017074972	-2.0610676	0.35477328	1.4439328	-0.27683744
SRR7409383	-1.8182884	-0.1215478	-1.4483792	0.25862497	-0.16510332
SRR7409384	-2.2942915	-1.2688354	0.22392642	0.6348037	0.033066478
SRR7409385	-2.0834596	0.45100957	-1.2753394	0.25227678	0.27203205
SRR7409386	-0.18729083	-1.1804556	-0.62604016	1.0563071	-0.0898004
SRR7409387	-1.9814538	0.70219743	-1.2797315	0.15882283	0.29434368
SRR7409389	-2.4696462	-0.727589	-0.5993732	0.79101676	-0.0026829503
SRR7409390	0.017700493	-0.09342569	-1.8503758	0.23557562	0.2010809
SRR7409391	-0.7050695	-0.50315845	-0.75742567	1.6157732	0.07195121
SRR7409392	-2.084744	-0.06034629	-1.2440435	0.79545945	0.008628581
SRR7409393	-1.7178732	-0.6301967	-0.2513126	0.56666666	-0.00906131
SRR7409394	-2.679225	-0.9386047	0.17499173	1.45364	0.36329904
SRR7409395	-1.3241142	-1.359706	0.29051358	1.4195943	-0.28250182
SRR7409396	0.98094434	0.92157865	-1.7352308	0.262107	0.2672725
SRR7409397	-1.9963968	-0.30547225	-0.57029	0.24799031	0.065472886
SRR7409398	-1.7189564	-0.14008576	-1.3382974	-0.45412117	-0.17261037
SRR7409399	-1.9385985	0.44621032	-0.6145622	0.45218778	0.47180387
SRR7409400	-2.5886736	-0.8254857	0.06042096	1.5450621	0.5481399
SRR7409401	-1.4286146	-1.6399587	-0.3071327	-0.10256013	-0.40878823
SRR7409402	-2.7615044	0.5757587	-1.7422701	4.2448463	0.467308
SRR7409403	-1.7383549	0.53043354	-1.3274397	0.88292366	0.34900266
SRR7409404	0.12842117	1.2054733	-2.469263	-0.8706862	0.013477389
SRR7409405	-0.6263021	-1.4503413	0.011703432	2.201603	-0.07281983
SRR7409406	0.034666583	0.4820734	-2.1860883	0.041431904	0.16881487
SRR7409407	-1.9174461	-0.30978262	-0.26920348	0.44975305	0.15303856
SRR7409409	-0.64006174	-0.4302895	-0.97704464	3.329759	0.11768183
SRR7409410	-2.7139623	-0.16944927	-0.9030333	0.65199023	0.16168597
SRR7409411	-2.362575	-1.0851582	0.5761595	1.1005588	-0.020169225
SRR7409413	-1.1496053	0.35787952	-1.0701115	0.1911133	0.42302877
SRR7409414	-1.784361	-0.74202204	0.47556818	1.6464036	0.22329217
SRR7409415	0.017720446	0.0835464	-1.531017	0.8855732	-0.22543529
SRR7409416	-0.91182804	0.61670756	-2.394085	0.42298013	0.65370333
SRR7409417	-2.857829	-0.67360437	-1.07959	0.9671026	0.29186675
SRR7409418	-2.9686565	-1.1802753	0.34457433	1.5337389	0.070632756
SRR7409419	-1.4279135	-0.48174456	-0.76949656	0.35909957	0.031843986
SRR7409422	-2.7605026	1.457506	-2.7803473	4.5334945	0.85795665
SRR7409423	-2.3780627	-1.5840408	0.07177222	0.66628927	0.2000808
SRR7409425	0.5567141	-1.3995224	-0.8886006	-1.6017282	-0.46593627
SRR7409426	-1.0483265	0.687076	-1.1938236	-0.9903533	0.1920776
SRR7409428	-2.859242	-1.2632376	0.20960158	0.5271365	-0.30299336
SRR7409429	-2.0629036	-1.2362794	-0.85426027	-0.66129774	-0.38922915
SRR7409430	-0.63651115	-1.9186395	0.8592442	0.43489617	-0.7940104
SRR7409435	2.5830164	0.6447114	-2.3194757	-2.257611	-0.26584575
SRR7409436	-1.2968436	-0.3611273	-0.39521652	-0.57020503	-0.5499208
SRR7409437	-2.1767232	-0.07597551	-1.1769149	-0.16787547	1.1305997
SRR7409439	-2.3089652	-0.60436666	-0.9520539	-0.44066477	0.16733198
SRR7409443	-0.22877558	0.23054436	-1.3920071	-1.9518015	-0.3178259
SRR7409444	-0.5255479	-0.4595147	-0.8771736	-0.7633417	-0.6962832
SRR7409446	0.7342872	-0.5873339	-0.8694789	-0.52444685	-0.6605531
SRR7409452	-1.1534104	-0.9177878	0.30281627	0.02858761	-0.15038173
SRR7409454	-1.7785311	0.26182944	-1.3519633	-0.85080254	0.45474908
SRR7409455	-2.6859055	-0.14615259	0.5238069	1.61796	0.39370385
SRR7409456	0.043506607	-2.3686364	0.820462	1.1205606	-0.46347183
SRR7409457	-1.481136	1.6162832	-1.7452297	-0.78666246	0.47259155
SRR7409458	2.2470427	2.6963396	-1.430718	-2.5701244	-0.36866125
SRR7409459	-0.2832293	-0.5072061	-1.0178646	0.52327996	-0.21859482
SRR7409460	-0.9057824	-1.8735543	0.10895306	0.96478945	-0.5164526
SRR7409461	-1.0079409	-0.41010734	-0.11659819	-0.6732908	-0.11199124
SRR7409464	-1.9090801	-0.6083889	-0.42162478	0.9142601	-0.008195978
SRR7409466	0.89511126	0.52469337	-1.5883201	-1.7356992	-0.29172203
SRR7409471	0.53708875	0.10156588	-1.1698098	-1.6661103	-0.3487844
SRR7409472	0.01780276	-0.27752945	-1.3206869	-0.78727704	-0.24226426
SRR7409474	-1.6972616	-0.79070914	-0.15661103	0.0760473	-0.38445535
SRR7409476	-2.0269134	-0.9323894	0.37023467	0.3876915	0.02929816
SRR7409480	-0.40413046	-0.10157403	-1.1634636	-1.2793069	-0.23363128
SRR7409482	0.85974556	0.32726383	-1.2872655	-1.0085547	-0.73774004
SRR7409484	0.62556845	0.7985803	-1.4532987	-1.3351817	-0.031919744
SRR7409486	-0.91420734	-0.36016157	-0.17044035	-0.39771557	-0.24737588
SRR7409489	-1.0491657	-0.9358922	0.0017916858	-0.33581075	-0.4482999
SRR7409491	0.13398014	-0.8917271	-0.5891698	0.022366732	-0.38994047
SRR7409492	-1.7657095	-0.14608717	0.7942983	0.3522271	0.30232725
SRR7409498	-1.9780208	-0.21792257	-0.0717569	1.5251279	0.33497208
SRR7409501	-1.7450148	0.5805714	-0.78876144	-0.8252485	0.008244563
SRR7409502	0.39261335	-0.131676	-1.1947074	-1.263293	-0.37218067
SRR7409505	-2.3847563	-0.9176284	0.0411323	0.7468764	0.040380914
SRR7409507	-2.178777	-0.7182702	-0.23564366	0.096432626	0.10571678
SRR7409512	0.48940963	-0.13528104	-0.8683065	-0.14737216	-0.4515034
SRR7409514	-0.8311477	0.32993904	-0.7929778	-1.4933996	-0.11559898
SRR7409515	-1.8573717	-1.1346995	0.4319495	-0.14230055	-0.04362037
SRR7409516	-0.6108656	0.46979597	-0.62623566	-1.070463	-0.24002977
SRR7409518	-2.7157578	-1.2362524	0.40112507	1.9234867	0.00524785
SRR7409521	0.76681346	0.2464441	-1.0366834	-1.1040626	-0.017066676
SRR7409522	0.4225723	-0.20955124	-1.4753975	-1.4716794	-0.68676156
SRR7409523	-0.4522891	-0.13906543	-0.41630942	-0.33681768	0.1020489
SRR7409524	0.0060940534	-0.1675739	-0.2114477	-0.13799599	-0.085828334
SRR7409530	1.1791116	0.3309455	-1.2795285	-1.7822981	-0.33538225
SRR7409531	0.283957	0.9517987	-1.166583	-1.856945	0.524966
SRR7409534	0.7200927	-0.45430085	-1.724751	-0.68228453	-0.045953464
SRR7409537	-0.06802226	-0.25342998	-1.1516031	-0.34366408	0.097200945
SRR7409539	-2.3372123	-2.0536435	1.0095823	0.5692472	-0.25854298
SRR7409541	-0.262312	-0.4701331	-1.2397105	0.0074614286	-0.3039079
SRR7409542	-0.32024843	-1.0972894	-0.5426974	-0.09454104	-0.33431235
SRR7409543	0.0040044934	-1.16392	-0.28034365	1.6061792	0.25287053
SRR7409545	0.3871644	-1.5430024	-0.31859487	0.70778316	-0.36515972
SRR7409547	-0.5065216	0.53106475	-1.4262403	-1.7942121	-0.24235764
SRR7409548	-0.06736193	-2.0534754	0.9518119	1.3069773	-0.5949723
SRR7409549	-1.4144405	-0.95112574	0.021653593	-0.25897095	-0.3755863
SRR7409550	-1.4775742	-0.5937604	-0.69727874	-1.5623109	0.59277713
SRR7409552	-0.9264578	-0.9184513	0.5558456	-0.40039897	-0.55141145
SRR7409554	-0.5607425	0.37445608	-1.2102615	-1.7039528	-0.19582398
SRR7409555	-1.7361984	-0.0362525	-0.4623844	-0.08139333	0.026006807
SRR7409556	-1.3850709	-1.479969	0.36109805	-0.048734754	-0.49535933
SRR7409558	-1.0691931	-0.83611226	-0.28194982	-0.279594	-0.31199312
SRR7409559	0.30453658	-1.0722371	-0.6767557	0.015989393	-0.5006134
SRR7409560	0.20351689	-1.1639173	-1.1297107	-0.6659907	-0.6039658
SRR7409561	-1.9700861	0.06250511	-0.9550529	0.8471561	0.10265672
SRR7409563	-1.7705678	-0.014087036	-0.60920405	0.79551464	0.08963741
SRR7409564	-1.6754557	-1.1340009	0.2511803	0.39403152	-0.19782248
SRR7409565	-1.3491205	-0.34260795	-0.64988226	-0.6905983	-0.29544976
SRR7409566	0.81573987	-0.68913245	-1.084837	-0.93456924	-0.48877943
SRR7409567	-0.49575514	-0.44377372	-1.6806016	-1.2967997	-0.90282106
SRR7409568	-1.2222544	-1.1503209	0.1568551	0.12172288	-0.4678087
SRR7409570	-2.3518476	-1.0341588	0.7273816	2.2438607	0.08594102
SRR7409571	-1.9887731	-1.4909824	0.054265082	0.35685605	-0.32313246
SRR7409573	0.16853367	-0.632651	-1.2163486	-1.3115072	-0.98558116
SRR7409574	-1.430209	-1.1543063	0.052860558	-0.64575315	-0.61096656
SRR7409575	0.083951116	-1.9277748	-0.13906276	0.25204855	-0.82952905
SRR7409576	-1.1118506	-1.418062	0.54639304	0.11197877	-0.36786798
SRR7409583	-0.99979925	-3.326969	3.2809978	2.7120862	-0.5209877
SRR7409586	-2.1726217	-1.8049461	1.5110053	1.3002882	-0.43430644
SRR7409605	-2.5157685	-2.1367896	2.141715	2.103376	-0.23747548
SRR7409607	-0.22687668	-2.408083	0.34396482	0.07763362	-0.7310569
SRR7409610	-2.1405687	-1.6967174	0.95152414	1.3115635	-0.16127339
SRR7409611	-2.9888396	-0.20008656	-0.65595645	4.0323076	0.5132428
SRR7409612	-2.1618826	-2.3426793	1.4496801	0.6938574	-0.67434496
SRR7409613	-0.13941781	-2.6213987	0.7829977	0.49341184	-1.1867741
SRR7409615	-0.0417632	1.2112732	-0.48586416	2.5474606	0.4864641
SRR7409616	-0.7361768	0.40732214	-1.5610949	-1.3703463	-0.38549608
SRR7409617	-1.308256	-1.4631461	0.15276742	0.37561166	-0.50229937
SRR7409618	-0.10169168	-0.0600024	-0.4853583	1.5602357	0.2993503
SRR7409619	-2.201435	-2.201594	2.4236941	1.6701312	-0.29499388
SRR7409620	-1.8642368	-0.7248739	-1.1393414	-0.8963278	0.02605014
SRR7409624	-0.14774175	-0.89712286	-1.0858884	-0.4599573	-0.8986607
SRR7409628	0.08011012	-1.9469942	0.68557453	1.5109477	-0.22242337
SRR7409629	0.30051202	-1.8951737	-0.37292895	-0.35608408	-0.7726135
SRR7409634	-0.6971188	-1.5816098	-0.20580879	-0.5813097	-0.72794485
SRR7409635	-0.99336094	0.6425854	-1.832426	-0.90954614	-0.10105726
SRR7409636	0.17297266	-1.055245	-0.6774871	0.58705634	-0.31219044
SRR7409637	-1.4504598	-2.146093	0.6122073	1.294807	-0.32975096
SRR7409638	-1.3389616	-0.4216034	-0.8361362	-0.38160703	-0.3258167
SRR7409642	-0.7533186	0.65396845	-1.5285071	-1.1697526	-0.49813616
SRR7409650	0.91352385	-0.3417459	-0.71878815	-0.5742494	0.07743496
SRR7409652	-1.0641059	0.7067152	-1.535258	-1.7423148	-0.24551259
SRR7409654	0.271788	-0.6290747	-0.64995176	-0.2890141	-0.39225093
SRR7409662	-1.8934311	-1.8882499	1.5886663	0.9508249	-0.31454083
SRR7409666	-1.6214908	0.17999715	-1.2242723	-1.0272212	0.15834755
SRR7409668	-0.8817088	0.8329098	-1.2207015	-2.0761006	-0.3658114
SRR7409670	-1.3725525	-2.5823123	0.7307477	1.6211927	-0.3527105
SRR7409671	0.7428764	-1.396225	-0.91430354	-1.913548	-0.46228227
SRR7409674	-2.804486	-1.1566085	0.14916885	0.55981845	-0.28852996
SRR7409675	-2.261612	-1.1594341	-0.93719715	-0.17805138	-0.4457095
SRR7409683	-1.5066546	-0.6702541	-0.18840897	-0.6167589	-0.65266716
SRR7409684	-2.2237701	0.07578161	-1.4049032	-0.18081927	1.2808379
SRR7409689	-0.511887	-0.51100373	-0.8694047	-0.8305255	-0.72895694
SRR7409697	-0.32242453	-0.28529605	-1.1722379	-1.6561184	-0.48970643
SRR7409698	-1.2042508	-1.0145773	0.31728768	0.023445368	-0.16963011
SRR7409699	-1.8474771	0.36752662	-1.3919396	-0.8282411	0.53592604
SRR7409702	-1.3899645	1.783775	-1.8516771	-0.95421004	0.52865565
SRR7409704	2.328198	2.7567284	-1.4195224	-2.7201726	-0.35432935
SRR7409707	-1.4038632	0.9405745	-1.764606	-1.6993184	-0.17452171
SRR7409709	-2.54645	-2.0518243	1.8283817	2.69878	-0.22447473
SRR7409716	-2.320118	-2.1010482	1.611765	1.4925616	-0.4366018
SRR7409717	-2.5031939	-2.0540006	1.8839327	1.4378512	-0.32017264
SRR7409729	-1.4698216	-1.2952744	0.3391106	2.1258068	0.25647485
SRR7409730	-2.2123737	-1.4991682	1.2031089	0.9490351	-0.2804868
SRR7409734	1.9280485	2.0627787	-1.3172301	0.74311274	0.42652825
SRR7409736	1.6306516	0.5566957	0.288563	-0.24711066	-0.4989132
SRR7409740	-0.8723833	-1.3010781	-0.1146242	0.7964485	-0.46785417
SRR7409749	-2.683094	-0.5845758	1.7332186	2.6478512	0.5621446
SRR7409755	-1.2101485	-2.6247141	1.6529096	1.9852438	-0.3845972
SRR7409760	-0.39851356	-2.1080346	1.4016982	1.2221732	-0.2546509
SRR7409763	-2.2958152	-1.8938282	1.577449	1.0849502	-0.19975941
SRR7409766	-0.98813504	-2.6791296	4.5404844	4.9892373	0.036240887
SRR7409767	-2.7466002	-1.6990416	3.893258	3.7000346	0.2678923
SRR7409768	-3.2534938	-1.868133	3.50202	4.063158	0.23361814
SRR7409769	-1.4938567	-2.3595734	3.5995073	4.229143	0.01011062
SRR7409770	-0.29490364	-2.2046163	4.2818227	4.5758686	0.12708685
SRR7409771	-2.1764648	-1.1968493	2.5831013	2.2271285	0.008495826
SRR7409772	-3.382746	-1.6566358	2.9752412	3.2090647	0.14368483
SRR7409773	-1.6076552	-2.341452	3.339549	3.8759966	-0.042517837
SRR7409775	-0.7506736	-2.8707154	4.4735317	4.6540937	-0.072191626
SRR7409776	-3.5794954	-1.9191628	3.6974616	4.2215996	0.22791067
SRR7409777	-0.43964034	-3.1737552	4.812499	3.856288	-0.32593843
SRR7409778	-1.0031742	-2.9927309	4.7828817	3.6392403	-0.42693952
SRR7409779	-2.7589011	-0.9891169	2.6383467	3.1393118	0.28697184
SRR7409780	-0.6756311	-1.5706799	3.3808517	7.303877	0.7168808
SRR7409781	-3.7310126	-1.2638541	3.0239086	4.2670956	0.56426346
SRR7409782	-3.0325556	-2.4556596	4.630967	3.8387527	0.13798824
SRR7409783	-1.3997766	-2.1325433	4.188332	3.1927342	0.062798336
SRR7409784	-2.445159	-1.5296572	2.6548805	3.1859915	0.27919513
SRR7409785	-1.7644134	-1.4456934	2.9290228	2.9587507	-0.047592174
SRR7409786	-0.8704528	-2.6800623	4.4409494	3.7167768	-0.20400314
SRR7409787	-0.2012604	-3.1435134	5.3306212	4.548582	-0.18892434
SRR7409788	-0.7967775	-1.8106316	3.3389716	3.7734766	-0.013514828
SRR7409789	-0.8794157	-3.105025	4.780016	5.005417	0.05343098
SRR7409790	-1.5105017	-1.1832845	3.3491025	2.623672	-0.108600736
SRR7409791	-0.41741824	-2.4623194	4.527933	4.3450956	-0.008113798
SRR7409793	-0.6088521	-1.5122174	2.7797341	2.8849397	-0.2681109
SRR7409794	-0.457524	-3.0475364	4.4958096	3.228339	-0.4654394
SRR7409795	-1.2159911	-2.3749034	3.81741	4.8071046	0.34720883
SRR7409797	-2.5029125	-1.3584514	3.0270638	3.132094	0.14589018
SRR7409798	-2.4461713	-2.2931454	4.2667556	3.6591625	-0.23783979
SRR7409799	-1.9554219	-2.3507552	3.826313	3.39906	-0.14481045
SRR7409800	-0.8357464	-2.2044387	4.508694	4.108355	-0.20111117
SRR7409801	-0.6905495	-2.9261065	4.919934	3.8635707	-0.3622539
SRR7409803	-3.6279068	-1.3008677	1.7587758	5.480341	0.583954
SRR7409804	-3.2042446	-1.7415863	3.3947406	3.2582712	0.12188351
SRR7409805	-0.5852651	-2.5896814	4.33888	4.7832456	0.26770887
SRR7409806	-1.7748947	-2.198257	3.6441307	3.381764	-0.24019565
SRR7409807	-0.18044424	-2.098259	4.183153	3.8005238	0.06911276
SRR7409808	-3.156551	-1.9888996	3.6694994	3.9264631	0.21076968
SRR7409809	-0.879529	-2.047741	3.4678392	4.6395802	0.20130485
SRR7409810	-0.70483726	-2.7889678	4.2840905	3.86335	-0.09332305
SRR7409811	-0.18078692	-1.894034	3.6676111	3.5902238	0.061487693
SRR7409812	-1.7303268	-2.7619321	4.826873	4.1097274	-0.28502253
SRR7409815	-0.628303	-2.9184027	5.5711	3.5693617	-0.1966915
SRR7409816	-1.9754728	-2.9910393	5.065665	3.8358097	-0.3305393
SRR7409818	-3.5242834	-1.9830807	3.6759157	4.1368923	0.28639808
SRR7409820	-2.7771797	-2.6702182	5.1541147	4.059794	-0.12256029
SRR7409821	-0.16098203	-3.6947277	5.3486395	3.9088373	-0.4320298
SRR7409823	-1.611344	-2.0217144	3.9155178	3.131876	-0.36036316
SRR7409824	-0.2538855	-2.0862916	4.5153203	3.8855615	-0.051673826
SRR7409825	-0.12836887	-2.8103402	4.9158134	4.041672	-0.1597994
SRR7409826	-0.807881	-2.7793548	4.6617236	4.7189198	0.007074807
SRR7409827	-0.60759807	-2.241317	3.9296584	3.7128024	-0.1906518
SRR7409828	-1.0298297	-2.7251556	3.4954157	3.7950783	-0.29798105
SRR7409830	-3.2897906	-1.7474006	4.3127694	4.008832	0.22986653
SRR7409831	-2.7436318	-1.6464764	3.3973503	3.5841904	0.23334995
SRR7409832	-0.7172407	-2.5032876	4.230827	4.43717	-0.022994991
SRR7409833	-2.7515645	-2.212508	3.9915314	2.8133452	-0.17402864
SRR7409834	-0.25698978	-2.7456481	4.353083	4.0830636	-0.2960791
SRR7409835	0.28941184	-2.380685	4.7274895	3.841269	-0.0044364296
SRR7409837	-2.7750862	-2.2023573	4.468692	3.4847264	-0.058851223
SRR7409838	-0.1573698	-2.8735278	5.084038	3.924365	-0.3782823
SRR7409839	-2.8385682	-1.231538	3.1545444	3.1250877	0.12315351
SRR7409840	-0.5896896	-2.4411032	3.4477563	4.1758575	-0.10789302
SRR7409841	-0.548882	-2.6194713	4.516435	4.330236	-0.08999282
SRR7409842	-0.9787047	-2.3281012	2.75238	4.4409094	-0.03798061
SRR7409843	-0.86927384	-1.6723819	3.9848986	4.7363462	0.52799547
SRR7409844	-0.57252973	-2.9586449	5.579239	4.3720303	-0.19218957
SRR7409845	-3.2937183	-2.46957	4.59494	4.2109575	0.17072436
SRR7409846	-0.36802435	-2.6004565	3.9146662	3.4883401	-0.2081097
SRR7409847	-1.5396565	-2.0298026	3.2250118	3.3328078	-0.0354012
SRR7409848	-2.4469156	-2.4418104	4.179986	3.7527304	-0.23772031
SRR7409849	-0.35764247	-1.8409489	3.842598	4.3476644	0.10472022
SRR7409850	-1.3282439	-2.617823	3.8683057	4.8078327	0.017713163
SRR7409851	-1.154827	-1.9663848	3.5963144	4.205446	0.20652957
SRR7409852	-0.13568528	-2.4345205	4.66176	4.3217897	-0.04775181
SRR7409853	-0.40289652	-2.9307208	4.7695236	3.8712034	-0.3789221
SRR7409854	-3.2191162	-2.3521159	4.026837	3.423771	-0.025263336
SRR7409856	-1.3200232	-2.2705708	3.7956061	3.7360306	-0.08986953
SRR7409857	-0.8918902	-2.3823168	3.6609526	4.5525265	0.03263491
SRR7409858	-3.3218784	-2.3655858	3.651451	3.4672399	0.067745894
SRR7409859	-0.327159	-1.7649246	3.7265234	2.9935665	-0.26386532
SRR7409860	-0.69713026	-2.672572	4.4268775	3.360086	-0.49703088
SRR7409861	-2.5407293	-2.058594	3.8255444	2.8455749	-0.14915739
SRR7409862	-0.53487843	-2.6870906	4.164487	4.906069	0.06346676
SRR7409863	-0.6851678	-2.1325972	3.661456	3.931253	0.057080124
SRR7409864	-2.4728346	-1.9144614	3.2717233	4.2902665	0.18125929
SRR7409865	0.009407386	-3.4646783	5.081897	3.3272629	-0.46328717
SRR7409866	-0.49114627	-2.6713924	4.276195	4.202985	-0.19912514
SRR7409868	-0.8102769	-2.4508278	4.2510066	3.6376452	-0.40301636
SRR7409870	-0.22833852	-2.826577	4.839784	4.311378	-0.1955393
SRR7409872	-0.41050065	-3.1039422	4.90893	4.5597315	-0.21143273
SRR7409873	-0.8798692	-2.446234	4.402912	3.660924	-0.3072929
SRR7409875	-1.6066842	-1.5790324	2.8177218	3.6301441	0.20847051
SRR7409876	-0.3013755	-2.639621	4.9071217	4.4174595	-0.05214962
SRR7409877	-0.18131469	-2.6638744	5.285921	4.436716	0.026796732
SRR7409878	-0.9496257	-2.6834447	4.1163225	3.746727	-0.36886352
SRR7409879	-1.812513	-3.8693032	5.947953	4.636488	-0.623549
SRR7409881	-3.2727346	-1.8278086	4.243722	4.790312	0.8379921
SRR7409882	-0.61747676	-2.501334	4.6619954	4.382818	-0.0661194
SRR7409883	-3.0156384	-2.1548886	4.1251297	4.208412	0.16900207
SRR7409884	-1.1360227	-1.4938151	3.0514598	2.9870791	0.014722813
SRR7409885	-0.04471959	-3.4182737	5.6868324	4.194144	-0.31114084
SRR7409886	-0.84147483	-2.8921154	4.1059084	4.1980133	-0.38687226
SRR7409887	-0.34607896	-2.9390204	4.349945	4.547388	-0.027603533
SRR7409888	-2.91739	-1.5823679	3.2947116	3.6573172	0.15616275
SRR7409890	-0.70843494	-2.3075886	4.005219	4.262583	-0.042385887
SRR7409891	-0.43936056	-2.0086622	3.8911576	3.6628556	-0.02865773
SRR7409892	-1.3823279	-1.3354355	1.6496412	3.5709906	0.017602611
SRR7409893	-0.35911858	-2.7146692	4.711498	3.7721934	-0.16562179
SRR7409895	-2.9688745	-2.3656538	4.2219434	3.7781467	-0.023749765
SRR7409896	-3.0342078	-2.2701044	4.425897	3.4341884	-0.074552536
SRR7409897	-1.2301857	-2.4579756	3.4514608	2.9895878	-0.36315697
SRR7409898	-2.856597	-1.627962	2.4093714	5.3645554	0.31600127
SRR7409899	-0.09065463	-3.2986996	5.7422233	4.718857	-0.2777529
SRR7409900	-2.9442616	-2.6504395	4.767274	3.483012	-0.29927638
SRR7409902	-3.03667	-2.3564556	3.972424	3.00463	-0.11167276
SRR7409903	-2.1717274	-1.9198685	3.362142	2.5879102	-0.37977755
SRR7409904	-3.312471	-1.8511405	3.8472214	3.547318	-0.039786167
SRR7409905	-1.9711362	-2.0607393	3.7420158	2.8589015	-0.6579894
SRR7409906	-0.3142578	-2.720218	4.1752634	4.364652	-0.0016410314
SRR7409907	-2.8827405	-1.9872576	3.6257029	3.1041026	-0.11422537
SRR7409908	-2.9459038	-1.9942793	3.6629791	3.7914877	0.26724884
SRR7409909	-0.2667114	-1.429414	2.8300772	3.6669922	0.035494182
SRR7409910	0.08200689	-2.6854875	4.858083	3.919342	-0.17616788
SRR7409911	-2.7745752	-1.7825062	3.5486298	3.5599895	0.13655362
SRR7409912	-2.7472122	-1.5549842	3.3948932	3.2083468	0.15700054
SRR7409913	-2.2147882	-1.5864097	3.3334599	2.6772695	-0.04184557
SRR7409914	-1.259819	-2.659821	4.190917	3.7583408	-0.26139638
SRR7409917	-1.0998845	-1.6388541	3.685073	3.6745586	0.08502744
SRR7409918	-0.20737205	-2.8840086	5.5888	3.930571	-0.15241012
SRR7409919	-2.847478	-1.34488	2.9868937	3.7099295	0.19928509
SRR7409921	-0.76050687	-2.9598658	4.411664	4.3841815	-0.15757638
SRR7409922	-0.3758906	-2.2987783	4.4586043	3.962287	-0.17815918
SRR7409923	0.35710043	-2.3013308	4.3810043	3.1206915	-0.23192316
SRR7409925	-0.58988017	-2.085623	3.9655976	3.913659	0.017977748
SRR7409926	-0.53156245	-2.8102527	4.378147	4.3573203	-0.14396748
SRR7409927	-1.3210504	-2.8989074	4.4153967	3.4286852	-0.42617622
SRR7409928	-2.5912905	-2.42368	4.2724643	2.8394554	-0.3006908
SRR7409929	-0.9022609	-2.4887583	3.8608332	5.141603	0.086107865
SRR7409931	-1.4723626	-1.5260333	3.4325857	3.6926575	0.09777887
SRR7409932	-0.38256592	-1.8113822	3.3633027	4.0372133	0.11320087
SRR7409933	-1.7727746	-1.3504958	3.1199303	3.3341596	-0.030267622
SRR7409934	-0.61486727	-2.2450275	3.6619344	4.6606703	0.13067862
SRR7409935	-2.011999	-1.3083321	2.6338167	4.3731284	0.52348953
SRR7409936	-3.0238655	-2.098268	3.759336	3.8725348	0.057069246
SRR7409937	-3.0000627	-1.7822453	2.7841768	3.604744	0.065015644
SRR7409938	-0.94621736	-2.6140249	4.3726115	3.523781	-0.18831116
SRR7409939	-1.1030855	-1.7920203	3.063929	5.013215	-0.0004531853
SRR7409940	0.039528087	-3.1670501	5.377989	4.3070936	-0.3439708
SRR7409941	-0.11602853	-2.075373	3.9123778	4.1201687	0.037127946
SRR7409942	-0.39362115	-2.7088168	5.3463006	3.8631372	-0.13691199
SRR7409943	-3.2920823	-2.095465	3.9415388	3.7419424	0.06125826
SRR7409945	-0.6029708	-2.176293	4.11821	4.104386	-0.012583207
SRR7409946	-1.2264352	-1.3325733	3.1396327	3.3981755	-0.09012462
SRR7409947	-0.7327452	-2.677491	4.2119465	2.5810838	-0.34689578
SRR7409949	-0.67775625	-2.7943323	4.4350615	3.9151015	-0.42357862
SRR7409950	-0.459073	-2.5167196	4.6615067	3.6807313	-0.24958321
SRR7409951	-2.576507	-2.4485803	4.6156416	3.5434837	-0.17920262
SRR7409952	-2.6673028	-1.8044492	3.007935	2.712987	0.031138245
SRR7409953	-0.18383044	-1.7372131	3.1029572	3.349754	-0.19488257
SRR7409954	-3.1167674	-2.3688657	4.0383306	3.7787876	0.004265178
SRR7409955	-0.26345205	-1.9616472	3.3689232	4.0959735	0.016928945
SRR7409957	-0.27201933	-2.5848281	4.309164	4.48389	0.009212915
SRR7409958	-1.0675616	-2.5725477	3.1169915	4.0401354	-0.19601977
SRR7409959	-0.07207142	-2.5785794	3.8014512	4.030349	-0.1502432
SRR7409960	-0.65256566	-2.7957807	4.4058657	4.4510827	0.008780453
SRR7409961	-0.4902283	-3.3889248	4.854836	4.7150464	-0.27708152
SRR7409962	-1.6403149	-1.1545496	3.0327182	1.9646163	0.16557203
SRR7409963	-2.993713	-1.9145796	4.2621684	4.0265408	0.12643327
SRR7409964	-1.2088324	-2.7823975	4.6019177	3.5925097	-0.48192832
SRR7409965	-0.3739195	-2.5853212	4.208174	4.5186806	0.007819835
SRR7409966	-0.22114192	-2.531218	4.7019863	3.6091003	-0.19015732
SRR7409968	-1.0780268	-2.829337	4.2825813	5.6963406	0.29019317
SRR7409969	0.06481776	-2.2109995	3.7387981	4.0903044	0.08609389
SRR7409970	-0.7493714	-2.7825863	3.9602566	3.3345618	-0.541551
SRR7409971	-0.53077275	-3.265706	4.821765	5.106968	-0.18714118
SRR7409973	-0.9355171	-3.8888907	5.6625595	4.584137	-0.5011925
SRR7409974	-0.34756565	-3.3522656	5.659857	3.8941288	-0.33239558
SRR7409975	-1.1873798	-3.1605985	5.3087597	3.9038744	-0.57691693
SRR7409976	-0.2614938	-2.0118012	3.321381	4.1826835	0.056195553
SRR7409977	-0.4145968	-2.5220327	4.4944744	3.8358412	-0.053864297
SRR7409978	-3.8059497	-3.0770102	3.5730524	3.0801811	0.27446392
SRR7409979	-0.64598316	-2.717883	4.3736663	3.5340939	-0.317157
SRR7409980	-0.7231528	-2.6609533	4.016413	4.5691233	-0.20124514
SRR7409981	-0.3459146	-2.8442	3.7467813	4.4227343	-0.0031661652
SRR7409983	-0.24034016	-2.4725118	3.8826008	3.532365	-0.06073388
SRR7409984	-1.8914162	-1.7227007	3.8252363	2.9818006	0.008879099
SRR7409985	0.10865356	-2.982549	5.013321	2.9225502	-0.6323935
SRR7409986	-1.0334091	-2.3430903	3.622841	3.8470755	-0.36754158
SRR7409987	-0.86419123	-2.7444587	4.938792	3.349475	-0.48618227
SRR7409989	-1.5820552	-2.419408	4.068472	3.8888264	-0.023714747
SRR7409990	-2.8797164	-1.9476749	4.2400827	3.421796	0.013499204
SRR7409991	-0.67245054	-3.135523	5.597431	4.621731	-0.27202374
SRR7409992	-0.48489702	-1.9964713	3.335856	2.81745	-0.42766964
SRR7409993	-0.66873413	-2.60655	4.110745	4.9300194	0.19761345
SRR7409994	-2.8566644	-2.3616562	4.2390957	3.7789745	-0.06975016
SRR7409995	-0.70586777	-2.7574627	4.2596707	4.5254927	-0.32670483
SRR7409996	-0.009772882	-3.4785998	5.3950377	3.9228244	-0.4897277
SRR7409997	-0.47683662	-2.501733	3.9936748	2.9617467	-0.5425567
SRR7409998	-0.5763976	-2.5622482	4.1070423	3.7665606	-0.2778869
SRR7409999	-0.47012466	-2.607182	4.6434264	3.727332	-0.3075068
SRR7410000	-0.7238161	-2.2862337	4.0670342	3.4418597	-0.15060252
SRR7410002	-2.5427287	-2.052955	3.810254	2.7313504	-0.07370299
SRR7410003	-0.92484415	-2.7481012	3.4066143	3.3711433	-0.34998617
SRR7410004	-2.431427	-2.408497	4.182557	3.6333194	-0.17219865
SRR7410005	-1.3658036	-1.8344513	2.8823853	3.5940819	-0.08781299
SRR7410006	-3.04686	-2.5161092	4.483818	3.7927613	0.024067942
SRR7410007	-1.1879351	-2.473117	4.1474595	3.567937	-0.38266143
SRR7410011	-0.78111327	-1.7519006	3.6692467	3.0882733	-0.1717927
SRR7410012	-0.7472498	-2.8967264	5.1758184	4.3062925	-0.3377281
SRR7410013	-1.122327	-2.6820424	4.0737934	4.7104216	0.045435075
SRR7410014	-0.8125555	-2.311075	3.8230624	4.3494987	0.058397043
SRR7410015	0.112074	-2.2881424	4.2064066	4.156617	-0.0396848
SRR7410016	-1.4387199	-2.1313193	3.46726	3.5090852	-0.2569359
SRR7410017	-0.34157613	-2.880386	4.625819	4.38046	-0.1932824
SRR7410018	-0.04046835	-2.6415625	4.128094	4.5850897	0.11236596
SRR7410019	-2.52962	-2.1543498	3.6576242	3.6849442	0.057137776
SRR7410020	-0.7855336	-2.5024593	4.614296	2.136645	-1.1111172
SRR7410021	-0.18911086	-3.4282062	5.6855607	4.7126265	-0.31809708
SRR7410022	-1.0697585	-2.917956	4.7915325	3.4517	-0.51038057
SRR7410023	-0.44649398	-3.1546788	4.5998106	4.5967407	-0.08645338
SRR7410024	-0.38924986	-2.8977845	4.536411	4.46348	-0.13328189
SRR7410025	-0.28990722	-2.54367	4.72618	4.06091	0.029805366
SRR7410026	-0.080642805	-2.5384092	4.2361736	3.7855158	-0.40917534
SRR7410027	-0.20482479	-3.8994768	5.4797583	4.1336856	-0.5092958
SRR7410028	-0.5148733	-3.115988	5.107753	4.804298	-0.033291366
SRR7410030	-0.31001192	-2.957219	4.632518	5.1335387	0.09117007
SRR7410031	-0.39214215	-3.0633807	5.7256165	4.528958	-0.32551712
SRR7410032	-2.0607817	-1.5584046	3.5220199	3.2431562	0.11632809
SRR7410033	-0.5671476	-2.1194448	3.5101275	4.0037236	-0.076255634
SRR7410034	-0.6183918	-2.528232	4.3469496	4.686957	0.03655452
SRR7410035	-3.1695316	-1.8921602	3.1786685	3.483711	-0.28292835
SRR7410036	-1.2588763	-2.682607	3.773778	4.061857	-0.050801586
SRR7410037	-1.2646325	-2.3132086	3.4618392	3.9330163	-0.08691028
SRR7410038	-3.2220113	-2.1679502	3.9673843	3.8429089	0.037749592
SRR7410039	-1.1562661	-3.1966832	4.2307787	4.8095255	-0.14550309
SRR7410040	0.09858985	-1.6352695	3.0360355	3.615903	-0.06823067
SRR7410041	-0.63555956	-3.0137403	4.6739163	4.3445926	-0.1976237
SRR7410042	-1.2558945	-3.5901394	5.764493	3.9612913	-0.55119145
SRR7410043	-1.0195111	-2.8680727	4.895857	3.3682346	-0.70570534
SRR7410044	-0.27427948	-2.7831252	4.9371176	4.0852094	-0.19473135
SRR7410045	-2.901858	-2.7285054	4.290831	4.031953	-0.15955114
SRR7410047	-0.9694368	-2.6286123	4.543101	6.0645447	0.41817874
SRR7410049	-3.115571	-3.048402	5.2486286	4.018017	-0.1897578
SRR7410050	-0.8681059	-2.3228445	4.0802317	4.229023	0.068838984
SRR7410052	-2.3697948	-2.1983602	4.066454	3.0719535	-0.14405665
SRR7410053	-0.22346206	-2.8607543	4.712075	4.188308	-0.006368544
SRR7410054	-0.58800393	-2.7612073	4.2865143	3.836204	-0.30437335
SRR7410055	-0.36328095	-3.4290805	5.112422	4.549745	-0.23892784
SRR7410056	-1.9046143	-1.916114	4.3376694	2.5279412	-0.35472783
SRR7410057	-2.4776676	-1.9288851	4.5968657	3.8171349	0.21319503
SRR7410058	0.13603242	-3.294407	5.4301777	3.945496	-0.49613306
SRR7410060	-0.7373542	-2.7684684	4.5126276	3.4725819	-0.3614981
SRR7410061	-0.0122713	-2.0404394	2.872682	3.1476204	-0.27668005
SRR7410062	-0.52285004	-2.9218044	4.4820642	4.194483	-0.18901837
SRR7410063	-1.3066365	-2.947734	5.0296617	3.7432337	-0.45964763
SRR7410064	-0.99152046	-2.7279696	4.4565	3.2225018	-0.5872896
SRR7410066	-0.70902205	-3.0017936	4.5574365	4.26523	-0.22016117
SRR7410067	-1.1331229	-3.3880126	5.0896096	3.744741	-0.38161728
SRR7410068	-0.56291735	-2.6376438	4.121507	3.4628382	-0.46385595
SRR7410069	-1.6782967	-2.6580248	4.7349005	3.0810463	-0.52390605
SRR7410070	-1.1285659	-2.9417765	4.4783955	3.120191	-0.6000149
SRR7410071	-1.9725971	-2.4250019	4.130482	2.9950337	-0.1970548
SRR7410072	-0.37264067	-3.4774396	5.416389	3.6165848	-0.41634712
SRR7410073	-0.63371253	-2.4438593	3.6883612	2.6595864	-0.70201623
SRR7410074	-0.33344084	-3.0130007	4.5592217	3.5986843	-0.46863896
SRR7410075	-0.7197303	-3.1720283	4.5279727	4.570034	-0.075116545
SRR7410076	-0.66332245	-3.2322066	4.4381313	3.049506	-0.6451143
SRR7410077	-1.1216596	-3.1508164	4.1241336	3.8226929	-0.6314488
SRR7410078	-1.2887229	-2.766628	4.718632	3.7638092	-0.20403041
SRR7410079	-0.6507971	-2.3532183	3.9334855	2.6845975	-0.37101904
SRR7410080	-0.7262154	-3.148277	5.162394	4.953887	-0.03549176
SRR7410081	-0.63036454	-3.3520339	5.0682607	4.4440193	-0.20994136
SRR7410082	-0.5308966	-3.3694851	5.2703333	4.3201637	-0.23166671
SRR7410083	-0.527224	-3.9671686	6.3720818	4.101439	-0.5433366
SRR7410084	-3.0429795	-2.5191743	4.694463	3.9110632	-0.08623415
SRR7410085	-0.8489948	-3.2737808	5.462251	4.0393767	-0.50672215
SRR7410086	-0.5359948	-2.8372183	4.044979	3.308322	-0.6884835
SRR7410088	-3.2429454	-1.3347605	2.0856051	5.3162317	0.27081808
SRR7410089	-2.4449494	-2.2012427	4.434189	2.9601374	-0.13340814
SRR7410090	-0.7345875	-2.715262	4.6760035	3.69907	-0.2551752
SRR7410091	-1.0277232	-3.134226	5.0909686	4.0067925	-0.4829102
SRR7410092	-2.7209892	-2.0000293	3.798462	2.6808774	-0.076453
SRR7410093	-0.16084732	-2.1541228	4.208127	2.9601178	-0.5767209
SRR7410094	-2.016599	-1.9403442	4.0789995	2.7047944	-0.12490411
SRR7410096	-0.7038929	-2.674496	4.219224	3.4788525	-0.4371894
SRR7410097	-1.4206827	-3.2121797	4.3867445	3.5388203	-0.4776635
