	scvi_1	scvi_2	scvi_3
SRR7408400	0.776648	3.955001	-1.1967136
SRR7408401	1.5726478	4.562888	-1.513355
SRR7408404	2.05861	4.951691	-1.0831385
SRR7408413	1.2840958	4.4162636	-1.4364073
SRR7408414	3.0168066	4.4052734	-1.1788827
SRR7408418	1.0946031	4.399633	-1.7914017
SRR7408422	1.9582417	5.843169	-1.3816442
SRR7408424	1.7280688	3.4548547	-1.9628214
SRR7408426	1.0242426	4.145563	-1.1976143
SRR7408427	1.7266436	5.0662704	-1.3935258
SRR7408433	1.6216161	3.4637764	-1.8134868
SRR7408437	2.6104004	4.514827	-1.7892294
SRR7408438	1.1146791	2.7695358	-1.8446767
SRR7408444	1.6751575	2.6888926	-1.761183
SRR7408446	2.4194026	3.9297261	-2.5939944
SRR7408448	-0.00016158819	0.41652608	-1.8065357
SRR7408449	1.6695552	1.7338846	-2.0442228
SRR7408454	3.372339	3.400337	-3.220008
SRR7408458	1.8729246	4.0216956	-1.2939079
SRR7408460	2.4333308	2.2464259	-1.9939322
SRR7408461	2.76931	3.8206756	-1.1520964
SRR7408462	2.6758852	4.3529496	-2.025227
SRR7408470	1.9179101	2.5073586	-2.280025
SRR7408472	0.6282125	1.2759914	-1.4946947
SRR7408473	0.6129423	2.076763	-1.6054235
SRR7408474	1.9456842	5.1636033	-0.9448124
SRR7408475	2.183078	4.1630793	-2.5994482
SRR7408482	2.4831805	4.794433	-1.0861844
SRR7408483	2.589599	3.3256147	-1.2310985
SRR7408485	2.10867	4.590251	-0.9985416
SRR7408486	1.534503	3.2253444	-2.3497796
SRR7408487	1.1617322	4.4847283	-1.2341652
SRR7408493	1.2340157	4.0966644	-1.3150613
SRR7408494	1.8926566	3.1061995	-1.4234425
SRR7408498	0.935292	4.247511	-0.87203085
SRR7408517	1.4545612	4.5174346	-1.1308594
SRR7408518	2.8611188	3.27629	-1.9354672
SRR7408519	2.135291	3.4014957	-1.6974549
SRR7408520	2.3348603	5.536397	-1.0533345
SRR7408521	1.4576724	1.9807374	-1.4180301
SRR7408522	-0.58301145	4.0304856	-4.283285
SRR7408523	1.0169842	5.2947783	-0.7595918
SRR7408524	1.1578774	3.6940634	-2.2547798
SRR7408525	0.9123641	5.0074654	-1.4978215
SRR7408526	0.8851843	4.780575	-1.4489489
SRR7408527	2.6281857	4.3867145	-1.9503708
SRR7408528	1.8012664	5.4344783	-1.1991235
SRR7408529	1.7939367	5.624678	-0.91945255
SRR7408530	1.2980196	5.00242	-0.9529997
SRR7408531	2.2492747	4.7762933	-1.0274193
SRR7408532	2.398429	5.3355966	-2.0256262
SRR7408533	1.2118239	5.1874537	-1.4131974
SRR7408534	1.7598195	3.968096	-2.133748
SRR7408535	3.2906947	4.4744277	-1.6893187
SRR7408536	0.3718865	1.9981005	-2.5269542
SRR7408537	2.4101734	5.6138654	-1.6941745
SRR7408538	1.0821292	3.612725	-1.5078413
SRR7408539	1.7555623	5.0722456	-0.6385
SRR7408540	2.7868297	2.7464342	-3.2809658
SRR7408541	2.3783374	4.95379	-1.248993
SRR7408542	2.5620604	4.714699	-1.2738433
SRR7408543	2.5428288	2.7281325	-3.0976572
SRR7408544	1.3233695	5.230104	-1.0507905
SRR7408545	1.9283803	4.4729877	-1.9725603
SRR7408546	2.4088726	3.1456084	-2.5120943
SRR7408547	2.798523	3.8759649	-2.7225022
SRR7408548	1.0811577	2.2747505	-1.753628
SRR7408549	1.5454149	3.963154	-0.83371425
SRR7408550	1.9488993	5.954803	-1.0124224
SRR7408551	0.9469444	4.8912063	-1.1398473
SRR7408552	2.5416846	4.077774	-1.7657974
SRR7408553	0.84490097	3.2210996	-2.2443535
SRR7408554	2.5884051	2.3962815	-1.7000077
SRR7408555	1.3044105	4.511506	-1.175602
SRR7408556	2.8080618	4.1643586	-2.2687862
SRR7408557	2.3889425	3.1884913	-1.8891282
SRR7408558	1.2243941	4.822931	-1.026846
SRR7408559	1.5912933	4.6367116	-0.88173985
SRR7408560	1.7773464	1.9767473	-1.691052
SRR7408561	2.2880049	2.7723181	-3.4282165
SRR7408562	0.62155205	3.4431238	-1.6999495
SRR7408564	2.0083525	5.555982	-1.150348
SRR7408566	2.8295112	5.842747	-1.8334993
SRR7408567	1.7879128	4.757193	-1.3780888
SRR7408569	2.2869477	1.9417744	-2.8793702
SRR7408570	1.6047528	3.365795	-2.1112776
SRR7408571	1.7657926	5.583917	-0.92532
SRR7408572	1.2616858	2.309759	-1.9378172
SRR7408573	1.3783913	4.9498906	-1.1916946
SRR7408574	2.5975907	3.7418778	-2.3688989
SRR7408575	1.5579772	3.0954566	-2.3380885
SRR7408576	2.3805408	3.9988184	-1.5871598
SRR7408577	2.1334393	5.622891	-0.8998027
SRR7408578	2.34694	2.1923847	-1.8638103
SRR7408579	2.0302768	2.454796	-1.6308157
SRR7408580	0.9025896	2.9867423	-0.6806186
SRR7408581	3.1067047	4.040905	-2.010659
SRR7408582	1.9653139	2.3094127	-1.681081
SRR7408583	2.5745173	4.7218795	-1.5997876
SRR7408584	1.9427056	5.9207053	-0.6866814
SRR7408585	3.340258	3.8999064	-2.657874
SRR7408586	0.8517037	4.736864	-1.5444331
SRR7408587	2.3660142	2.8718915	-2.2015061
SRR7408588	1.47945	4.7944837	-1.1446067
SRR7408589	1.2781091	4.5761743	-1.5910624
SRR7408590	3.1485085	2.5075476	-2.1908677
SRR7408591	2.947511	3.6143816	-2.2008972
SRR7408592	2.7397406	2.8285015	-1.6638678
SRR7408593	2.8735127	2.5129092	-2.2085268
SRR7408594	2.3923411	1.4325755	-1.7055068
SRR7408595	2.7073395	2.2475135	-2.0319612
SRR7408596	2.2376761	4.820423	-1.5593562
SRR7408597	2.723839	2.166234	-2.4495745
SRR7408598	1.5094118	5.0054655	-1.2209475
SRR7408599	1.7039163	4.742709	-0.21997456
SRR7408600	3.077481	4.866491	-0.9244938
SRR7408601	1.1842592	5.3706317	-0.74255455
SRR7408602	2.0471985	4.9690623	-1.8183283
SRR7408603	2.0770924	3.471125	-1.5580304
SRR7408604	2.1959958	1.4064353	-2.067431
SRR7408605	1.9268434	5.5632663	-1.0964874
SRR7408606	2.3104942	5.3143487	-2.1122444
SRR7408607	2.386429	1.9565945	-1.7854508
SRR7408608	1.414336	5.7242274	-1.9227625
SRR7408609	2.1312213	4.427775	-1.1993904
SRR7408610	2.7993348	3.9689713	-1.5869035
SRR7408611	2.8374145	3.8926954	-3.0914955
SRR7408612	2.8321986	1.5292611	-2.5818913
SRR7408613	2.0382638	3.592325	-1.4678874
SRR7408614	2.0703313	6.0373263	-1.2680942
SRR7408615	2.303789	2.9065478	-1.116129
SRR7408616	2.5873737	5.277	-1.4349601
SRR7408617	2.3635945	3.3959157	-0.46540764
SRR7408618	0.69438714	4.7061934	-1.7943392
SRR7408619	2.841413	4.100225	-1.3880724
SRR7408620	1.7490506	3.9142096	-1.4359177
SRR7408621	1.5187247	5.77714	-0.7450453
SRR7408622	2.6470332	5.4678836	-1.3432007
SRR7408623	1.5057385	3.885252	-1.5749917
SRR7408624	1.6491323	3.908244	-1.5434384
SRR7408625	2.443399	4.6148725	-1.6999567
SRR7408626	2.8951292	2.9506466	-1.7093463
SRR7408627	2.3225715	2.056533	-2.0834422
SRR7408628	2.6827915	3.022436	-1.4434772
SRR7408629	1.9847519	3.0028234	-0.84108245
SRR7408630	2.5111904	1.487447	-1.830084
SRR7408632	0.9892642	5.760344	-1.6110665
SRR7408633	0.9226048	4.728806	-1.513656
SRR7408634	1.6826034	5.687425	-1.1372212
SRR7408635	2.8413339	6.6331263	-1.9361912
SRR7408636	1.3400505	5.22102	-1.1365137
SRR7408637	1.9709489	5.2942443	-1.6196395
SRR7408639	3.2728784	5.6335206	-1.4876153
SRR7408640	3.2340436	3.2032793	-2.4281132
SRR7408641	1.4418938	3.0280812	-1.3436322
SRR7408642	3.375424	5.195893	-0.98600197
SRR7408643	2.4796042	3.21371	-1.9584198
SRR7408644	0.9716843	5.546236	-2.2134438
SRR7408645	2.4189055	5.663935	-1.5669742
SRR7408646	0.78428304	4.6944795	-1.2938684
SRR7408647	3.0068402	3.4038463	-1.322634
SRR7408648	2.4694986	4.169215	-2.1492343
SRR7408649	2.9202864	4.0246	-2.4641566
SRR7408650	2.5646539	4.328392	-1.5696969
SRR7408651	3.278058	2.1954515	-2.3545048
SRR7408652	2.6991196	5.1143494	-1.016837
SRR7408654	1.8417103	5.0190954	-1.0994555
SRR7408655	3.20216	3.07256	-2.7180705
SRR7408656	3.102917	6.049458	-1.2977413
SRR7408657	0.56541276	4.6479363	-2.381172
SRR7408658	0.37740827	4.4205184	-1.0224394
SRR7408659	2.2898393	1.3853757	-1.7146399
SRR7408660	3.3242826	3.8621485	-2.0879
SRR7408661	2.3900905	3.5310433	-1.7039698
SRR7408662	2.8866181	3.4802825	-1.9891576
SRR7408663	1.7895517	4.7742963	-1.0520575
SRR7408664	2.0467715	4.954754	-0.3534522
SRR7408665	3.236937	3.7012436	-2.0323026
SRR7408666	2.5835686	2.2637155	-2.6732602
SRR7408667	1.4964972	3.8317764	-1.4223795
SRR7408668	1.960309	3.9656084	-2.2372997
SRR7408669	2.2877195	5.7767406	-1.0356244
SRR7408670	1.6812298	2.509329	-2.446429
SRR7408671	2.3633127	3.9760365	-1.6836286
SRR7408672	2.8545032	2.565447	-2.8255963
SRR7408673	0.34197834	4.8586974	-1.4071593
SRR7408674	1.9630079	5.0190406	-1.3775973
SRR7408675	2.2829735	2.4608033	-2.4293823
SRR7408676	2.201694	2.162165	-2.189992
SRR7408677	0.5843741	5.0357604	-1.2485099
SRR7408679	2.888277	4.9751015	-1.380118
SRR7408680	2.4535823	3.4453602	-1.4729283
SRR7408681	3.587595	6.2217026	-1.3937118
SRR7408682	2.7734814	1.8340645	-3.2271857
SRR7408683	2.9368157	3.8702857	-2.0832903
SRR7408684	0.9296269	5.087298	-1.4559115
SRR7408685	3.3442247	4.48311	-1.6178967
SRR7408686	2.7085087	3.654507	-2.85874
SRR7408687	2.3860936	2.2046278	-2.3335476
SRR7408688	3.252773	4.3697305	-2.5423925
SRR7408689	2.5966842	1.7557948	-2.895238
SRR7408690	3.2074301	2.8793993	-2.9530346
SRR7408691	1.7949531	1.8346355	-1.3720677
SRR7408692	1.9286602	5.467504	-1.9700307
SRR7408693	1.8108292	4.901977	-1.2543156
SRR7408694	2.273016	4.0168514	-0.72665775
SRR7408695	2.1577306	4.8768015	-1.0932784
SRR7408696	2.5350003	2.8481834	-1.6313665
SRR7408697	1.2106779	4.1660824	-1.9082873
SRR7408698	3.0190396	5.442065	-1.582304
SRR7408699	2.3352566	4.031132	-0.97524416
SRR7408700	1.291131	4.6776423	-0.8205583
SRR7408701	2.7051177	4.31193	-1.4153879
SRR7408702	3.5967968	4.0256796	-1.5887173
SRR7408703	2.8838177	2.406696	-1.847982
SRR7408704	1.2874544	2.2818038	-3.0202074
SRR7408705	1.634372	2.9991403	-1.8834772
SRR7408706	2.1185956	2.0080233	-2.2040784
SRR7408707	1.3490865	4.116827	-1.4530016
SRR7408708	0.34409288	4.227549	-0.8051636
SRR7408709	3.194179	4.336176	-1.57291
SRR7408710	2.0732589	4.8968515	-1.401341
SRR7408711	2.7462156	2.5328329	-2.0379782
SRR7408712	3.0379293	6.060145	-1.325116
SRR7408713	1.4913263	5.1654515	-1.3036443
SRR7408714	2.307798	3.2194445	-2.0288534
SRR7408715	2.7727065	4.752435	-0.92223525
SRR7408716	0.9752005	4.8206077	-1.5905113
SRR7408717	1.0756521	4.664462	-1.0834527
SRR7408718	1.3025556	3.6985621	-1.5295393
SRR7408719	2.6791131	2.4232092	-1.3991913
SRR7408720	2.7242603	2.1118865	-2.7688723
SRR7408721	2.5506144	2.3443973	-2.3596656
SRR7408722	1.9338925	1.9936013	-2.1342423
SRR7408723	2.538949	6.2001176	-1.3046505
SRR7408724	1.7029021	5.0567546	-1.5929364
SRR7408725	2.457922	3.096495	-2.2234511
SRR7408726	1.3142121	2.9052486	-1.8206508
SRR7408727	3.115666	2.4184754	-2.753664
SRR7408728	3.340776	6.1027765	-1.2372551
SRR7408729	0.46991575	4.4639287	-1.2381606
SRR7408730	2.2187262	3.5673435	-1.5384324
SRR7408731	0.513624	2.9999995	-2.7034338
SRR7408732	1.8910508	2.8940346	-1.5679297
SRR7408733	0.29520157	2.7310898	-1.9198678
SRR7408734	1.8494546	-0.42250538	-3.942263
SRR7408735	2.3355222	1.2178729	-1.6115322
SRR7408736	1.8326232	2.4837742	-1.9020373
SRR7408737	1.8111663	1.6612151	-2.3364844
SRR7408738	2.4024587	2.4049158	-1.7560129
SRR7408739	2.1236558	1.6407413	-1.9459958
SRR7408740	2.2792075	4.376058	-1.4170719
SRR7408741	0.9529367	1.4805226	-1.5459584
SRR7408742	1.1011353	0.82104635	-1.5251095
SRR7408743	1.8798051	1.1129093	-1.7109768
SRR7408744	1.2184012	2.0103354	-2.1168108
SRR7408745	2.0891445	1.8013592	-3.16433
SRR7408746	0.61900014	2.5335104	-0.7340152
SRR7408747	2.0945704	4.0948176	-1.0381225
SRR7408748	2.5277343	2.2913113	-2.9588017
SRR7408749	0.51975656	1.922679	-2.1876419
SRR7408750	1.7128179	1.2822139	-1.5820684
SRR7408751	2.296873	1.2930119	-1.904429
SRR7408752	1.1320362	2.286114	-1.2572136
SRR7408753	2.3917758	1.783073	-2.3708413
SRR7408754	1.5593073	0.7767053	-2.3919508
SRR7408755	1.8855319	4.0455804	-2.2606826
SRR7408756	0.91690636	2.5387785	-0.68333447
SRR7408757	1.8936708	-0.15179777	-1.702801
SRR7408759	1.5616081	2.5487597	-1.9487835
SRR7408760	1.6098576	0.5917171	-1.8058839
SRR7408761	-0.57075953	1.2640076	-0.23561221
SRR7408762	-0.08373344	2.4876764	-1.2336835
SRR7408763	1.6220145	0.1941263	-2.9995413
SRR7408764	1.4667065	1.101233	-1.4187057
SRR7408766	-0.58122844	0.96790594	-2.096498
SRR7408767	1.2904763	0.84849745	-0.9519851
SRR7408768	1.8620551	2.0276196	-1.8194728
SRR7408769	1.8635905	0.53189695	-2.597492
SRR7408770	1.1050668	3.2790372	-1.4286739
SRR7408771	2.075934	0.73598224	-2.5764987
SRR7408772	1.7361994	4.192429	-1.9280701
SRR7408773	2.1692638	0.8598255	-2.799004
SRR7408774	0.9657406	1.8872387	-2.1162097
SRR7408775	1.4735243	0.7621856	-2.4232912
SRR7408776	0.9844566	1.3619523	-0.9415885
SRR7408777	1.5867312	2.1499972	-1.1156336
SRR7408778	0.6121318	-0.37790614	-3.2965446
SRR7408779	0.11898553	2.4016187	-2.1951401
SRR7408780	-1.090188	1.5825205	-0.44394624
SRR7408781	2.4280906	0.8972206	-2.6540723
SRR7408782	0.74644333	1.8995969	-0.48114225
SRR7408783	0.8549611	3.1275024	-2.3867135
SRR7408784	0.6548636	2.4120784	-1.4568784
SRR7408785	2.3625922	0.7531597	-2.9891438
SRR7408786	1.7591403	3.634311	-1.4292299
SRR7408788	2.3973842	1.338239	-1.9710021
SRR7408789	2.539483	2.0024636	-2.8582478
SRR7408790	0.93016726	3.2051897	-1.6409359
SRR7408791	-0.030549921	1.8010807	-1.5074662
SRR7408792	2.126795	1.5998466	-2.2939472
SRR7408793	1.9844995	2.9257662	-1.8775425
SRR7408794	0.8177288	3.1796467	-0.97012436
SRR7408795	0.27408704	2.2078831	-2.2626848
SRR7408796	1.6087701	0.89330447	-1.4341372
SRR7408797	0.79846257	3.475405	-1.1908375
SRR7408798	1.1895597	0.18875289	-1.7247155
SRR7408799	2.5094004	2.8148453	-2.178679
SRR7408800	1.4197857	1.2517002	-1.882802
SRR7408801	2.3250449	0.6415771	-2.3753614
SRR7408803	1.0669487	2.1713836	-2.1076994
SRR7408804	0.36102545	2.4155133	-0.47994202
SRR7408806	0.22957161	2.537625	-2.227215
SRR7408808	0.6180181	1.966213	-1.7432778
SRR7408809	0.85747534	3.3742108	-0.9155005
SRR7408810	0.8180008	2.7872474	-2.9122772
SRR7408811	0.9452712	-0.1251562	-1.0839324
SRR7408812	-0.4911467	1.8930044	-1.6700546
SRR7408813	1.761672	0.9214438	-0.8792205
SRR7408814	0.96790975	3.902625	-1.3787639
SRR7408815	-0.9898731	1.8882504	-1.8985136
SRR7408816	2.0289412	1.257637	-2.0608814
SRR7408817	2.654511	1.8051388	-2.3352122
SRR7408818	0.3589115	1.707351	-0.47391835
SRR7408819	2.1179466	0.9521188	-1.5414064
SRR7408820	-0.36568397	2.5585864	-0.5210942
SRR7408821	1.340291	3.1800444	-1.0020142
SRR7408822	1.3311667	3.5243943	-2.0460582
SRR7408823	-0.042891957	2.362545	-0.9143946
SRR7408824	1.7099919	0.62569577	-2.3461046
SRR7408825	1.9630518	0.3465315	-2.4401767
SRR7408826	-0.05855275	1.8667367	-1.080735
SRR7408827	0.38512248	2.3127625	-1.2193038
SRR7408828	0.83462375	2.3452227	-1.5231502
SRR7408830	-0.23633894	1.7346263	-1.6165566
SRR7408831	1.5699065	0.74764514	-1.1864697
SRR7408833	1.3723564	1.6503675	-1.3935153
SRR7408834	1.6233475	4.2855935	-1.5796975
SRR7408835	2.047611	1.2620866	-1.3246279
SRR7408836	1.6723471	2.3066394	-1.5186479
SRR7408837	-0.15971267	1.3918052	-0.9738294
SRR7408838	1.1429887	0.11371493	-1.3553371
SRR7408839	0.20043343	1.1909077	-2.3189535
SRR7408840	1.2347648	3.214234	-1.3988626
SRR7408841	2.79066	2.1140895	-2.170522
SRR7408842	1.7092597	0.9702719	-2.582079
SRR7408843	1.4109976	2.1307652	-1.7183256
SRR7408844	1.9845858	1.6520903	-1.7138877
SRR7408845	-0.25165033	2.5892994	-0.21625106
SRR7408846	1.264283	2.2048142	-2.5048106
SRR7408847	1.5236523	1.0101492	-1.4115722
SRR7408848	1.5510011	0.7084459	-1.6634736
SRR7408849	1.8326044	1.186707	-1.987917
SRR7408850	0.20201072	2.1321871	-2.3074236
SRR7408852	1.461226	0.971397	-0.76799554
SRR7408853	1.7693758	1.143837	-1.1517172
SRR7408854	2.1551337	1.2674925	-2.1990385
SRR7408855	1.7307148	1.8612309	-2.5734208
SRR7408856	0.19688785	1.0219777	-1.8293905
SRR7408857	1.2682753	1.3321192	-1.0139264
SRR7408858	0.3880693	2.4195602	-1.1079721
SRR7408859	1.5736592	0.43970814	-1.2501936
SRR7408860	1.8190799	0.4805857	-1.7332115
SRR7408861	-0.15437776	1.8968382	-1.3647673
SRR7408862	-0.5142813	2.1444266	-0.88437295
SRR7408863	0.17004976	2.315296	-1.8219323
SRR7408865	1.5400813	-0.62692827	-2.0237672
SRR7408866	1.5317483	4.1547494	-1.3145701
SRR7408867	0.099261865	1.3468857	-2.2242684
SRR7408868	1.3585091	0.52301	-1.6738822
SRR7408869	2.188465	0.66630846	-3.1010756
SRR7408870	1.6408496	0.60527974	-2.3752542
SRR7408871	1.6527369	0.7324844	-1.8919523
SRR7408872	0.67106944	-0.34061962	-0.20061776
SRR7408873	-0.009358734	0.5296123	-1.8488109
SRR7408875	0.87775403	-1.4933867	-2.0385594
SRR7408876	-1.327565	-0.30655652	-1.3149409
SRR7408877	0.6935018	-1.2452488	-0.84019244
SRR7408878	-0.8310433	-0.19942898	0.5783837
SRR7408880	-0.9794367	-0.9545576	-0.015256792
SRR7408881	0.5538115	-1.8158839	-2.0443356
SRR7408882	0.3499902	-2.4328673	-1.4682115
SRR7408886	1.4833207	0.96427596	-0.5201056
SRR7408888	0.88471085	-1.0573983	-0.52205426
SRR7408889	0.82602805	-1.3070526	-0.5160544
SRR7408890	0.71554077	-1.6600821	-0.2866275
SRR7408891	0.7703553	-0.98567885	-1.6581762
SRR7408892	1.4246325	-1.065551	-2.390573
SRR7408893	0.8743004	-0.115355164	-0.9787458
SRR7408894	-1.0792253	-0.34396207	-1.2614677
SRR7408895	1.2321122	-0.7763882	-1.9966259
SRR7408896	1.060483	-0.0145404935	-0.08993569
SRR7408897	-0.6407053	0.1705364	-1.2427965
SRR7408899	0.7932653	-0.8540694	-2.0770428
SRR7408900	-0.82450235	0.65331864	-1.3224556
SRR7408901	1.2629814	-1.0377398	-0.9594952
SRR7408902	-0.5252634	0.42311382	-1.3389909
SRR7408903	-1.1311369	0.053557754	-0.5229604
SRR7408905	-1.0971112	0.09592162	-0.43348333
SRR7408906	0.6302705	-0.98183197	-2.2484243
SRR7408908	-0.7974195	0.3467304	-0.5293764
SRR7408909	1.118259	-0.58120424	-2.3222442
SRR7408912	1.2517378	-1.0441215	-1.3034059
SRR7408913	0.26009184	-0.39965636	-2.2194486
SRR7408914	0.44451612	-1.9417188	-2.4469981
SRR7408915	1.1377375	-0.18384185	-1.5462399
SRR7408916	0.863961	-1.322761	-0.64688855
SRR7408917	0.5177839	-1.514904	-1.7405797
SRR7408920	-1.3227859	-0.3439104	0.15688705
SRR7408921	0.95462567	1.0454869	-0.39915666
SRR7408923	0.7911465	0.217148	-0.82464457
SRR7408924	1.3868356	-0.5120605	-2.1779883
SRR7408925	1.1384556	-0.3225612	-1.8195627
SRR7408926	0.83913904	-0.6788872	-0.7164403
SRR7408928	1.3294134	-0.49348438	-1.3877661
SRR7408930	0.9329462	-0.7211676	-1.6062443
SRR7408931	1.1674058	-1.5819724	-1.0093256
SRR7408935	-1.2828791	-0.1829834	-0.8592838
SRR7408936	1.1952701	-0.84101635	-1.68181
SRR7408937	-0.91073775	-0.39708817	-0.32438844
SRR7408938	1.0572319	-0.6220309	-1.1633098
SRR7408939	0.8738727	-1.185391	-0.81808126
SRR7408940	0.5094323	-0.6208791	-0.35478905
SRR7408942	0.57736677	-0.5764107	-0.825127
SRR7408944	0.90824443	-1.2016437	-1.0535848
SRR7408947	0.64046645	-1.1603243	-2.2008476
SRR7408948	0.8695373	-1.1693127	-1.9423916
SRR7408951	0.9661084	-0.74881935	-1.4224727
SRR7408952	0.73498136	-0.08971763	0.32419357
SRR7408953	-1.1749289	-0.6733578	0.14442071
SRR7408954	0.83059776	-0.7358442	-1.2145087
SRR7408955	0.9442412	-0.97468144	-1.6010256
SRR7408957	1.2454059	-0.8466092	-1.349324
SRR7408958	1.0373268	-0.8229721	-2.0113328
SRR7408960	1.0471497	-0.6520005	-2.9701273
SRR7408961	1.0719945	-1.0275404	-2.2339065
SRR7408962	-1.1591535	-0.2988116	-0.06711152
SRR7408965	-0.81084806	0.22280714	-1.1355166
SRR7408966	0.73317707	-1.4593754	-1.5542101
SRR7408967	0.8351209	-0.35488713	-1.4035275
SRR7408969	1.2929211	-1.2216754	-3.0182934
SRR7408971	0.8058791	0.33956313	-2.057853
SRR7408973	0.64267343	-1.2337902	-0.63102937
SRR7408974	0.6010018	-1.4547966	-0.8313801
SRR7408975	0.90614575	-1.3727849	-2.121459
SRR7408976	0.75501746	-1.8906643	-1.2848196
SRR7408977	0.86873835	-1.3827214	-0.9793091
SRR7408978	1.0160494	1.7462888	-1.9746022
SRR7408979	-1.2480001	-0.38751388	-0.8333229
SRR7408980	1.161036	-1.2298193	-2.2873046
SRR7408981	0.90357465	-0.7649315	-1.5645151
SRR7408982	1.0434856	-1.0089025	-1.2963815
SRR7408983	-0.9029657	-0.8771619	-1.646671
SRR7408984	0.93694663	-0.49377054	-1.1510589
SRR7408985	0.6845286	-0.75500816	0.5021627
SRR7408986	0.6614518	-0.4664722	-0.54868376
SRR7408987	0.88939553	0.8008371	-1.7126698
SRR7408988	1.6701107	0.15361394	-2.373522
SRR7408989	-1.1027095	0.56942713	-0.14991018
SRR7408990	-1.0722258	-0.19767243	-0.9438355
SRR7408991	-0.6301673	-0.17723185	-0.7957057
SRR7408992	0.8594739	-1.68349	-0.35967132
SRR7408993	-0.12443483	0.30080462	-1.768601
SRR7408994	1.0202277	-1.2967772	-1.7395152
SRR7408995	0.20904443	-0.6884629	-0.5420742
SRR7408996	-1.2052906	0.21995287	-0.017975956
SRR7408997	-0.009916991	-0.5634117	-1.1547244
SRR7408998	0.7833131	1.1138904	-1.4643152
SRR7408999	-1.7367251	-0.48852432	-0.037892282
SRR7409000	0.95012265	-0.09351835	-1.1473418
SRR7409001	1.2114468	-1.0754132	-1.8138802
SRR7409002	0.9437594	-1.2699142	-2.346073
SRR7409003	-0.7330441	0.531898	-1.2867124
SRR7409004	-1.131814	0.3347654	0.11009014
SRR7409005	0.55174977	-2.2621255	-0.7553586
SRR7409006	0.7880634	-1.2437639	-1.4703826
SRR7409007	-1.403961	-1.2450762	0.365805
SRR7409008	0.870211	-1.2319517	-0.85122085
SRR7409009	-0.8691588	-0.010761082	-1.3282589
SRR7409010	1.2304568	-0.9189039	-1.5083351
SRR7409011	0.6984852	-1.3058558	-1.9764566
SRR7409012	1.4073069	-0.29533136	-1.7778759
SRR7409013	-1.2799456	-1.0403006	-0.7610457
SRR7409014	-1.2909417	-0.5241849	-0.4956311
SRR7409015	-1.2774956	0.7522388	-0.7497945
SRR7409016	1.030292	-0.624438	-1.2488968
SRR7409017	0.9245451	-0.8352064	-0.25054348
SRR7409018	0.70701426	-1.1558402	-2.0443666
SRR7409019	0.9174468	-1.216743	-2.040046
SRR7409021	0.3111176	-0.34985203	-0.08401179
SRR7409022	1.2346897	0.12117025	-0.91243577
SRR7409023	0.030034222	0.7832714	-1.9093847
SRR7409024	1.2807899	-0.9002896	-2.4622076
SRR7409025	-1.0288999	0.2989887	-1.2849199
SRR7409026	1.4155228	-0.5309232	-2.4718487
SRR7409027	1.3711426	-0.030276716	-1.6213472
SRR7409028	1.1196988	-0.43397528	-1.140914
SRR7409029	1.1043842	-0.64880854	-2.602139
SRR7409030	0.43759614	0.056550145	-1.4381568
SRR7409031	0.76549023	-0.7107455	-1.6968205
SRR7409033	0.95894676	0.26602152	-0.41746208
SRR7409034	0.014473915	0.5261175	-2.0738895
SRR7409035	-1.0183431	-0.45421553	-0.2832393
SRR7409036	0.8454866	-0.6805171	-0.90791476
SRR7409037	-0.9882061	-0.17963609	-1.043547
SRR7409038	1.0918512	-0.36790168	-1.5544862
SRR7409039	-1.0659297	0.06429377	0.46537378
SRR7409040	0.6626021	-0.4816118	-1.5038664
SRR7409041	0.68153936	-1.689003	-2.437333
SRR7409043	0.93587834	-0.7679867	-2.139544
SRR7409044	0.63521796	-1.0198457	-0.61076635
SRR7409045	1.1288733	-0.7145296	-1.1456915
SRR7409046	1.1443119	-1.1466553	-3.0218158
SRR7409047	-1.0691061	-0.36628485	-1.3115482
SRR7409048	-1.1278818	-0.43790233	-0.8742311
SRR7409050	-1.316617	0.45314327	-0.62539685
SRR7409051	0.70433885	-1.3949282	-0.5595176
SRR7409052	0.7148967	-1.9116359	-2.6657372
SRR7409054	-0.6806816	0.17066997	-1.0161531
SRR7409055	0.64251083	-1.1149886	-2.3150806
SRR7409057	-0.51385653	-0.0015446544	-0.8961879
SRR7409058	1.2571855	-0.8635284	-1.1577132
SRR7409059	1.0004361	-0.7002851	-0.883047
SRR7409060	-1.6816161	-0.23873991	-1.1906813
SRR7409061	0.61437654	-1.1833615	-0.88700294
SRR7409062	-1.6813626	-0.80224305	-0.057291538
SRR7409064	-1.1518548	0.10382739	-0.21965252
SRR7409067	0.49212688	-0.81902015	-3.030988
SRR7409071	-1.3255985	0.16474955	-0.3215797
SRR7409072	-1.370678	-0.45089406	-0.24142256
SRR7409074	0.86973244	-1.0211749	-1.1318816
SRR7409075	-0.11520177	-0.17589813	-0.6083354
SRR7409076	-0.037528276	-1.266083	-1.5013509
SRR7409077	0.6354924	-1.0703402	-0.9023675
SRR7409078	-0.694887	0.124022566	-0.69034255
SRR7409081	0.14648326	-0.6081404	-0.42545068
SRR7409085	-0.6269082	-0.30313626	-1.8883834
SRR7409086	1.4652543	-0.6999221	-2.1449473
SRR7409087	0.4461155	-1.09501	-1.1876193
SRR7409089	-0.06924167	0.14345261	-1.0281371
SRR7409091	-1.0645666	-0.42225784	0.20854482
SRR7409092	-1.5884683	0.0652393	-0.3536523
SRR7409093	0.083934516	-1.0492733	-1.7875423
SRR7409094	0.75013906	-0.77545166	-2.2183986
SRR7409098	-1.0232795	0.041892678	-0.8997941
SRR7409099	-0.932283	-0.4326753	-1.2119018
SRR7409100	-0.91913766	-0.4312415	-0.58026433
SRR7409101	-1.1657436	-0.34640238	-0.55419356
SRR7409103	0.2488077	-0.4579987	-1.9232368
SRR7409104	1.3562479	-0.17726311	-1.3297772
SRR7409107	-1.0977418	0.40834147	-2.0162344
SRR7409109	-1.2124646	-0.6264996	0.358871
SRR7409110	0.2873211	-1.2930243	-1.6837765
SRR7409112	-0.94083697	-0.34363797	-1.3640351
SRR7409113	0.008338645	-0.43014544	-1.9691153
SRR7409115	1.1484923	-0.15384942	-0.7758758
SRR7409117	0.34673673	-1.262388	-1.7093613
SRR7409118	-1.8663571	-0.42330492	0.2727653
SRR7409119	-1.5259104	-0.38716727	0.34367725
SRR7409120	0.47656703	-0.2565573	-0.40605906
SRR7409122	0.17059143	-0.1015079	-0.8554745
SRR7409123	0.73654735	-0.3235583	-0.4725056
SRR7409125	-0.05393132	-1.2826657	-2.102062
SRR7409126	-0.50939375	-0.2705579	-2.4545054
SRR7409127	0.5220345	-0.8439009	-2.4765017
SRR7409129	-1.6233675	-1.2667844	1.11184
SRR7409130	0.59495777	-1.164774	-1.9368644
SRR7409131	-0.5936747	0.3306683	-1.5293884
SRR7409132	-0.6482931	-0.5416842	-0.82703054
SRR7409133	-0.26152486	0.04054317	-1.7121123
SRR7409134	1.0348911	-1.193743	-1.0563687
SRR7409135	-0.87742865	-0.0012967885	-0.84788394
SRR7409137	0.44030476	-1.304307	-1.1580255
SRR7409138	0.29699558	-0.4478525	-2.0726087
SRR7409139	-0.8564473	-0.8244739	-2.0859303
SRR7409140	0.13375449	-0.7694166	-1.9459642
SRR7409141	0.040071584	-1.3708725	-1.0880071
SRR7409144	0.8304905	-1.3489549	-0.5317019
SRR7409145	-1.0188854	-0.12452173	-0.51224434
SRR7409146	1.334995	-0.57496905	-1.4274497
SRR7409147	0.35510468	-0.33677655	0.23535839
SRR7409148	-0.71377414	-0.6808247	-1.4304607
SRR7409151	-0.8713618	-0.42560685	-0.8330976
SRR7409152	-1.4658711	-0.7768136	0.04370466
SRR7409153	-0.7843489	0.34359625	-0.6367779
SRR7409156	-1.2779224	-0.02308254	0.0787324
SRR7409157	1.0623057	-0.8110901	-2.518578
SRR7409160	-1.0394833	0.37824672	0.48507974
SRR7409161	-1.3526819	-0.38030398	-0.36797684
SRR7409162	-1.0167446	-0.75227076	-1.0091478
SRR7409163	-1.7914526	-0.3857097	0.16262928
SRR7409164	-1.3503373	-0.8122513	-0.4935726
SRR7409166	-1.1884465	-0.03673549	-0.6927053
SRR7409167	0.95579284	-0.26876476	-1.3349288
SRR7409169	0.8091881	-0.9708862	-0.5437441
SRR7409170	-0.7815519	-0.44498402	-0.79987645
SRR7409171	0.8795647	-0.19683659	-1.1067657
SRR7409173	0.4958827	-0.8658956	-1.6409688
SRR7409174	0.65067047	-1.272037	-0.78861344
SRR7409175	-0.25249058	-0.95382494	-1.5963829
SRR7409176	-1.2740211	-0.03815952	-0.41415447
SRR7409181	-0.92944103	0.02487433	-1.4737692
SRR7409183	-0.24829078	0.15950456	-1.6820738
SRR7409185	-2.1155183	-0.52790934	-0.34241328
SRR7409188	1.0905306	-0.92492455	-0.3909545
SRR7409189	0.45075947	-0.7575777	-2.409084
SRR7409190	-1.476862	-1.1135898	0.45378974
SRR7409191	-0.36819777	-0.5014836	-0.8021467
SRR7409192	1.049592	-0.49584782	-0.69611716
SRR7409193	-1.945152	-1.9399118	-0.23327437
SRR7409195	0.33003575	-2.0627048	-2.601366
SRR7409196	-1.8110967	-0.73588586	0.44811282
SRR7409197	-0.18931398	0.5539684	-2.0033734
SRR7409199	-0.52968717	0.22775081	-0.91259134
SRR7409200	0.6434428	-1.6553679	-0.49481297
SRR7409201	0.80354965	-0.24923223	-1.151927
SRR7409203	-1.1885908	0.038752556	-0.83299446
SRR7409205	0.80851775	-0.9577165	-1.0865395
SRR7409210	-1.5855176	-0.11134118	-0.72333646
SRR7409211	1.1738737	0.089914545	-1.4434648
SRR7409214	-1.4239647	-0.641825	0.2654737
SRR7409215	-1.6261089	-0.8789416	0.51338255
SRR7409216	-0.85929704	-0.1850965	-1.5254774
SRR7409217	-0.025497556	-0.71511906	-1.9120394
SRR7409222	1.2092383	-0.6667722	-1.141678
SRR7409223	-0.42625654	0.61168855	-2.1049032
SRR7409228	-1.068089	-1.1016407	-0.6837044
SRR7409229	0.81100804	-0.3020814	-0.7246821
SRR7409231	-1.002321	0.11746833	0.20630696
SRR7409233	0.7423896	-1.3736162	-2.405095
SRR7409235	-1.3398304	-0.11374436	-1.0443925
SRR7409238	-0.16904819	-0.7251927	-2.1728609
SRR7409239	-0.9631557	-0.36383584	-0.9857757
SRR7409240	-1.6287289	0.09774223	-0.55660605
SRR7409242	1.2199454	-0.5108709	-1.2719041
SRR7409243	1.1534681	0.14920722	-1.7107266
SRR7409244	-0.23365405	-0.7053242	-1.3603363
SRR7409245	-2.1152558	-0.6292999	0.62369335
SRR7409247	-1.9105494	-0.7908204	0.7822956
SRR7409251	0.8311052	-1.0522704	-0.9474267
SRR7409252	-1.6857841	-0.39816236	0.15852419
SRR7409253	0.93686885	-0.6701382	-1.2327335
SRR7409255	0.6641436	-0.89938027	-0.49347833
SRR7409257	-0.6560133	-0.5914693	-1.2464228
SRR7409258	0.35237652	-0.7167053	-1.9899871
SRR7409259	-0.6388029	-0.25223726	-0.21037373
SRR7409260	0.12955269	-0.81775326	-1.8256466
SRR7409262	-0.40973228	-0.6252088	-1.98042
SRR7409264	1.1185949	0.033195317	-1.9573264
SRR7409265	-0.91872174	0.18538333	-1.2371225
SRR7409266	0.7423638	-0.679399	0.18848887
SRR7409267	-1.0814435	-0.36592644	-0.6735668
SRR7409268	0.06608493	-0.81347233	-1.7114449
SRR7409269	-1.1422889	0.4360084	-1.0204996
SRR7409270	1.1877849	-1.3489823	-1.2676741
SRR7409271	0.9655395	-0.7362812	-1.7273889
SRR7409272	-0.7758686	0.052598402	-1.2050104
SRR7409273	0.6173752	-1.0610006	-1.9383657
SRR7409274	0.8504241	-0.6669151	-1.0994774
SRR7409275	-0.7346706	0.31845796	-1.637886
SRR7409276	-1.6449158	-0.60949177	0.11543709
SRR7409277	-1.3146465	-0.67485696	0.54279244
SRR7409279	0.8850847	-0.827511	-1.0925249
SRR7409280	-0.68777615	-0.20731494	-1.090394
SRR7409281	0.38706934	-0.13988906	-2.1664758
SRR7409282	0.5239407	-0.8173663	-1.3824797
SRR7409283	0.3710317	-1.3706791	-0.31004173
SRR7409284	0.7127088	-1.338119	-2.2729456
SRR7409286	-1.0538946	0.060782492	-1.3127413
SRR7409287	-0.8281412	-0.7016252	-0.96399236
SRR7409291	-0.79434127	-1.1034739	0.3329458
SRR7409294	-1.3437281	-0.33475327	0.40151998
SRR7409295	0.1870127	-0.25358292	-0.40461493
SRR7409296	0.9914399	0.013682097	-1.9274732
SRR7409297	-1.3242865	-0.61562854	-0.5206506
SRR7409298	-0.9889925	-0.5176737	-1.5363963
SRR7409299	0.45308608	-0.91419095	0.34515336
SRR7409300	1.2288315	-0.45096868	-1.144418
SRR7409301	0.1339989	-0.5730886	-2.6127605
SRR7409302	-1.3895693	-0.53348583	0.16117585
SRR7409303	0.16572663	-0.47989935	-1.7397286
SRR7409309	-1.0612078	0.037010387	-0.18099439
SRR7409310	-1.6095037	0.08600125	0.124400675
SRR7409312	1.0464435	-0.7307014	-2.3764775
SRR7409313	-0.19855598	0.35607642	-1.796322
SRR7409319	-1.0614746	-0.07322006	-1.4587089
SRR7409320	1.0821724	-1.2047505	-2.1907446
SRR7409322	-0.79097	0.09181951	-0.60282373
SRR7409323	0.25794232	-1.0672436	-1.7573581
SRR7409326	0.8757719	-2.1184793	-1.9882537
SRR7409327	-1.2116122	0.18442667	-0.3570773
SRR7409328	0.028004609	-0.12117499	-0.7989706
SRR7409329	0.66232103	-2.2967796	-1.1846614
SRR7409330	0.4655342	-3.041085	-1.7714331
SRR7409331	0.8569224	-0.5996781	-1.1463913
SRR7409332	0.65746266	-0.5025279	-1.6243131
SRR7409334	-0.20512135	-0.41452855	-1.6311179
SRR7409336	0.51141936	-1.8201671	-0.5218903
SRR7409337	0.79924506	-1.0142474	-2.3804116
SRR7409338	0.47880965	-1.771076	-2.1282957
SRR7409339	-0.34757555	0.044373363	-1.3761483
SRR7409340	-0.45233867	-0.37510902	-1.1778139
SRR7409341	-2.1291354	-0.11992553	-0.068216264
SRR7409343	0.58562666	-1.3748207	-1.3956515
SRR7409344	0.82211596	-0.604937	-0.96522105
SRR7409345	-0.3055121	0.0008402914	-1.583518
SRR7409346	-0.94286627	-1.1036463	-0.25384074
SRR7409347	0.7164435	-1.4420347	-1.7399185
SRR7409348	-0.68193877	0.09177241	-1.2573303
SRR7409349	-2.0848594	-0.670196	-0.010825396
SRR7409350	-0.3777535	0.33165246	-1.1672328
SRR7409351	0.49860877	-1.704922	-0.5076114
SRR7409352	0.68368644	-2.0177152	-0.24159373
SRR7409353	0.7136862	-1.8313293	-0.17722592
SRR7409354	0.47255093	-0.66192573	-1.3572072
SRR7409355	1.0416028	-1.0462639	-1.4101803
SRR7409356	0.9483283	-0.6859863	-2.2318177
SRR7409359	0.8325889	0.36294755	-0.82093847
SRR7409360	0.389341	-0.7154178	-0.39160573
SRR7409362	0.63452715	-1.5886543	-0.05826755
SRR7409363	0.57551354	-0.37166923	0.31130376
SRR7409364	0.7083747	-0.51376003	-1.5725219
SRR7409365	-0.048221916	-0.6310717	-0.46272284
SRR7409367	-0.21581057	-0.023590624	-1.7784117
SRR7409369	0.8275864	-1.4545603	-1.1496284
SRR7409370	0.35096478	-1.1083951	0.61019266
SRR7409371	0.8329689	-0.8465486	-1.7931969
SRR7409372	-0.3049187	-1.3656671	-0.9448658
SRR7409373	0.91794235	-1.9726248	-1.9441384
SRR7409374	-0.67706984	-0.21639514	-0.63003135
SRR7409375	-1.0107442	0.30084494	-0.8350861
SRR7409376	0.79218453	-1.798038	-1.7032572
SRR7409377	0.16566032	-0.4315371	-1.6011506
SRR7409378	0.9399523	-0.978676	-1.2166673
SRR7409379	-1.7649262	-0.9092093	-0.24819359
SRR7409380	1.1544797	-0.8167177	-2.5702195
SRR7409381	-0.8429819	-0.37230355	-1.5055268
SRR7409382	-1.2727435	-1.1088154	0.5494864
SRR7409383	0.66439956	-1.8903544	-1.78609
SRR7409384	0.92929775	-1.9320433	-0.95480204
SRR7409385	0.788363	-1.160109	-1.8151336
SRR7409386	-0.4258928	-0.006397128	-1.4989529
SRR7409387	1.0216017	-1.7725067	-2.6211095
SRR7409389	0.48528284	-2.8662522	-1.5805488
SRR7409390	-0.97615325	-0.5019706	-0.54914904
SRR7409391	-1.2309747	-0.35663116	-0.5833405
SRR7409392	0.8377372	-2.4163957	-2.3313274
SRR7409393	0.72656196	-0.7577758	-0.8232397
SRR7409394	0.89098495	-2.7631416	-1.1050271
SRR7409395	-0.012655951	-1.2996094	-0.6345079
SRR7409396	-0.9345773	-0.073065996	-1.034561
SRR7409397	0.7297292	-1.538811	-2.0117033
SRR7409398	0.775727	-1.9936864	-2.4445398
SRR7409399	0.76303244	-1.5278542	-1.1046002
SRR7409400	0.75967926	-2.1705058	-0.5201353
SRR7409401	0.12571487	-0.81668097	-1.8350828
SRR7409402	0.11143273	-2.456909	-1.7582592
SRR7409403	0.7367325	-1.2441471	-1.9653014
SRR7409404	-0.50875103	-0.17452428	-2.3713841
SRR7409405	-1.2400241	-0.7226595	0.2802699
SRR7409406	-0.8746087	0.15668674	-1.6706501
SRR7409407	1.1148279	-0.84502923	-0.7235383
SRR7409409	-0.042717755	0.24982935	-1.3247942
SRR7409410	0.64249194	-2.3769488	-1.7965097
SRR7409411	0.5397657	-1.1061776	-0.039165005
SRR7409413	0.9578455	-0.38277626	-0.050154716
SRR7409414	0.3173145	-1.331718	-0.8730979
SRR7409415	-1.2954507	-0.16106826	-1.2896678
SRR7409416	0.04777494	-1.3012877	-2.6795106
SRR7409417	0.6994492	-2.6296284	-2.5332313
SRR7409418	0.7123788	-1.8752315	-0.66051364
SRR7409419	0.46822912	-1.2607908	-2.010596
SRR7409422	1.1365266	-1.2619278	-2.509079
SRR7409423	0.6392302	-1.6947558	-0.6554259
SRR7409425	0.7367075	1.272625	-1.1968112
SRR7409426	0.95155317	-0.6585849	-1.5862072
SRR7409428	1.1320508	-1.573446	-1.3734778
SRR7409429	0.8554857	-1.1196992	-1.7621297
SRR7409430	-0.005540207	0.10963929	-0.50511885
SRR7409435	1.5217834	2.9152524	-1.9521731
SRR7409436	0.52912736	-0.60636455	-0.6140419
SRR7409437	1.0306864	0.5216286	0.119577676
SRR7409439	0.79766214	-1.8306983	-2.5656362
SRR7409443	0.058827013	0.06825767	-1.9675972
SRR7409444	0.38196674	0.10820755	-0.91843
SRR7409446	-1.4095902	-0.20083985	-0.4186763
SRR7409452	0.25677204	-1.4042733	-0.7388579
SRR7409454	1.2757246	-0.86290437	-2.3941855
SRR7409455	1.4387941	-1.1782706	-0.8466083
SRR7409456	-1.2280111	-0.9049013	0.35813913
SRR7409457	0.8283275	-1.4046814	-1.7841892
SRR7409458	1.9265585	2.314925	-0.74811244
SRR7409459	0.47460037	-0.3665558	-0.64294803
SRR7409460	-1.4737744	-1.4319124	-0.3786808
SRR7409461	0.6488798	-0.047536865	-0.05884482
SRR7409464	0.45983547	-1.5055656	-1.0870221
SRR7409466	0.6300109	0.95004076	-1.4305078
SRR7409471	-0.3014257	0.4481363	-1.297801
SRR7409472	-0.86130804	-0.15732288	-0.9810531
SRR7409474	0.9868695	-1.065594	-2.0515826
SRR7409476	0.6049436	-1.521102	-0.40985352
SRR7409480	0.24186707	-0.5050539	-1.3878845
SRR7409482	0.7541608	1.8666434	-1.5298631
SRR7409484	0.16940254	0.81791323	-0.9894557
SRR7409486	0.45333534	0.24241005	0.5076841
SRR7409489	0.63892156	-0.2767689	0.29828772
SRR7409491	0.40170375	-0.017478287	-1.122968
SRR7409492	0.5291663	-0.5859434	1.3308873
SRR7409498	1.0269687	-1.1566398	-1.1033839
SRR7409501	0.3117258	-1.7247868	-1.8261685
SRR7409502	-0.78503793	0.22519524	-1.6926559
SRR7409505	0.6304509	-1.8756535	-0.8041023
SRR7409507	0.51061124	-2.274235	-1.432668
SRR7409512	-1.2776883	-0.01081574	-1.0457474
SRR7409514	1.4243608	-0.22447354	-2.5699487
SRR7409515	0.59052896	-0.95610315	-0.35240296
SRR7409516	0.9297147	-0.44550645	-2.0981581
SRR7409518	0.51472574	-1.4964151	-0.32191712
SRR7409521	-0.61577517	0.5679559	-1.3631375
SRR7409522	-0.87730867	-0.21954063	-1.8235028
SRR7409523	-0.23343614	-1.154994	-1.3126673
SRR7409524	-1.0570595	-0.2670399	-1.2691493
SRR7409530	-0.60074985	1.0405593	-1.1811802
SRR7409531	-0.6153582	0.4005496	-0.33688435
SRR7409534	-0.62026656	0.56166774	-1.1186957
SRR7409537	-0.38448927	0.039585635	-1.1062765
SRR7409539	1.0485644	-1.408387	-0.45551914
SRR7409541	-1.0305676	-0.8985216	-0.74025583
SRR7409542	-0.5778905	-0.29865023	-1.3286867
SRR7409543	-0.5434968	-0.33844554	-1.1396116
SRR7409545	-1.4414945	-0.5068914	-0.42377287
SRR7409547	1.1047063	0.04001464	-2.0135047
SRR7409548	-1.2248704	-0.22229779	-0.4256338
SRR7409549	0.56487226	0.03754282	0.13590446
SRR7409550	0.668028	-0.34166828	-0.3356331
SRR7409552	0.621075	-0.8120748	-0.5119983
SRR7409554	0.7879053	-0.78175086	-1.9498852
SRR7409555	0.9048553	-2.3187015	-2.1337817
SRR7409556	0.2136209	-0.377016	-0.03430459
SRR7409558	0.6811462	0.014380798	-0.4949917
SRR7409559	-1.0132366	-0.0028590858	-0.44363052
SRR7409560	-0.47255743	0.30958664	-1.5080047
SRR7409561	0.83350605	-1.832515	-2.2451518
SRR7409563	0.71632147	-0.7220252	-0.98825336
SRR7409564	1.0733647	-0.96294945	-0.9772892
SRR7409565	0.77750206	-1.2317705	-1.8980514
SRR7409566	-1.0328267	0.35989988	-1.4792283
SRR7409567	0.14779904	0.5214937	-1.8529623
SRR7409568	0.4910578	-0.5094419	0.8812306
SRR7409570	0.84130055	-1.6653054	-0.38298634
SRR7409571	0.9821945	-1.3555071	-1.8739853
SRR7409573	-0.71680266	-0.79461163	-2.1109545
SRR7409574	0.8423303	-1.6425176	-1.696728
SRR7409575	-1.3063083	0.1883271	-0.2572183
SRR7409576	0.5101328	-1.107367	-0.5248406
SRR7409583	-1.8493619	-1.1307349	2.5838199
SRR7409586	0.12981239	-1.6407712	1.8489959
SRR7409605	-0.530663	-2.2386436	1.0886126
SRR7409607	-1.6737611	-0.6099381	0.104430795
SRR7409610	0.6631927	-1.6286292	-0.4209963
SRR7409611	0.684369	-1.7359562	-1.353058
SRR7409612	0.92742985	-1.0516927	-0.74045634
SRR7409613	-0.6634968	-0.28147265	-1.04434
SRR7409615	0.7218325	0.28832504	0.53191483
SRR7409616	0.37170956	-0.0024840236	-2.1410818
SRR7409617	0.5571093	-0.869788	-1.35936
SRR7409618	-0.59394634	0.5838255	-0.5118767
SRR7409619	-0.41350722	-2.318322	1.9698977
SRR7409620	0.8411848	-1.4407561	-2.3847928
SRR7409624	-0.8435244	-0.671922	-0.8985392
SRR7409628	-0.8466616	-1.152941	0.43241164
SRR7409629	-1.1618631	0.6863184	-0.14388138
SRR7409634	0.1425608	-0.21937528	-0.41734868
SRR7409635	0.9783712	0.0015313625	-1.7490196
SRR7409636	-1.4326103	-0.5406554	-0.5458108
SRR7409637	0.5107757	-0.91988164	0.35783783
SRR7409638	1.2969258	-0.35032207	-1.0791578
SRR7409642	0.1268539	-0.33185387	-1.6691511
SRR7409650	-1.519207	0.12999213	0.1708819
SRR7409652	1.1112909	-0.72230905	-2.478076
SRR7409654	-0.23053372	0.46155024	-1.634212
SRR7409662	0.039978266	-1.522258	1.5328753
SRR7409666	1.0627024	-1.2123477	-2.2432866
SRR7409668	0.29683238	-1.1243322	-1.7981201
SRR7409670	-0.92911357	-1.3539283	0.106280684
SRR7409671	0.7275637	1.41258	-1.0948175
SRR7409674	1.1456761	-1.4499905	-1.2525477
SRR7409675	0.8571771	-0.96742636	-1.7067724
SRR7409683	0.6757589	-0.76552325	-0.57156277
SRR7409684	1.0753365	0.63973093	0.102113664
SRR7409689	0.39861238	0.024903893	-0.8009316
SRR7409697	-0.16119449	1.1453805	-1.6015935
SRR7409698	0.27595708	-1.5354121	-0.770066
SRR7409699	1.2527614	-0.8978649	-2.3705575
SRR7409702	0.8470848	-1.2519996	-1.6984029
SRR7409704	1.9494193	2.2158499	-0.7317333
SRR7409707	1.5314968	-0.76728445	-2.7073095
SRR7409709	0.30287254	-2.437848	1.0284761
SRR7409716	-0.15142046	-0.8463389	1.3669538
SRR7409717	0.15799986	-1.5632098	1.2225432
SRR7409729	-0.38022855	-0.90988654	0.8332665
SRR7409730	0.06666534	-2.1780083	0.06872448
SRR7409734	1.5431063	2.2307987	1.1691417
SRR7409736	0.6655187	1.6383197	0.40486518
SRR7409740	-1.3117471	-1.2708595	0.06530383
SRR7409749	0.8607517	-2.5655425	0.10852972
SRR7409755	-0.6496935	-1.2363575	0.58461857
SRR7409760	-1.7308035	-0.81467956	1.4271241
SRR7409763	-0.15714426	-1.3331761	2.049172
SRR7409766	-3.3199055	-3.5088642	4.4062977
SRR7409767	-1.3753564	-3.813951	2.665987
SRR7409768	-0.47907576	-3.6657608	2.57133
SRR7409769	-3.1873083	-3.6325123	3.8113427
SRR7409770	-2.8531702	-2.7265599	4.35248
SRR7409771	-1.0728004	-3.774587	2.6492443
SRR7409772	-0.93135536	-4.810043	2.4995918
SRR7409773	-2.4702458	-2.5989056	3.1435313
SRR7409775	-3.3265176	-3.260352	5.339436
SRR7409776	-0.9394297	-3.947055	3.0214279
SRR7409777	-2.9559815	-2.1639514	4.340587
SRR7409778	-2.6520648	-2.9402707	4.0919194
SRR7409779	-0.8976541	-3.6046493	2.1599672
SRR7409780	-3.2737381	-3.4104838	4.3748746
SRR7409781	-0.7043034	-4.7752414	2.6956704
SRR7409782	-0.76580507	-4.688304	2.9208426
SRR7409783	-2.5825772	-3.2654226	4.4389224
SRR7409784	-0.42596096	-3.174393	2.252573
SRR7409785	-1.7200534	-3.5969384	2.860166
SRR7409786	-2.87942	-3.3481696	4.7221766
SRR7409787	-3.066224	-2.8538768	4.863403
SRR7409788	-2.7602892	-2.989086	4.3492155
SRR7409789	-3.3382583	-2.9990075	5.1936393
SRR7409790	-1.4258432	-2.8347075	2.7706304
SRR7409791	-2.9238935	-2.7367218	4.5186667
SRR7409793	-2.3834786	-3.1162412	3.752153
SRR7409794	-2.6101856	-2.5614655	4.208047
SRR7409795	-2.9031336	-3.3812973	5.1548486
SRR7409797	-1.0737221	-4.0345945	2.0931005
SRR7409798	-0.8482047	-3.0112543	3.3401353
SRR7409799	-1.8319051	-2.7368662	3.513169
SRR7409800	-2.5420494	-2.7659652	3.9901538
SRR7409801	-2.6800017	-2.766459	4.5964804
SRR7409803	-0.4922899	-3.9126308	2.4286425
SRR7409804	-0.8557845	-4.738542	2.0727634
SRR7409805	-2.9298348	-3.169808	4.331392
SRR7409806	-2.1225476	-3.0773547	3.0404186
SRR7409807	-3.050608	-2.7210608	5.2474294
SRR7409808	-1.1640186	-2.9906023	4.167193
SRR7409809	-2.9205678	-3.0776432	5.1297
SRR7409810	-2.5443358	-2.6153324	5.1759334
SRR7409811	-3.011649	-2.6158571	4.5870395
SRR7409812	-2.6105275	-3.2796428	3.7100325
SRR7409815	-3.2105312	-3.155822	4.9971876
SRR7409816	-2.2355342	-3.029535	3.0922863
SRR7409818	-0.9839755	-4.2846484	3.3670835
SRR7409820	-1.2677107	-4.0636587	3.7846608
SRR7409821	-3.3129034	-3.284555	4.4962
SRR7409823	-2.4417968	-3.6545703	3.6030138
SRR7409824	-3.005869	-2.4640868	5.2238536
SRR7409825	-2.8790426	-2.6202383	4.495768
SRR7409826	-3.134441	-2.811104	5.317425
SRR7409827	-2.8143442	-2.4789073	4.488603
SRR7409828	-2.9894395	-1.935389	3.9381714
SRR7409830	-1.4205787	-4.1441464	3.962945
SRR7409831	-1.6496539	-3.3775475	2.5948176
SRR7409832	-3.3265178	-2.9945838	4.8431306
SRR7409833	-0.98082536	-4.5539336	2.6436963
SRR7409834	-3.1180503	-2.9003224	4.728152
SRR7409835	-2.9885066	-2.650081	4.373907
SRR7409837	-0.70660883	-3.69332	2.7495842
SRR7409838	-2.9989667	-2.7814643	4.9549904
SRR7409839	-1.0037599	-4.0512357	1.8503766
SRR7409840	-2.5967312	-2.2478092	4.6033745
SRR7409841	-2.932466	-2.6622686	4.872947
SRR7409842	-2.8381405	-2.8663805	5.280464
SRR7409843	-2.8767588	-3.0374904	4.634337
SRR7409844	-2.5709617	-2.6532676	4.8576245
SRR7409845	-1.0548074	-5.288738	3.439148
SRR7409846	-2.7983274	-2.0558398	4.006698
SRR7409847	-2.1560454	-2.9108493	2.567539
SRR7409848	-1.6042483	-4.0740414	3.4545116
SRR7409849	-2.9544845	-2.8734229	4.327167
SRR7409850	-3.1685662	-2.946512	3.9448543
SRR7409851	-2.7796779	-3.5705092	4.6912174
SRR7409852	-3.1024477	-2.98653	4.7481313
SRR7409853	-2.4584107	-2.2931087	4.118465
SRR7409854	-1.4595191	-5.519373	3.3071146
SRR7409856	-2.445126	-2.8968608	3.9044018
SRR7409857	-2.6152647	-3.3251555	4.1322613
SRR7409858	-0.8345455	-4.966789	2.5842314
SRR7409859	-2.9735763	-1.9334643	4.027887
SRR7409860	-2.9473655	-2.6210916	4.301323
SRR7409861	-1.0751901	-3.5517762	2.5774393
SRR7409862	-3.3218822	-3.0911477	4.527494
SRR7409863	-2.633514	-3.4839275	4.4828334
SRR7409864	-1.6531708	-4.2266808	2.7501328
SRR7409865	-3.224922	-2.8091388	4.662002
SRR7409866	-2.862708	-2.4566221	4.579019
SRR7409868	-2.583139	-2.4486234	4.611815
SRR7409870	-2.6913338	-2.1442049	4.8043466
SRR7409872	-3.1218395	-2.7323217	4.5928884
SRR7409873	-2.6599815	-3.4062638	3.7787986
SRR7409875	-1.9050632	-3.6206725	2.7929826
SRR7409876	-2.6771834	-2.4166815	4.671396
SRR7409877	-3.1218617	-2.777971	4.8437934
SRR7409878	-3.0792186	-2.1178386	4.2852254
SRR7409879	-3.1393561	-3.5796254	4.3976603
SRR7409881	-0.8516	-3.1280177	3.3921041
SRR7409882	-3.0055165	-2.8567555	4.0101666
SRR7409883	-0.32443252	-3.7764916	2.9273136
SRR7409884	-2.0779624	-2.7618005	3.1487699
SRR7409885	-3.0051658	-2.957182	4.989358
SRR7409886	-2.6580331	-2.3400362	4.647217
SRR7409887	-3.488449	-3.7946992	5.124286
SRR7409888	-0.31247792	-3.5571282	2.618566
SRR7409890	-2.9403958	-2.6612227	4.0291543
SRR7409891	-2.9045684	-2.297078	4.0720344
SRR7409892	-2.1837592	-2.1827807	2.6202397
SRR7409893	-2.4326012	-2.225729	4.010836
SRR7409895	-0.3269404	-2.952133	2.6317453
SRR7409896	-0.8502521	-4.5535293	2.3615904
SRR7409897	-2.4968054	-3.0956635	3.5643811
SRR7409898	-0.86872643	-4.0913997	2.0109646
SRR7409899	-2.9020085	-2.6267903	4.5133986
SRR7409900	-0.8308127	-3.7568767	2.9377136
SRR7409902	-0.6554019	-4.8212376	1.8025813
SRR7409903	-0.9639412	-3.180959	1.9001613
SRR7409904	-1.0070133	-4.521005	2.6425219
SRR7409905	-1.7355795	-3.4896333	2.8212726
SRR7409906	-3.337376	-2.5104296	5.1578493
SRR7409907	-0.6346598	-4.309315	1.8073015
SRR7409908	-0.49300286	-3.4789417	2.710208
SRR7409909	-2.4030929	-2.407052	3.869697
SRR7409910	-2.869347	-2.5247495	4.5209465
SRR7409911	-1.3609917	-4.406506	3.4234183
SRR7409912	-1.1345279	-3.8445485	2.2151742
SRR7409913	-1.0628693	-3.581351	2.1873395
SRR7409914	-2.9217134	-3.0861912	4.2741494
SRR7409917	-2.160419	-2.752167	3.7541099
SRR7409918	-2.7957726	-2.7531698	4.641898
SRR7409919	-1.001183	-3.6829517	3.0063994
SRR7409921	-2.8945026	-3.16302	4.4474053
SRR7409922	-2.547756	-2.3575149	4.5734916
SRR7409923	-2.9092755	-2.6987255	4.3978324
SRR7409925	-2.45428	-2.8101957	4.312637
SRR7409926	-2.906734	-3.0701165	4.529156
SRR7409927	-2.730338	-3.5514612	3.7656918
SRR7409928	-0.9980019	-4.4615197	2.000752
SRR7409929	-3.5472088	-2.9467711	4.5494823
SRR7409931	-1.8415332	-3.2225301	2.7961495
SRR7409932	-2.655848	-2.2460258	3.6228473
SRR7409933	-1.2480965	-3.264622	2.526915
SRR7409934	-2.8737087	-3.0102077	4.5382466
SRR7409935	-2.1856892	-3.7486591	2.8579166
SRR7409936	-0.35176194	-3.253236	2.5328808
SRR7409937	-0.9252998	-4.386966	2.0224326
SRR7409938	-2.622148	-3.3165262	4.1866765
SRR7409939	-2.5985205	-3.2457378	3.8108058
SRR7409940	-2.953831	-2.581382	5.1863914
SRR7409941	-3.0797162	-2.6520207	4.948735
SRR7409942	-2.4325683	-2.6546574	4.5810075
SRR7409943	-0.675562	-3.5861194	2.3414273
SRR7409945	-2.937562	-3.4727237	4.595489
SRR7409946	-1.7952151	-2.7284012	2.8631043
SRR7409947	-2.254028	-3.1212761	4.316306
SRR7409949	-3.124345	-3.079743	4.915773
SRR7409950	-2.7997904	-2.9178815	4.39938
SRR7409951	-0.76299876	-2.9524033	2.7608612
SRR7409952	-0.53227013	-4.206854	1.1142787
SRR7409953	-2.8562918	-1.5648794	3.3780456
SRR7409954	-0.91869587	-3.0885556	3.76858
SRR7409955	-2.7230003	-2.365842	3.856567
SRR7409957	-3.1714354	-2.8868978	5.3525167
SRR7409958	-3.062055	-2.0799975	3.8335528
SRR7409959	-2.9274952	-2.3944998	4.13044
SRR7409960	-3.1119747	-3.3802948	4.838473
SRR7409961	-3.4941087	-3.5320845	5.1961207
SRR7409962	-1.1741984	-3.269585	2.5171933
SRR7409963	-1.2131567	-3.3294785	4.235044
SRR7409964	-2.885514	-3.2402	3.701346
SRR7409965	-3.0628214	-3.0992212	4.6526513
SRR7409966	-2.8470879	-2.507371	4.493565
SRR7409968	-3.528646	-3.2627268	4.989824
SRR7409969	-3.5001435	-3.3797398	5.1400166
SRR7409970	-2.6549373	-2.1312401	3.977901
SRR7409971	-3.467765	-3.6562898	5.440723
SRR7409973	-3.1386452	-3.131911	4.821674
SRR7409974	-2.806383	-2.4269414	4.7745085
SRR7409975	-3.0429988	-3.081925	4.5722976
SRR7409976	-3.0515916	-2.5631902	4.4777637
SRR7409977	-2.9239502	-2.4545238	5.46444
SRR7409978	-0.7137064	-4.7572675	2.619741
SRR7409979	-2.5404851	-2.4109724	4.3711677
SRR7409980	-3.3694239	-3.4890437	5.115936
SRR7409981	-3.0577154	-3.0131097	4.4950933
SRR7409983	-3.270551	-3.4921196	4.9177866
SRR7409984	-0.27395034	-2.6579583	2.2575593
SRR7409985	-2.7877536	-2.0007336	4.40007
SRR7409986	-2.9926295	-2.4098701	3.874682
SRR7409987	-2.683844	-3.403301	4.584001
SRR7409989	-2.2959065	-3.2003968	4.233653
SRR7409990	-0.82170427	-4.4642105	2.5192266
SRR7409991	-2.9298165	-2.7649918	4.8361063
SRR7409992	-2.507963	-1.722887	3.4960496
SRR7409993	-2.7723508	-3.020716	4.6191454
SRR7409994	-0.6166415	-3.0580304	2.3858106
SRR7409995	-2.5609052	-2.65101	3.6736891
SRR7409996	-3.0135987	-3.4968507	4.9843583
SRR7409997	-2.9625607	-2.041909	3.7672157
SRR7409998	-2.5458696	-2.6211345	4.346095
SRR7409999	-2.6190298	-2.8220086	5.0081725
SRR7410000	-2.330053	-2.8514066	4.16533
SRR7410002	-0.44031173	-3.780677	1.3727577
SRR7410003	-3.0534132	-2.290427	3.9571257
SRR7410004	-0.60256356	-2.8403654	2.6342576
SRR7410005	-2.8131852	-2.9469635	3.9306855
SRR7410006	-0.64637536	-4.8774734	2.2702417
SRR7410007	-2.3183334	-2.5063097	3.6896715
SRR7410011	-2.2757194	-2.625177	4.595775
SRR7410012	-2.6048508	-2.9954078	4.9312234
SRR7410013	-3.1306996	-3.365279	4.5760922
SRR7410014	-3.0505815	-2.7956789	4.990023
SRR7410015	-3.307675	-2.7833393	4.8847795
SRR7410016	-2.3548977	-2.757002	3.194282
SRR7410017	-2.7073674	-3.1238406	4.3601723
SRR7410018	-3.0129597	-2.7743146	4.99847
SRR7410019	-0.9815313	-3.0073402	3.1158552
SRR7410020	-2.7451136	-2.6823633	4.829756
SRR7410021	-3.1873884	-3.4093711	5.209634
SRR7410022	-2.8177834	-2.9722998	4.2207513
SRR7410023	-3.4130673	-3.2769952	4.713122
SRR7410024	-2.7554665	-2.8286777	4.704576
SRR7410025	-2.9592352	-2.8993957	4.7431793
SRR7410026	-2.3383768	-2.1907475	4.1991067
SRR7410027	-3.204145	-3.32782	4.799727
SRR7410028	-3.3162084	-3.1615384	4.6742053
SRR7410030	-2.86625	-2.8037622	4.433869
SRR7410031	-2.989164	-3.6185763	5.224724
SRR7410032	-1.4497547	-3.6972163	2.9784596
SRR7410033	-2.7377036	-2.6993988	4.3706284
SRR7410034	-2.888012	-3.075971	4.0730386
SRR7410035	-0.94801986	-2.8808563	2.5702066
SRR7410036	-3.1652958	-2.298238	4.1049423
SRR7410037	-2.8720927	-3.0567515	4.209341
SRR7410038	-0.07890212	-3.4226792	2.4140065
SRR7410039	-3.2262588	-2.7365303	4.6100087
SRR7410040	-2.8034484	-2.2118893	4.62577
SRR7410041	-2.5988925	-2.7473714	4.4285483
SRR7410042	-2.3257365	-2.9429114	4.129338
SRR7410043	-2.3136783	-2.1449163	3.6276765
SRR7410044	-2.7407856	-2.4369838	4.4316764
SRR7410045	-1.5777154	-3.4101288	2.9624143
SRR7410047	-2.8596618	-3.3460014	4.125559
SRR7410049	-0.7583239	-4.459478	2.550695
SRR7410050	-2.765196	-2.7124617	4.4081473
SRR7410052	-0.8740191	-2.289406	4.017059
SRR7410053	-3.119316	-3.313256	5.140099
SRR7410054	-2.8629918	-2.803931	4.252999
SRR7410055	-3.378059	-3.1412113	5.187671
SRR7410056	-1.0290983	-2.9822514	2.133737
SRR7410057	-0.5627885	-3.6609612	2.6763177
SRR7410058	-2.9235299	-2.6759908	4.8706803
SRR7410060	-2.8832204	-2.2167008	4.1854115
SRR7410061	-2.831767	-1.406405	3.689138
SRR7410062	-3.0066352	-2.7023919	4.1823773
SRR7410063	-2.1686609	-2.341282	4.0584335
SRR7410064	-2.8449054	-2.5713894	4.2209296
SRR7410066	-3.2764318	-3.2272866	4.7380667
SRR7410067	-2.9335232	-2.7666318	5.3367105
SRR7410068	-2.8122911	-1.8974445	4.1036673
SRR7410069	-1.274332	-2.3163564	3.2685473
SRR7410070	-2.591138	-2.8749177	3.840118
SRR7410071	-1.2154021	-2.141521	4.024728
SRR7410072	-3.0574567	-2.7686334	4.9540033
SRR7410073	-3.4053736	-2.2164814	4.869613
SRR7410074	-3.0520124	-1.8823283	4.5557213
SRR7410075	-3.4951594	-2.9851654	5.045496
SRR7410076	-2.9548252	-2.1426213	3.8724675
SRR7410077	-2.8891785	-1.9030454	4.067407
SRR7410078	-2.5796099	-3.0476654	4.7685056
SRR7410079	-2.3919551	-2.631934	4.105391
SRR7410080	-3.2814927	-3.6036425	5.4186397
SRR7410081	-3.8837032	-3.630338	5.09209
SRR7410082	-3.695559	-3.3112707	4.7433376
SRR7410083	-3.3079948	-3.484875	5.06373
SRR7410084	-0.6570417	-3.6848369	2.53679
SRR7410085	-2.661076	-2.6365287	5.041888
SRR7410086	-2.9971023	-1.7879081	3.940857
SRR7410088	-0.7540898	-4.8178687	2.178063
SRR7410089	-0.32780683	-3.323969	2.4153168
SRR7410090	-2.6988072	-3.1693752	4.6670876
SRR7410091	-2.8030467	-2.6108096	3.821813
SRR7410092	-0.19107665	-4.4178452	1.5677812
SRR7410093	-2.6684537	-2.128068	4.1190233
SRR7410094	-0.9973966	-2.8112316	3.4823146
SRR7410096	-2.9319305	-2.750367	4.4013968
SRR7410097	-2.6773887	-2.0993476	3.8653378
