-0.04116792525088013
0.009901135613586012
0.008994896466832162
-0.03269963368024911
-0.018489063133804443
-0.04116792525088013
-0.011522186215040146
-0.026392444106398474
-0.004892369956412086
0.0008409832347727844
-0.04832281077602979
0.016147832752795854
-0.04467324182734752
-0.0036848650714632514
-0.007032752284687994
-0.026555254766814952
-0.003963270468257991
-0.026630730454564867
-0.033453650170570996
-0.03600379612181384
0.0022616177253040027
-0.04366197654094544
-0.01967601642467175
-0.003423423954181166
-0.01597886994108846
-0.04141851520366325
0.030440977571986653
-0.04832331148442404
-0.0113614521406247
0.02422111520740356
-0.005874607156248107
-0.014372789492825423
-0.005874607156248107
-0.03600379612181384
-0.01786947369980889
-0.003502702254668756
-0.015435842708969593
-0.033453650170570996
-0.015388157139224264
-0.04832281077602979
-0.006612368579913924
-0.008322139748900437
-0.0013718046478560077
-0.0022191290159062267
-0.014372789492825423
-0.015435842708969593
-0.0073508731894197585
-0.026555254766814952
-0.02300478708072335
-0.04461566082252769
-0.027300383600991008
-0.01597886994108846
-0.03269963368024911
-0.03269963368024911
-0.0036848650714632514
-0.01793009075102793
-0.04822611630297195
-0.04832331148442404
-0.007190878477938405
-0.03173314173759226
-0.03518251976366587
0.022827822725438957
-0.04890746137894658
-0.025086173967029984
-0.011161954339823657
-0.015435842708969593
-0.008322139748900437
-0.005874607156248107
-0.04513960501323168
-0.01786947369980889
-0.003423423954181166
-0.008942683153646281
-0.007879813496334608
0.022827822725438957
-0.0066377141907456244
-0.01597886994108846
-0.01722139724525858
-0.018004640099038714
-0.04385579934167045
-0.03269963368024911
-0.018489063133804443
-0.04832331148442404
-0.03269963368024911
-0.003963270468257991
-0.010375056515272145
-0.007190878477938405
-0.008773208415981382
-0.04016523765048356
-0.0036848650714632514
-0.017993529346525282
-0.017993529346525282
0.003994663119085606
-0.021188000977341803
-0.023067158148699175
-0.007879813496334608
-0.03364033862029761
0.008957594976096448
-0.007032752284687994
-0.006612368579913924
-0.06109676282881861
-0.0028004125134837997
-0.014606164083849918
-0.020857460494545732
-0.010708255010271884
-0.03364033862029761
-0.003423423954181166
-0.04467324182734752
-0.005612008079268127
-0.0028647125669623986
0.013802242548881904
0.016284711513587832
-0.043336542753347675
-0.01047935750569197
-0.013934620996264042
-0.043336542753347675
-0.014606164083849918
-0.007190878477938405
-0.043656214137745245
-0.021977988605490564
-0.042381623210732605
-0.0073508731894197585
-0.0028004125134837997
-0.003423423954181166
-0.0682847343650822
0.022827822725438957
0.025789843559193403
-0.02294749357870275
-0.031579193101241715
-0.0066377141907456244
0.020943520878521783
-0.03173314173759226
-0.01597886994108846
-0.008742096551677278
0.025789843559193403
-0.01786947369980889
0.0030461855076895517
0.03277780696459005
0.0030461855076895517
-0.003423423954181166
-0.017034833849248286
-0.010403684546398407
-0.03600379612181384
-0.011522186215040146
-0.01789575310670355
-0.01713033971293019
0.022827822725438957
0.015914971449373466
-0.004450606064225458
-0.017034833849248286
-0.031579193101241715
-0.001482825549000189
-0.005763439789998257
0.019232853972900536
-0.008742096551677278
-0.027091807966094658
-0.014606164083849918
-0.015287018948720914
-0.0028004125134837997
-0.010708255010271884
0.0018497178800884813
-0.010375056515272145
0.0035897260620121685
-0.027091807966094658
-0.020669138880160986
-0.0056677749974089
-0.008322139748900437
0.008957594976096448
-0.01626976054966004
-0.010176095993525579
0.0030461855076895517
-0.022420968448265105
-0.001482825549000189
-0.04832331148442404
-0.0013448312212492235
-0.05516557456260472
-0.010176095993525579
0.002835544557002096
-0.006612368579913924
0.019232853972900536
-0.026555254766814952
0.004945741824036789
-0.02042371765586326
-0.027300383600991008
-0.014372789492825423
-0.04822611630297195
-0.030587548637530607
-0.01793009075102793
-0.04461566082252769
-0.005874607156248107
-0.025086173967029984
-0.03427055906590779
0.0035897260620121685
-0.013934620996264042
-0.02042371765586326
-0.031582944420410757
-0.0682847343650822
0.019232853972900536
0.013802242548881904
-0.03427055906590779
-0.008942683153646281
-0.025086173967029984
-0.027300383600991008
-0.01713033971293019
-0.003963270468257991
-0.009508271033516029
-0.015287018948720914
-0.019459733877590035
-0.04513960501323168
0.009305628991062374
-0.0113614521406247
-0.025270787045252926
0.009305628991062374
-0.02294749357870275
-0.04467324182734752
-0.01597886994108846
-0.029485811153719503
-0.011522186215040146
-0.010751704819277532
-0.003624721168159239
-0.027300383600991008
-0.011861678620686452
-0.010375056515272145
-0.010176095993525579
-0.009528947590490269
-0.01722139724525858
-0.008773208415981382
-0.004049381849849895
0.02422111520740356
-0.005612008079268127
-0.019459733877590035
0.00679729771366483
-0.021188000977341803
-0.013530044537163081
-0.022176639073921856
-0.039272152641657065
-0.02300478708072335
-0.005763439789998257
-0.012991613485634351
-0.04832331148442404
-0.03480307371129224
-0.006612368579913924
0.009305628991062374
-0.01713033971293019
0.016284711513587832
-0.02345334258997912
-0.043336542753347675
-0.02300478708072335
-0.008322139748900437
0.0027574662998496374
-0.031137363282297
-0.0031428225688675876
0.015914971449373466
-0.03753602810516606
-0.043656214137745245
-0.031137363282297
-0.032494113874613914
-0.016218169787710283
-0.01888129764601398
-0.022420968448265105
-0.014372789492825423
-0.02345334258997912
0.003196957938317621
-0.06649699172513365
0.009901135613586012
-0.027091807966094658
0.003994663119085606
0.0027574662998496374
-0.012317349230032788
-0.027300383600991008
-0.005874607156248107
-0.01793009075102793
-0.04513960501323168
-0.028448259415385542
-0.027300383600991008
-0.0013448312212492235
-0.008942683153646281
-0.017993529346525282
-0.005874607156248107
-0.0113614521406247
-0.0013448312212492235
-0.003624721168159239
-0.013934620996264042
-0.03484472544336702
0.0018497178800884813
-0.027300383600991008
-0.03600379612181384
-0.0066377141907456244
-0.08334513771457941
-0.06649699172513365
-0.0036848650714632514
-0.009508271033516029
-0.04822611630297195
0.020943520878521783
-0.04016523765048356
0.0022616177253040027
-0.021324578454082938
0.009901135613586012
-0.030587548637530607
-0.033090416365645026
-0.010403684546398407
-0.004450606064225458
0.004459246853539033
-0.0013718046478560077
-0.005612008079268127
-0.04016523765048356
-0.01888129764601398
0.013802242548881904
-0.007879813496334608
-0.019459733877590035
0.022827822725438957
-0.018004640099038714
-0.03364033862029761
-0.0281156589994706
-0.04513960501323168
-0.01888129764601398
0.010617160225943613
-0.013846092354474216
-0.003423423954181166
-0.019213329041995075
-0.03600379612181384
-0.03518251976366587
-0.012179831859642285
0.013019431488464319
-0.027300383600991008
-0.03427055906590779
0.0027574662998496374
-0.02525867468987878
-0.01601106682457886
-0.008773208415981382
0.006799394994250654
-0.005612008079268127
-0.022420968448265105
-0.022176639073921856
0.012516994567871914
-0.008742096551677278
-0.008942683153646281
-0.04513960501323168
0.003994663119085606
0.016147832752795854
-0.012179831859642285
-0.025270787045252926
-0.007879813496334608
-0.021188000977341803
-0.01722139724525858
-0.02294749357870275
-0.01713033971293019
-0.005874607156248107
-0.0028004125134837997
-0.02300478708072335
0.0027574662998496374
0.003196957938317621
0.02422111520740356
-0.04832281077602979
-0.0682847343650822
0.002835544557002096
0.009901135613586012
-0.010403684546398407
-0.003624721168159239
-0.03173314173759226
-0.01793009075102793
-0.08334513771457941
0.008957594976096448
-0.007924692828380172
-0.033090416365645026
-0.00320974051953281
-0.02555203142172808
-0.009528947590490269
-0.01722139724525858
-0.00320974051953281
-0.0036848650714632514
0.030440977571986653
-0.008178418677290055
-0.02042371765586326
-0.007462594460425417
0.006799394994250654
-0.0682847343650822
0.003994663119085606
-0.03364033862029761
0.009305628991062374
-0.015388157139224264
-0.014297388981521341
-0.0013448312212492235
-0.026392444106398474
-0.04513960501323168
-0.0013448312212492235
-0.010403684546398407
-0.031137363282297
-0.02042371765586326
-0.04366197654094544
-0.01967601642467175
-0.003502702254668756
0.022827822725438957
-0.018004640099038714
-0.006612368579913924
-0.06649699172513365
-0.01209819188144361
-0.0113614521406247
-0.05516557456260472
-0.022420968448265105
-0.05326714367883406
-0.022420968448265105
0.025789843559193403
-0.04016523765048356
-0.007190878477938405
-0.004822072575395094
-0.009508271033516029
-0.010403684546398407
-0.007924692828380172
-0.03480307371129224
-0.0013448312212492235
-0.021977988605490564
-0.02217147856110572
-0.01601106682457886
-0.014297388981521341
-0.026392444106398474
-0.009508271033516029
-0.043336542753347675
0.008994896466832162
-0.01967601642467175
-0.019453427904090846
-0.010751704819277532
-0.026630730454564867
-0.014606164083849918
-0.00320974051953281
0.03661030024854677
-0.021977988605490564
-0.042381623210732605
-0.04366197654094544
-0.04890746137894658
-0.08334513771457941
0.0022616177253040027
-0.007924692828380172
0.022827822725438957
-0.0113614521406247
-0.011522186215040146
-0.018004640099038714
-0.06649699172513365
-0.023457826827287743
-0.013934620996264042
-0.01722139724525858
-0.01722139724525858
-0.017993529346525282
-0.007879813496334608
0.013019431488464319
-0.02294749357870275
0.009305628991062374
0.009901135613586012
-0.0682847343650822
0.025789843559193403
-0.027300383600991008
-0.04141851520366325
-0.05516557456260472
-0.004450606064225458
-0.043336542753347675
0.012516994567871914
-0.0022107225955401042
-0.04366197654094544
-0.04467324182734752
-0.012991613485634351
-0.007879813496334608
0.019232853972900536
-0.026392444106398474
-0.012398909662170523
-0.01658921500908942
-0.014372789492825423
-0.013846092354474216
-0.004361214786300934
-0.04385579934167045
-0.012991613485634351
-0.01626976054966004
-0.008773208415981382
-0.004049381849849895
0.019232853972900536
-0.01793009075102793
-0.004822072575395094
-0.023457826827287743
-0.022176639073921856
-0.012991613485634351
-0.03518251976366587
-0.04513960501323168
-0.027300383600991008
0.022827822725438957
-0.04366197654094544
-0.007462594460425417
-0.01786947369980889
-0.03480307371129224
-0.029485811153719503
-0.03518251976366587
0.013802242548881904
-0.02217147856110572
-0.030587548637530607
-0.004049381849849895
-0.023457826827287743
-0.031137363282297
-0.02525867468987878
0.021488646178799663
-0.003624721168159239
-0.02555203142172808
-0.04461566082252769
-0.0682847343650822
0.009305628991062374
-0.04750188161512421
-0.019459733877590035
-0.017034833849248286
-0.010375056515272145
-0.027300383600991008
-0.04467324182734752
-0.03518251976366587
-0.02210471766055411
-0.04822611630297195
-0.031582944420410757
-0.04366197654094544
-0.033453650170570996
-0.04832281077602979
0.019232853972900536
-0.003624721168159239
0.008957594976096448
-0.04513960501323168
-0.023067158148699175
-0.025086173967029984
-0.06109676282881861
-0.02042371765586326
-0.025086173967029984
-0.007924692828380172
-0.031137363282297
0.008957594976096448
-0.012317349230032788
-0.012991613485634351
-0.017034833849248286
0.008957594976096448
-0.003624721168159239
-0.011861678620686452
-0.019453427904090846
-0.04116792525088013
-0.03480307371129224
-0.008178418677290055
-0.007924692828380172
-0.023067158148699175
-0.02300478708072335
-0.02525867468987878
0.0022616177253040027
0.019232853972900536
-0.0682847343650822
-0.04890746137894658
-0.0022191290159062267
0.004945741824036789
-0.02525867468987878
-0.0028004125134837997
0.02422111520740356
-0.015388157139224264
-0.004450606064225458
0.004459246853539033
-0.01713033971293019
-0.022176639073921856
0.0008409832347727844
0.004459246853539033
-0.01722139724525858
-0.03364033862029761
-0.01597886994108846
-0.03173314173759226
-0.01967601642467175
-0.021977988605490564
0.03277780696459005
-0.02345334258997912
-0.014372789492825423
0.03661030024854677
-0.010176095993525579
-0.008942683153646281
-0.03173314173759226
-0.04467324182734752
0.015914971449373466
-0.020857460494545732
-0.03173314173759226
-0.032494113874613914
-0.01722139724525858
-0.014297388981521341
0.025789843559193403
-0.02042371765586326
-0.026392444106398474
-0.018004640099038714
-0.04832281077602979
-0.0036848650714632514
-0.026392444106398474
-0.010176095993525579
-0.02300478708072335
-0.03480307371129224
-0.007607941970267514
-0.031137363282297
-0.02210471766055411
-0.005874607156248107
-0.026630730454564867
-0.021188000977341803
-0.023457826827287743
0.002835544557002096
-0.0013448312212492235
-0.01597886994108846
-0.014372789492825423
-0.015064243843751424
-0.02210471766055411
-0.003423423954181166
-0.027300383600991008
-0.01626976054966004
-0.004822072575395094
-0.01658921500908942
-0.01789575310670355
-0.02217147856110572
-0.01786947369980889
0.013019431488464319
-0.004822072575395094
0.021488646178799663
-0.02525867468987878
-0.0031428225688675876
-0.011522186215040146
0.012516994567871914
-0.01789575310670355
-0.029485811153719503
-0.008178418677290055
0.0008409832347727844
-0.005612008079268127
-0.012398909662170523
-0.025270787045252926
-0.06109676282881861
0.009305628991062374
-0.011861678620686452
-0.004049381849849895
-0.03364033862029761
-0.021188000977341803
-0.02555203142172808
-0.01967601642467175
0.0008409832347727844
-0.027300383600991008
0.022827822725438957
-0.04750188161512421
-0.012179831859642285
0.002835544557002096
0.019232853972900536
-0.0031428225688675876
-0.03484472544336702
0.016147832752795854
-0.05516557456260472
-0.026392444106398474
-0.033453650170570996
-0.004450606064225458
-0.01658921500908942
-0.039272152641657065
-0.018004640099038714
-0.04890746137894658
-0.021324578454082938
-0.019459733877590035
-0.03480307371129224
-0.01047935750569197
-0.014372789492825423
-0.04141851520366325
-0.007032752284687994
-0.033453650170570996
-0.0073508731894197585
-0.014372789492825423
0.0008409832347727844
-0.010708255010271884
-0.003502702254668756
-0.0013448312212492235
-0.04890746137894658
-0.04016523765048356
-0.03753602810516606
-0.0013718046478560077
-0.04513960501323168
-0.015435842708969593
-0.014606164083849918
-0.028448259415385542
-0.04076175247069693
-0.02345334258997912
-0.009528947590490269
-0.01601106682457886
0.021488646178799663
-0.006526358909655208
-0.008773208415981382
-0.04366197654094544
-0.021977988605490564
-0.01658921500908942
-0.008942683153646281
-0.011161954339823657
-0.012398909662170523
-0.039272152641657065
-0.006526358909655208
0.0018497178800884813
-0.014372789492825423
-0.039272152641657065
-0.011522186215040146
-0.007924692828380172
-0.015435842708969593
-0.010375056515272145
0.03277780696459005
0.015914971449373466
0.025789843559193403
-0.03484472544336702
-0.014372789492825423
0.009305628991062374
-0.0066377141907456244
-0.004361214786300934
-0.025086173967029984
-0.04832281077602979
-0.005612008079268127
-0.004049381849849895
-0.003423423954181166
-0.02210471766055411
-0.0028004125134837997
0.030440977571986653
-0.021324578454082938
0.025789843559193403
-0.022176639073921856
-0.023067158148699175
-0.004361214786300934
-0.033090416365645026
-0.010708255010271884
-0.010708255010271884
-0.001482825549000189
-0.0028004125134837997
0.009901135613586012
-0.012398909662170523
-0.027300383600991008
-0.03753602810516606
-0.015435842708969593
0.021488646178799663
-0.022420968448265105
0.004459246853539033
-0.04832331148442404
-0.023067158148699175
-0.007190878477938405
-0.022420968448265105
-0.06649699172513365
-0.026630730454564867
-0.015388157139224264
0.013802242548881904
-0.08334513771457941
-0.011522186215040146
-0.02217147856110572
-0.015064243843751424
-0.015388157139224264
-0.004361214786300934
-0.007032752284687994
-0.012179831859642285
-0.04832331148442404
0.015914971449373466
0.004945741824036789
-0.014372789492825423
0.00679729771366483
-0.008322139748900437
0.012516994567871914
-0.019453427904090846
-0.007607941970267514
-0.04513960501323168
-0.013934620996264042
-0.03173314173759226
-0.0022107225955401042
0.0008409832347727844
-0.027300383600991008
-0.025270787045252926
-0.004450606064225458
0.0035897260620121685
-0.007879813496334608
-0.04832331148442404
-0.03269963368024911
-0.003624721168159239
-0.023457826827287743
-0.019459733877590035
-0.01967601642467175
-0.008322139748900437
-0.018004640099038714
-0.02345334258997912
-0.018489063133804443
-0.023067158148699175
-0.043656214137745245
-0.032494113874613914
-0.007607941970267514
0.009901135613586012
0.002835544557002096
0.02422111520740356
0.030440977571986653
-0.039272152641657065
-0.012317349230032788
-0.008178418677290055
0.0027574662998496374
-0.007032752284687994
-0.012991613485634351
-0.008322139748900437
-0.03518251976366587
-0.032494113874613914
-0.0028647125669623986
0.02422111520740356
-0.005763439789998257
-0.01789575310670355
-0.03484472544336702
-0.02042371765586326
0.009901135613586012
-0.022176639073921856
-0.03480307371129224
-0.018004640099038714
-0.019453427904090846
-0.0073508731894197585
0.0008409832347727844
0.004945741824036789
-0.02525867468987878
0.012516994567871914
-0.023067158148699175
-0.03480307371129224
-0.0056677749974089
-0.03269963368024911
-0.007924692828380172
-0.015435842708969593
-0.02555203142172808
-0.01888129764601398
-0.009528947590490269
-0.004450606064225458
-0.05516557456260472
0.0018497178800884813
-0.015435842708969593
-0.0022191290159062267
-0.0056677749974089
-0.033090416365645026
0.008994896466832162
0.013802242548881904
0.0022616177253040027
-0.01967601642467175
0.00679729771366483
-0.026630730454564867
-0.04467324182734752
-0.006526358909655208
0.03277780696459005
-0.008942683153646281
-0.0036848650714632514
-0.0022107225955401042
-0.014606164083849918
0.020943520878521783
0.016147832752795854
-0.02210471766055411
-0.026555254766814952
0.009901135613586012
-0.04513960501323168
-0.008773208415981382
-0.009528947590490269
0.025789843559193403
-0.007607941970267514
-0.03269963368024911
-0.0028004125134837997
-0.01793009075102793
0.013019431488464319
-0.011161954339823657
-0.023067158148699175
0.016147832752795854
-0.04750188161512421
-0.04832281077602979
-0.0022107225955401042
-0.020669138880160986
-0.02210471766055411
-0.06109676282881861
-0.02300478708072335
0.02422111520740356
-0.0028004125134837997
-0.016218169787710283
-0.012179831859642285
-0.04076175247069693
-0.0013718046478560077
-0.005874607156248107
-0.0073508731894197585
0.006799394994250654
-0.03364033862029761
-0.018489063133804443
-0.031579193101241715
0.0008409832347727844
-0.026392444106398474
-0.01722139724525858
-0.04832281077602979
-0.005874607156248107
-0.004049381849849895
0.003994663119085606
-0.031582944420410757
-0.02525867468987878
-0.008322139748900437
-0.019453427904090846
-0.01967601642467175
0.008957594976096448
0.003196957938317621
-0.023457826827287743
0.025789843559193403
-0.021977988605490564
-0.04016523765048356
-0.005763439789998257
-0.016218169787710283
-0.022176639073921856
-0.0113614521406247
-0.019453427904090846
-0.003423423954181166
-0.006612368579913924
-0.04890746137894658
-0.03484472544336702
-0.007879813496334608
-0.02042371765586326
-0.013530044537163081
-0.04513960501323168
-0.032494113874613914
-0.02217147856110572
-0.026338757588263883
0.021488646178799663
-0.005763439789998257
-0.01658921500908942
-0.020857460494545732
-0.00320974051953281
-0.0056677749974089
-0.012179831859642285
-0.006612368579913924
-0.033453650170570996
-0.012398909662170523
-0.02345334258997912
-0.03364033862029761
0.003994663119085606
-0.01722139724525858
-0.004892369956412086
-0.031137363282297
-0.013846092354474216
0.022827822725438957
-0.010403684546398407
0.012516994567871914
-0.013846092354474216
-0.021324578454082938
-0.03753602810516606
-0.01789575310670355
-0.01888129764601398
0.022827822725438957
-0.014606164083849918
-0.016218169787710283
-0.015064243843751424
0.0022616177253040027
-0.02300478708072335
-0.017034833849248286
-0.026555254766814952
-0.01722139724525858
-0.043336542753347675
-0.0073508731894197585
-0.043656214137745245
0.022827822725438957
0.0027574662998496374
0.010617160225943613
0.004459246853539033
-0.003502702254668756
-0.04832331148442404
-0.012179831859642285
-0.008178418677290055
0.022827822725438957
-0.010176095993525579
-0.019453427904090846
-0.03364033862029761
-0.012398909662170523
0.0018497178800884813
-0.013846092354474216
0.00679729771366483
-0.021977988605490564
-0.027091807966094658
-0.020857460494545732
-0.0028004125134837997
-0.009528947590490269
0.03277780696459005
-0.031579193101241715
-0.013934620996264042
-0.012991613485634351
-0.001482825549000189
-0.0013718046478560077
-0.042381623210732605
-0.022420968448265105
-0.006526358909655208
-0.007032752284687994
-0.04750188161512421
0.006799394994250654
-0.033453650170570996
-0.023067158148699175
-0.001482825549000189
-0.01793009075102793
-0.0281156589994706
-0.0682847343650822
-0.02345334258997912
-0.02042371765586326
-0.012179831859642285
-0.013530044537163081
-0.015287018948720914
-0.028448259415385542
-0.020857460494545732
-0.027300383600991008
-0.0036848650714632514
0.004459246853539033
-0.004892369956412086
-0.03269963368024911
-0.04513960501323168
-0.015388157139224264
0.021488646178799663
-0.02217147856110572
-0.028448259415385542
-0.008742096551677278
0.009305628991062374
-0.012317349230032788
-0.012317349230032788
-0.043336542753347675
