-0.007267021921246553
0.04007842661145438
-0.010013429331492584
0.00943507084658427
-0.010429507699069585
-0.027699179395617942
-0.022176176704314352
0.1414912939143197
0.028544315205206144
-0.023443816380377687
-0.002951871846770156
-0.012672417494524933
-0.030953564379649235
-0.00021979423326999665
-0.01155064372541684
-0.0038115366765798346
0.0028047833344232186
0.002568460927989781
-0.0066567665465044135
-0.019509132810259084
-0.0038115366765798346
-0.02114523377550727
-0.014012084472477615
-0.052052301277072506
0.0026632808131349063
-0.03514445843340819
-0.02114523377550727
-0.0031626227944006303
0.01831994067397364
-0.008102213258720991
-0.03514445843340819
-0.014848185957616703
-0.005718928621170615
-0.023652235373578554
-0.0394551555691335
0.0016676403993397299
-0.018594857944454993
-0.010579857832796495
-0.02232470902627878
-0.008236161273359174
-0.044950266693520424
-0.01621780237079927
-0.023652235373578554
-0.024532250871524136
-0.0014749769340902088
-0.023865047709480936
-0.009153962006470557
-0.018415042098809255
-0.06225823852503569
0.01621562697991172
-0.005718928621170615
-0.0066567665465044135
0.02071849232715897
-0.0293284859316989
0.03903482154668931
-0.020461692776447955
-0.01001735351531092
0.002662083177469949
1.0409835315422383e-05
0.0016676403993397299
-0.0029619873889973297
-0.020037127745676887
0.013002973852760388
-0.01125245453314989
-0.017815473520415622
0.0029214397009246136
0.016107521992329003
-0.010579857832796495
-0.019509132810259084
-0.06225823852503569
-0.020037127745676887
-0.020071533074697896
-0.0066567665465044135
-0.019219757585958466
-0.015268692517855198
-0.011335288354630393
-0.011490750284800918
-0.02880709949893075
-0.01621780237079927
-0.01616406027639283
-0.014479954994441735
-0.024532250871524136
-0.027699179395617942
-0.027125759326345592
-0.006465094440123746
-0.014848185957616703
-0.052052301277072506
0.014040089358857765
-0.010579857832796495
-0.009093030475711122
-0.014255885603113094
-0.016844766309664996
-0.034314873538596725
-0.008373866568767303
-0.02114523377550727
-0.020035382456808255
-0.014255885603113094
-0.028942201545817448
-0.010707375505176355
-0.017683676340384077
0.012286106103848822
-0.0671920375606616
-0.0020619304074210574
1.0409835315422383e-05
-0.010707375505176355
-0.0038115366765798346
-0.03696184722849555
-0.007444181473608675
-0.028942201545817448
-0.014012084472477615
-0.027125759326345592
-0.0016469082280276296
-0.02967682418267146
0.00546299654290965
-0.020035382456808255
-0.03901322938282997
-0.008572660853193774
-0.030953564379649235
-0.0200555754333742
-0.03901322938282997
-0.0015065347668649974
0.013002973852760388
-0.012672417494524933
0.0028047833344232186
-0.0293284859316989
-0.012672417494524933
-0.028942201545817448
-0.017683676340384077
-0.008102213258720991
-0.03261732603782553
-0.018415042098809255
-0.019509132810259084
-0.020071533074697896
-0.0671920375606616
-0.026499540512446497
-0.008236161273359174
-0.0020619304074210574
0.007599079966206583
-0.01217758935473216
-0.044950266693520424
-0.011201193068594505
-0.009706046834608168
-0.02237256286876287
0.0018814744686875492
-0.01125245453314989
-0.0200555754333742
-0.014515393841594056
0.00943507084658427
-0.0394551555691335
0.04007842661145438
-0.011490750284800918
-0.009153962006470557
0.012286106103848822
0.010303894427915444
0.0026632808131349063
0.006975991511851311
-0.0394551555691335
-0.014479954994441735
-0.027125759326345592
-0.01001735351531092
-0.023865047709480936
-0.007267021921246553
-0.014012084472477615
-0.008373866568767303
0.002662083177469949
-0.0025797763258352566
-0.052052301277072506
1.1976760856247992e-05
-0.007267021921246553
-0.002951871846770156
-0.01155064372541684
-0.017815473520415622
-0.010013429331492584
1.1976760856247992e-05
-0.0038115366765798346
0.007924972829178903
0.03903482154668931
-0.02114523377550727
-0.01621780237079927
-0.014515393841594056
-0.0038115366765798346
0.007599079966206583
-0.00591407229081244
-0.03696184722849555
-0.019219757585958466
-0.01621780237079927
-0.019219757585958466
0.02071849232715897
-0.008572660853193774
-0.0293284859316989
-0.06225823852503569
-0.010416692168264687
0.0018814744686875492
-0.018594857944454993
-0.0048525548618949844
-0.0012194829271816043
0.013986845326211146
-0.01656072398655065
-0.019219757585958466
-0.020071533074697896
0.007924972829178903
0.016107521992329003
-0.02232470902627878
-0.007267021921246553
-0.02065202346820141
-0.01656072398655065
-0.04134693852561439
-0.01983576602815197
-0.02065202346820141
-0.019509132810259084
-0.03766956120661275
-0.014848185957616703
-0.011490750284800918
0.016564346534747528
-0.030953564379649235
-0.009153962006470557
-0.03514445843340819
-0.020035382456808255
-0.01125245453314989
0.0018195489642446338
-0.006444356771257845
0.0028047833344232186
-0.04168952808740674
-0.06225823852503569
-0.02065202346820141
-0.008102213258720991
-0.006484849145248812
-0.031178740009274616
-0.01983576602815197
-0.0031626227944006303
-0.023865047709480936
-0.010416692168264687
-0.022311907493169823
-0.0671920375606616
-0.011490750284800918
0.002568460927989781
0.0029214397009246136
-0.0066118391627249815
-0.03696184722849555
-0.024532250871524136
-0.0200555754333742
-0.004026825530444839
-0.03610783021453821
-0.019785795238006942
-0.013069850477212396
-0.04168952808740674
-0.023443816380377687
0.011682528406674744
-0.03901322938282997
0.0018195489642446338
0.05718565050431459
0.0026632808131349063
-0.011301225749461359
0.0018814744686875492
1.1976760856247992e-05
-0.022176176704314352
-0.018415042098809255
0.0028047833344232186
1.1976760856247992e-05
0.007924972829178903
0.006975991511851311
-0.01109780411657046
-0.023652235373578554
-0.027125759326345592
-0.012672417494524933
-0.023443816380377687
-0.020240534156682387
0.005596355914758607
0.011682528406674744
-0.008102213258720991
0.0018195489642446338
-0.019219757585958466
-0.027699179395617942
-0.019509132810259084
0.0029214397009246136
0.04007842661145438
-0.009093030475711122
-0.019219757585958466
-0.013069850477212396
-0.039444231848386115
0.04007842661145438
-0.0394551555691335
-0.0014749769340902088
-0.016688652925076312
-0.0066118391627249815
0.014040089358857765
-0.014012084472477615
0.014040089358857765
-0.008102213258720991
-0.016844766309664996
-0.022287124579941517
-0.010707375505176355
-0.020776732304347578
-0.006598853275026936
-0.010707375505176355
-0.02880709949893075
-0.031178740009274616
-0.01656072398655065
-0.00591407229081244
-0.006484849145248812
-0.0293284859316989
-0.0394551555691335
-0.01983576602815197
-0.014807329771700115
0.017640942420894385
0.010303894427915444
-0.01656072398655065
-0.014479954994441735
-0.01656072398655065
-0.008236161273359174
0.00546299654290965
-0.011301225749461359
-0.023865047709480936
0.0008385659766994961
-0.017683676340384077
0.0029214397009246136
0.014040089358857765
-0.0671920375606616
-0.02065202346820141
0.00693882073753803
-0.04168952808740674
-0.010579857832796495
-0.0394551555691335
0.005430442796296027
-0.04134693852561439
-0.020461692776447955
-0.010429507699069585
0.005329779733538185
0.01621562697991172
0.02071849232715897
0.010303894427915444
-0.027125759326345592
0.04007842661145438
1.0409835315422383e-05
0.013986845326211146
-0.00591407229081244
-0.011490750284800918
-0.004124438319715921
-0.020240534156682387
-0.0394551555691335
0.028544315205206144
-0.005718928621170615
-0.014515393841594056
-0.015525887364449334
-0.017683676340384077
-0.04168952808740674
-0.005718928621170615
0.04007842661145438
-0.02114523377550727
-0.007444181473608675
-0.00591407229081244
-0.023652235373578554
-0.009153962006470557
-0.007267021921246553
-0.01616406027639283
0.01831994067397364
-0.02237256286876287
-0.0016469082280276296
-0.03514445843340819
-0.01983576602815197
0.005248531271778115
0.010303894427915444
-0.02065202346820141
-0.0029619873889973297
-0.022311907493169823
-0.006484849145248812
0.017640942420894385
-0.0038115366765798346
0.002662083177469949
-0.02237256286876287
-0.014848185957616703
0.010303894427915444
-0.03800562223503904
0.0016676403993397299
-0.0012194829271816043
-0.02232470902627878
-0.015268692517855198
-0.011335288354630393
-0.010579857832796495
-0.007444181473608675
-0.02967682418267146
-0.014479954994441735
-0.010707375505176355
-0.00015472698973930096
0.012286106103848822
-0.018258761599095154
-0.011490750284800918
-0.008572660853193774
-0.01109780411657046
0.007599079966206583
-0.020037127745676887
-0.014848185957616703
-0.019509132810259084
-0.020461692776447955
-0.0016469082280276296
-0.0200555754333742
0.002568460927989781
0.0008385659766994961
-0.03261732603782553
-0.03611073257705671
-0.018594857944454993
-0.01491597388271187
0.01621562697991172
-0.010416692168264687
-0.0671920375606616
0.00943507084658427
-0.00591407229081244
-0.0394551555691335
-0.01155064372541684
-0.004124438319715921
-0.018258761599095154
-0.03611073257705671
0.016107521992329003
0.013002973852760388
-0.018540954710692573
-0.009153962006470557
-0.018415042098809255
-0.024775854074694514
1.0409835315422383e-05
-0.014255885603113094
0.00693882073753803
0.00693882073753803
-0.020461692776447955
0.016564346534747528
-0.052052301277072506
-0.0200555754333742
-0.006598853275026936
-0.03281782772477013
-0.023443816380377687
-0.004026825530444839
-0.00591407229081244
-0.020035382456808255
-0.03800562223503904
-0.027699179395617942
-0.06225823852503569
-0.04134693852561439
-0.016179110918705112
-0.04168952808740674
-0.023865047709480936
-0.012672417494524933
-0.03261732603782553
0.007947833088592812
-0.0029619873889973297
-0.0016469082280276296
-0.014807329771700115
-0.0012194829271816043
-0.019219757585958466
-0.020240534156682387
-0.015268692517855198
-0.019509132810259084
-0.014716300654747263
-0.00015472698973930096
-0.0038115366765798346
-0.02114523377550727
-0.01125245453314989
-0.0066567665465044135
-0.02065202346820141
0.01621562697991172
-0.0671920375606616
-0.008373866568767303
-0.06225823852503569
-0.008236161273359174
-0.031178740009274616
-0.01491597388271187
-0.0066118391627249815
-0.015525887364449334
-0.0014749769340902088
-0.016844766309664996
-0.0671920375606616
-0.022311907493169823
-0.020461692776447955
-0.017815473520415622
-0.0394551555691335
-0.015525887364449334
-0.0014749769340902088
-0.020037127745676887
-0.03901322938282997
-0.03514445843340819
-0.010707375505176355
-0.006484849145248812
0.002662083177469949
0.1414912939143197
-0.052052301277072506
-0.06932781352437882
-0.005718928621170615
-0.007267021921246553
-0.026499540512446497
-0.00015472698973930096
-0.006465094440123746
0.007599079966206583
-0.04168952808740674
-0.011335288354630393
-0.009706046834608168
0.013002973852760388
-0.019785795238006942
-0.0029619873889973297
-0.03261732603782553
-0.0671920375606616
-0.016179110918705112
-0.00015472698973930096
0.03903482154668931
-0.020240534156682387
-0.0016469082280276296
-0.00015472698973930096
-0.011201193068594505
0.03903482154668931
0.005329779733538185
0.006975991511851311
0.014040089358857765
-0.023865047709480936
-0.03901322938282997
-0.0014749769340902088
-0.02880709949893075
-0.03281782772477013
-0.039444231848386115
-0.030953564379649235
-0.011490750284800918
-0.019785795238006942
-0.00591407229081244
-0.031178740009274616
-0.0394551555691335
-0.00021979423326999665
-0.009093030475711122
0.012286106103848822
-0.020037127745676887
0.059945561768152765
-0.019219757585958466
-0.02232470902627878
-0.008102213258720991
-0.00591407229081244
-0.010429507699069585
-0.014716300654747263
-0.019785795238006942
0.005131790745591119
-0.03901322938282997
0.002568460927989781
-0.022311907493169823
-0.0293284859316989
1.0409835315422383e-05
-0.008102213258720991
-0.014716300654747263
-0.008373866568767303
-0.030953564379649235
-0.0200555754333742
-0.02114523377550727
0.016564346534747528
0.012286106103848822
-0.00015472698973930096
-0.00015472698973930096
-0.03281782772477013
-0.024775854074694514
-0.018415042098809255
0.059945561768152765
0.00943507084658427
0.007924972829178903
0.0028047833344232186
-0.020776732304347578
-0.020071533074697896
-0.044950266693520424
-0.014716300654747263
-0.022311907493169823
0.007599079966206583
-0.009093030475711122
-0.007267021921246553
-0.018540954710692573
0.0028047833344232186
-0.010013429331492584
0.012286106103848822
-0.016179110918705112
-0.020035382456808255
-0.01656072398655065
-0.00015472698973930096
-0.011201193068594505
0.059945561768152765
-0.00015472698973930096
-0.011490750284800918
0.005596355914758607
0.00943507084658427
-0.02237256286876287
-0.016688652925076312
-0.03281782772477013
-0.013069850477212396
-0.013069850477212396
0.00693882073753803
0.0026632808131349063
-0.018540954710692573
-0.005718928621170615
-0.03610783021453821
-0.039444231848386115
0.002568460927989781
-0.0020619304074210574
-0.004124438319715921
0.013986845326211146
0.013875145885301093
0.017640942420894385
-0.005718928621170615
-0.009093030475711122
-0.02880709949893075
0.04007842661145438
-0.0066118391627249815
0.0029214397009246136
-0.007444181473608675
-0.0015065347668649974
-0.009706046834608168
-0.007444181473608675
0.013986845326211146
0.00943507084658427
0.011682528406674744
0.01621562697991172
-0.018594857944454993
-0.008373866568767303
-0.004124438319715921
-0.009093030475711122
0.005430442796296027
0.0028047833344232186
-0.014848185957616703
-0.008732378419786975
-0.01001735351531092
-0.010013429331492584
0.0008385659766994961
0.007924972829178903
0.012286106103848822
0.0018195489642446338
-0.014848185957616703
-0.012058246757163408
0.0016676403993397299
-0.012058246757163408
-0.009093030475711122
-0.06225823852503569
-0.026499540512446497
-0.00591407229081244
0.005329779733538185
-0.0012194829271816043
0.002662083177469949
0.0028047833344232186
-0.03766956120661275
-0.06225823852503569
-0.01001735351531092
0.007947833088592812
-0.0025797763258352566
0.0018195489642446338
-0.016844766309664996
0.013986845326211146
-0.012672417494524933
-0.004124438319715921
0.017640942420894385
-0.009153962006470557
0.005596355914758607
-0.01155064372541684
-0.016844766309664996
-0.008236161273359174
-0.008572660853193774
-0.022311907493169823
-0.03610783021453821
-0.014515393841594056
-0.012058246757163408
-0.023443816380377687
0.007947833088592812
0.059945561768152765
-0.02967682418267146
-0.02065202346820141
-0.014515393841594056
-0.027125759326345592
0.002568460927989781
-0.0025797763258352566
-0.030953564379649235
-0.03261732603782553
-0.052052301277072506
0.016564346534747528
-0.008102213258720991
-0.018415042098809255
-0.010579857832796495
-0.024775854074694514
-0.02114523377550727
-0.020071533074697896
-0.0029619873889973297
-0.01155064372541684
-0.009706046834608168
-0.052052301277072506
-0.04168952808740674
0.005430442796296027
-0.0025797763258352566
-0.0066118391627249815
-0.0029619873889973297
-0.007267021921246553
-0.020071533074697896
0.016564346534747528
0.002662083177469949
-0.011490750284800918
-0.0671920375606616
-0.012672417494524933
0.02071849232715897
0.007599079966206583
-0.01125245453314989
-0.019219757585958466
-0.04134693852561439
-0.01125245453314989
-0.008732378419786975
-0.02880709949893075
0.012286106103848822
0.004781631364253306
0.005329779733538185
-0.01491597388271187
0.005248531271778115
0.016564346534747528
0.05718565050431459
0.005596355914758607
-0.014515393841594056
-0.006598853275026936
-0.016179110918705112
-0.02237256286876287
-0.020461692776447955
-0.02232470902627878
0.04007842661145438
0.02071849232715897
-0.022287124579941517
0.00693882073753803
-0.023652235373578554
-0.019509132810259084
-0.017683676340384077
-0.0200555754333742
-0.01616406027639283
0.059945561768152765
0.002568460927989781
-0.01125245453314989
0.002662083177469949
0.0029214397009246136
0.028544315205206144
-0.007444181473608675
-0.0200555754333742
-0.022311907493169823
-0.01217758935473216
-0.027699179395617942
-0.03766956120661275
-0.006484849145248812
0.011682528406674744
-0.03696184722849555
-0.010416692168264687
-0.017815473520415622
-0.023443816380377687
-0.008102213258720991
0.028544315205206144
-0.018258761599095154
-0.010707375505176355
-0.020240534156682387
-0.016844766309664996
-0.01217758935473216
-0.02293167165233394
0.016564346534747528
-0.024775854074694514
0.007599079966206583
0.01831994067397364
0.016564346534747528
-0.02967682418267146
-0.007267021921246553
-0.013069850477212396
-0.019219757585958466
-0.02967682418267146
0.005248531271778115
-0.009706046834608168
-0.004026825530444839
-0.009153962006470557
0.016564346534747528
-0.00591407229081244
-0.010013429331492584
0.1414912939143197
-0.010707375505176355
-0.03281782772477013
-0.0671920375606616
-0.018415042098809255
0.0008385659766994961
-0.016688652925076312
-0.031178740009274616
-0.028942201545817448
-0.020240534156682387
-0.010579857832796495
-0.022176176704314352
-0.026499540512446497
-0.0066567665465044135
-0.0293284859316989
0.04007842661145438
-0.016688652925076312
-0.017815473520415622
-0.0066118391627249815
-0.018540954710692573
0.02071849232715897
0.0028047833344232186
-0.020035382456808255
-0.005718928621170615
-0.014479954994441735
0.007599079966206583
-0.017815473520415622
-0.034314873538596725
-0.024842232854626882
-0.009093030475711122
-0.011301225749461359
-0.00591407229081244
-0.006444356771257845
-0.06932781352437882
0.016564346534747528
-0.0029619873889973297
-0.01217758935473216
0.00546299654290965
-0.03611073257705671
-0.02237256286876287
-0.03800562223503904
0.04007842661145438
-0.023443816380377687
-0.019509132810259084
0.0018195489642446338
-0.007267021921246553
0.007599079966206583
-0.0014749769340902088
-0.006444356771257845
-0.04134693852561439
-0.018540954710692573
0.00693882073753803
-0.016179110918705112
-0.008732378419786975
0.002662083177469949
-0.004124438319715921
-0.0200555754333742
-0.01217758935473216
-0.018258761599095154
-0.02232470902627878
-0.03901322938282997
0.005430442796296027
-0.027125759326345592
-0.020240534156682387
-0.026499540512446497
0.005248531271778115
0.007924972829178903
-0.024775854074694514
0.1414912939143197
-0.03610783021453821
-0.0031626227944006303
-0.022176176704314352
-0.01983576602815197
-0.024532250871524136
-0.006598853275026936
-0.016179110918705112
-0.01983576602815197
-0.03281782772477013
-0.01621780237079927
-0.052052301277072506
-0.03514445843340819
-0.03800562223503904
0.005430442796296027
-0.005718928621170615
-0.01125245453314989
0.005131790745591119
-0.011335288354630393
-0.02967682418267146
0.006975991511851311
0.007599079966206583
-0.02967682418267146
-0.026499540512446497
-0.052052301277072506
-0.0394551555691335
-0.00021979423326999665
-0.010429507699069585
0.0028047833344232186
-0.020035382456808255
0.002568460927989781
-0.010707375505176355
-0.0038115366765798346
-0.019219757585958466
-0.02065202346820141
-0.023443816380377687
-0.002951871846770156
-0.023443816380377687
-0.014848185957616703
-0.016688652925076312
0.00943507084658427
0.0018814744686875492
-0.0671920375606616
-0.026499540512446497
-0.0031626227944006303
-0.02967682418267146
0.01621562697991172
-0.014807329771700115
-0.03611073257705671
-0.011335288354630393
0.006975991511851311
-0.0671920375606616
-0.007444181473608675
-0.0016469082280276296
-0.00021979423326999665
-0.01491597388271187
0.013986845326211146
-0.01983576602815197
0.013002973852760388
0.01621562697991172
-0.018594857944454993
-0.0394551555691335
-0.020776732304347578
0.1414912939143197
-0.031178740009274616
-0.0031626227944006303
0.0028047833344232186
-0.019219757585958466
0.005329779733538185
-0.020035382456808255
-0.010707375505176355
-0.014882245062755614
-0.009706046834608168
-0.016179110918705112
-0.016179110918705112
-0.013069850477212396
-0.018540954710692573
-0.06932781352437882
-0.008732378419786975
-0.01125245453314989
-0.020240534156682387
0.005430442796296027
-0.014848185957616703
0.016564346534747528
-0.020037127745676887
-0.02065202346820141
-0.007444181473608675
-0.03496176093485965
-0.0394551555691335
-0.02880709949893075
-0.01616406027639283
-0.018540954710692573
-0.0025797763258352566
0.006975991511851311
0.010303894427915444
-0.015268692517855198
-0.008102213258720991
-0.024842232854626882
-0.015525887364449334
-0.01656072398655065
-0.01616406027639283
-0.02237256286876287
-0.020461692776447955
-0.0025797763258352566
-0.024775854074694514
0.0018814744686875492
-0.014882245062755614
-0.019509132810259084
-0.01616406027639283
0.007599079966206583
0.016564346534747528
0.0028047833344232186
-0.0394551555691335
-0.03514445843340819
0.004781631364253306
-0.0066118391627249815
-0.014807329771700115
-0.010579857832796495
-0.020461692776447955
-0.014882245062755614
0.00546299654290965
-0.014012084472477615
0.005248531271778115
-0.024532250871524136
-0.02114523377550727
0.005430442796296027
-0.01125245453314989
-0.0048525548618949844
0.02071849232715897
-0.06225823852503569
0.005596355914758607
0.016564346534747528
-0.02880709949893075
0.016107521992329003
-0.018415042098809255
-0.04168952808740674
-0.0394551555691335
-0.019785795238006942
-0.03901322938282997
-0.0025797763258352566
0.005248531271778115
-0.03610783021453821
0.007599079966206583
0.0026632808131349063
-0.020071533074697896
-0.0020619304074210574
-0.052052301277072506
-0.020071533074697896
-0.0031626227944006303
-0.03610783021453821
-0.02293167165233394
-0.01616406027639283
-0.06225823852503569
-0.03610783021453821
0.005248531271778115
0.05718565050431459
0.03903482154668931
-0.01621780237079927
-0.0031626227944006303
0.0026632808131349063
-0.0200555754333742
0.00546299654290965
-0.031178740009274616
-0.0025797763258352566
0.005430442796296027
-0.020776732304347578
1.0409835315422383e-05
