-0.0023309193236468566
-0.01316222644489963
-0.004802392350118161
-0.005113067450539913
0.016344937868523327
-0.004802392350118161
-0.0027746775080926852
-0.019128117211612516
-0.0015878847630918982
-0.014124337319329616
-0.012683834826881934
-0.018270770043670562
-0.02476675354208633
-0.04443002423787846
-0.019128117211612516
-0.004802392350118161
-0.01316222644489963
-0.009849260130997371
-0.008159493054912937
-0.009849260130997371
-0.01154028682223664
0.008022243583650012
-0.004208593742837568
-0.004208593742837568
-0.019128117211612516
-0.01154028682223664
0.008022243583650012
-0.0403453026215682
-0.0403453026215682
-0.0023309193236468566
-0.02476675354208633
-0.008159493054912937
0.005336187538353153
-0.013525673137443487
0.016344937868523327
-0.009849260130997371
-0.006935347215537814
-0.01316222644489963
-0.0023309193236468566
-0.04443002423787846
-0.013525673137443487
-0.0276363328612933
-0.013525673137443487
-0.04443002423787846
0.005336187538353153
-0.0023309193236468566
-0.01728406579474686
0.016344937868523327
-0.017302093193341
-0.04443002423787846
-0.01154028682223664
-0.018270770043670562
-0.006935347215537814
-0.0276363328612933
0.005336187538353153
-0.003945957346862093
-0.04443002423787846
-0.018270770043670562
-0.009849260130997371
-0.011069076960631459
-0.005113067450539913
-0.013525673137443487
-0.017302093193341
-0.011069076960631459
-0.013525673137443487
0.005336187538353153
-0.005113067450539913
-0.011069076960631459
-0.009849260130997371
-0.017302093193341
0.016344937868523327
-0.005113067450539913
-0.0015878847630918982
-0.018270770043670562
-0.017302093193341
-0.004802392350118161
-0.017302093193341
-0.003945957346862093
-0.01728406579474686
-0.005113067450539913
-0.0027746775080926852
-0.004802392350118161
-0.013525673137443487
-0.0015878847630918982
-0.01728406579474686
-0.008159493054912937
0.0031129549058867365
0.0031129549058867365
-0.018270770043670562
-0.012683834826881934
-0.0015878847630918982
0.005336187538353153
-0.04443002423787846
-0.01154028682223664
-0.013525673137443487
-0.014124337319329616
-0.004802392350118161
-0.0403453026215682
-0.003945957346862093
-0.004802392350118161
-0.014124337319329616
-0.014124337319329616
-0.005113067450539913
0.008022243583650012
-0.012683834826881934
-0.009849260130997371
-0.008159493054912937
-0.01728406579474686
-0.0403453026215682
-0.018270770043670562
-0.012683834826881934
-0.005113067450539913
-0.009849260130997371
-0.018270770043670562
-0.01154028682223664
-0.003945957346862093
-0.013525673137443487
0.0031129549058867365
0.0031129549058867365
-0.01154028682223664
-0.012683834826881934
-0.014124337319329616
-0.003945957346862093
-0.0403453026215682
-0.005113067450539913
-0.02476675354208633
-0.018270770043670562
-0.013525673137443487
-0.008159493054912937
-0.01728406579474686
-0.011069076960631459
-0.0276363328612933
-0.02476675354208633
0.005336187538353153
-0.01728406579474686
0.0031129549058867365
0.005336187538353153
-0.014124337319329616
-0.018270770043670562
-0.017302093193341
-0.0015878847630918982
-0.005113067450539913
-0.04443002423787846
-0.01316222644489963
-0.009849260130997371
-0.017302093193341
-0.0403453026215682
-0.0015878847630918982
-0.014124337319329616
0.008022243583650012
-0.017302093193341
-0.018270770043670562
-0.009849260130997371
-0.011069076960631459
0.0031129549058867365
0.0031129549058867365
-0.0023309193236468566
0.0031129549058867365
-0.019128117211612516
-0.02476675354208633
-0.004802392350118161
-0.013525673137443487
-0.005113067450539913
-0.0027746775080926852
-0.0023309193236468566
-0.017302093193341
-0.008159493054912937
-0.0015878847630918982
-0.0015878847630918982
-0.02476675354208633
-0.02476675354208633
0.0031129549058867365
-0.005113067450539913
-0.0403453026215682
-0.008159493054912937
-0.0015878847630918982
-0.0023309193236468566
-0.008159493054912937
0.005336187538353153
-0.008159493054912937
-0.0015878847630918982
-0.01154028682223664
-0.009849260130997371
-0.008159493054912937
0.008022243583650012
-0.019128117211612516
-0.02476675354208633
0.008022243583650012
-0.013525673137443487
0.0031129549058867365
-0.04443002423787846
0.008022243583650012
-0.012683834826881934
-0.019128117211612516
-0.04443002423787846
0.016344937868523327
-0.01154028682223664
0.008022243583650012
-0.01316222644489963
-0.02476675354208633
-0.009849260130997371
-0.005113067450539913
-0.01316222644489963
-0.01316222644489963
-0.014124337319329616
-0.004802392350118161
-0.0403453026215682
-0.014124337319329616
-0.018270770043670562
-0.01316222644489963
-0.004802392350118161
-0.0403453026215682
-0.04443002423787846
-0.01316222644489963
-0.0023309193236468566
-0.006935347215537814
-0.008159493054912937
-0.003945957346862093
-0.018270770043670562
-0.014124337319329616
0.008022243583650012
-0.003945957346862093
-0.013525673137443487
-0.01728406579474686
-0.019128117211612516
0.005336187538353153
-0.003945957346862093
-0.0027746775080926852
-0.017302093193341
-0.04443002423787846
-0.017302093193341
-0.006935347215537814
-0.0023309193236468566
-0.003945957346862093
-0.017302093193341
-0.008159493054912937
-0.003945957346862093
-0.003945957346862093
-0.008159493054912937
-0.006935347215537814
-0.013525673137443487
-0.0403453026215682
-0.009849260130997371
0.005336187538353153
-0.004802392350118161
-0.01154028682223664
-0.004208593742837568
-0.005113067450539913
-0.014124337319329616
-0.0403453026215682
-0.013525673137443487
-0.04443002423787846
-0.04443002423787846
0.0031129549058867365
-0.006935347215537814
-0.004208593742837568
-0.017302093193341
-0.019128117211612516
-0.005113067450539913
0.016344937868523327
-0.01154028682223664
0.008022243583650012
0.008022243583650012
-0.01154028682223664
-0.014124337319329616
-0.004208593742837568
-0.0023309193236468566
-0.01728406579474686
-0.0015878847630918982
-0.014124337319329616
-0.008159493054912937
-0.009849260130997371
-0.004208593742837568
-0.005113067450539913
-0.0027746775080926852
-0.003945957346862093
-0.04443002423787846
0.005336187538353153
0.005336187538353153
0.016344937868523327
-0.01728406579474686
-0.02476675354208633
-0.02476675354208633
-0.0023309193236468566
-0.003945957346862093
0.0031129549058867365
-0.014124337319329616
-0.004802392350118161
-0.019128117211612516
-0.01316222644489963
-0.005113067450539913
-0.02476675354208633
-0.008159493054912937
-0.009849260130997371
-0.017302093193341
-0.003945957346862093
-0.04443002423787846
-0.018270770043670562
-0.04443002423787846
-0.0015878847630918982
-0.0015878847630918982
-0.012683834826881934
-0.0023309193236468566
-0.005113067450539913
-0.012683834826881934
0.0031129549058867365
-0.005113067450539913
-0.018270770043670562
-0.0403453026215682
-0.01154028682223664
-0.0027746775080926852
-0.003945957346862093
-0.011069076960631459
-0.0276363328612933
-0.0023309193236468566
-0.009849260130997371
0.0031129549058867365
-0.01316222644489963
-0.04443002423787846
-0.004802392350118161
-0.018270770043670562
-0.013525673137443487
-0.006935347215537814
0.016344937868523327
-0.0403453026215682
-0.01728406579474686
-0.018270770043670562
-0.011069076960631459
0.0031129549058867365
-0.0023309193236468566
-0.013525673137443487
-0.013525673137443487
0.008022243583650012
-0.01316222644489963
0.005336187538353153
0.005336187538353153
-0.0027746775080926852
-0.01728406579474686
0.0031129549058867365
-0.004208593742837568
-0.004802392350118161
-0.004802392350118161
0.016344937868523327
-0.005113067450539913
-0.04443002423787846
-0.0015878847630918982
-0.0015878847630918982
-0.003945957346862093
-0.019128117211612516
-0.008159493054912937
-0.0023309193236468566
-0.02476675354208633
-0.01316222644489963
-0.0276363328612933
0.008022243583650012
-0.01154028682223664
-0.01316222644489963
0.016344937868523327
-0.014124337319329616
-0.005113067450539913
-0.006935347215537814
-0.01728406579474686
-0.013525673137443487
-0.01154028682223664
-0.004802392350118161
-0.012683834826881934
0.008022243583650012
-0.0023309193236468566
-0.012683834826881934
-0.0015878847630918982
-0.018270770043670562
-0.013525673137443487
-0.0015878847630918982
-0.01154028682223664
-0.018270770043670562
-0.018270770043670562
-0.019128117211612516
-0.0276363328612933
-0.013525673137443487
-0.0276363328612933
-0.009849260130997371
-0.04443002423787846
-0.017302093193341
-0.01154028682223664
0.016344937868523327
-0.01316222644489963
-0.01154028682223664
-0.0015878847630918982
-0.004208593742837568
-0.003945957346862093
0.005336187538353153
0.016344937868523327
-0.009849260130997371
-0.019128117211612516
-0.0023309193236468566
-0.0015878847630918982
-0.014124337319329616
-0.018270770043670562
-0.02476675354208633
-0.017302093193341
-0.01728406579474686
-0.04443002423787846
0.005336187538353153
-0.0023309193236468566
-0.0015878847630918982
-0.0027746775080926852
0.005336187538353153
-0.008159493054912937
-0.01316222644489963
-0.018270770043670562
-0.012683834826881934
-0.0015878847630918982
-0.013525673137443487
-0.0403453026215682
-0.006935347215537814
-0.012683834826881934
-0.005113067450539913
-0.02476675354208633
-0.005113067450539913
0.016344937868523327
0.005336187538353153
-0.006935347215537814
-0.01154028682223664
-0.004802392350118161
-0.013525673137443487
-0.011069076960631459
0.008022243583650012
-0.009849260130997371
-0.017302093193341
0.005336187538353153
-0.0403453026215682
-0.005113067450539913
-0.018270770043670562
-0.003945957346862093
0.005336187538353153
-0.009849260130997371
-0.02476675354208633
-0.004802392350118161
-0.008159493054912937
-0.014124337319329616
-0.008159493054912937
-0.0403453026215682
-0.04443002423787846
-0.003945957346862093
-0.0015878847630918982
-0.04443002423787846
-0.0403453026215682
-0.004802392350118161
-0.0023309193236468566
0.005336187538353153
-0.0015878847630918982
-0.04443002423787846
-0.009849260130997371
-0.013525673137443487
-0.04443002423787846
-0.005113067450539913
0.016344937868523327
-0.019128117211612516
0.016344937868523327
-0.018270770043670562
0.0031129549058867365
-0.004802392350118161
0.016344937868523327
-0.011069076960631459
-0.0403453026215682
-0.013525673137443487
-0.0027746775080926852
-0.02476675354208633
0.016344937868523327
0.0031129549058867365
-0.006935347215537814
-0.004208593742837568
-0.004802392350118161
-0.0027746775080926852
0.016344937868523327
-0.004208593742837568
0.008022243583650012
-0.01316222644489963
-0.014124337319329616
-0.006935347215537814
-0.0015878847630918982
-0.01154028682223664
-0.0015878847630918982
0.016344937868523327
-0.011069076960631459
0.005336187538353153
-0.0027746775080926852
0.016344937868523327
-0.004802392350118161
-0.006935347215537814
-0.0403453026215682
-0.009849260130997371
-0.0023309193236468566
-0.005113067450539913
-0.01316222644489963
-0.004802392350118161
-0.0015878847630918982
-0.005113067450539913
-0.019128117211612516
-0.019128117211612516
-0.006935347215537814
-0.006935347215537814
-0.02476675354208633
0.008022243583650012
0.0031129549058867365
0.0031129549058867365
0.008022243583650012
-0.018270770043670562
-0.01154028682223664
-0.008159493054912937
-0.011069076960631459
-0.014124337319329616
-0.003945957346862093
-0.04443002423787846
-0.0027746775080926852
-0.0403453026215682
-0.012683834826881934
-0.018270770043670562
-0.0027746775080926852
-0.008159493054912937
-0.003945957346862093
-0.01728406579474686
-0.014124337319329616
-0.01154028682223664
0.005336187538353153
-0.011069076960631459
-0.011069076960631459
-0.017302093193341
-0.01728406579474686
-0.013525673137443487
-0.01316222644489963
-0.005113067450539913
-0.012683834826881934
0.005336187538353153
-0.011069076960631459
-0.006935347215537814
0.016344937868523327
-0.02476675354208633
-0.018270770043670562
-0.004802392350118161
-0.01728406579474686
-0.003945957346862093
-0.0276363328612933
-0.005113067450539913
-0.018270770043670562
-0.004208593742837568
-0.01154028682223664
-0.01316222644489963
-0.017302093193341
-0.006935347215537814
-0.0027746775080926852
-0.013525673137443487
0.008022243583650012
-0.005113067450539913
-0.02476675354208633
-0.0023309193236468566
0.008022243583650012
-0.013525673137443487
-0.0276363328612933
-0.04443002423787846
-0.04443002423787846
-0.006935347215537814
-0.0023309193236468566
-0.01154028682223664
-0.0027746775080926852
-0.017302093193341
-0.019128117211612516
-0.0276363328612933
0.0031129549058867365
-0.011069076960631459
-0.009849260130997371
-0.004208593742837568
-0.014124337319329616
-0.004802392350118161
-0.018270770043670562
-0.008159493054912937
-0.008159493054912937
-0.011069076960631459
-0.01316222644489963
-0.012683834826881934
-0.0023309193236468566
-0.0276363328612933
-0.0015878847630918982
-0.009849260130997371
-0.019128117211612516
-0.003945957346862093
-0.004802392350118161
0.016344937868523327
-0.0403453026215682
-0.02476675354208633
-0.013525673137443487
-0.0027746775080926852
0.008022243583650012
-0.014124337319329616
-0.008159493054912937
-0.0403453026215682
-0.019128117211612516
-0.0023309193236468566
-0.008159493054912937
-0.02476675354208633
-0.02476675354208633
-0.0276363328612933
-0.006935347215537814
-0.0027746775080926852
-0.006935347215537814
-0.006935347215537814
-0.005113067450539913
-0.0276363328612933
-0.004208593742837568
-0.017302093193341
-0.012683834826881934
-0.008159493054912937
0.005336187538353153
-0.019128117211612516
-0.003945957346862093
-0.017302093193341
0.005336187538353153
-0.018270770043670562
0.016344937868523327
-0.01316222644489963
0.0031129549058867365
0.0031129549058867365
-0.0015878847630918982
-0.004208593742837568
-0.004802392350118161
-0.0403453026215682
0.016344937868523327
-0.01316222644489963
-0.0023309193236468566
-0.01316222644489963
0.0031129549058867365
-0.008159493054912937
-0.018270770043670562
-0.0023309193236468566
-0.011069076960631459
-0.004208593742837568
-0.01728406579474686
-0.0015878847630918982
-0.004208593742837568
-0.0015878847630918982
-0.018270770043670562
-0.01728406579474686
0.005336187538353153
-0.006935347215537814
-0.0023309193236468566
-0.018270770043670562
-0.019128117211612516
-0.018270770043670562
0.0031129549058867365
-0.008159493054912937
-0.004208593742837568
-0.0015878847630918982
-0.01728406579474686
0.016344937868523327
-0.01154028682223664
-0.003945957346862093
-0.006935347215537814
-0.01728406579474686
-0.003945957346862093
-0.013525673137443487
-0.012683834826881934
-0.006935347215537814
-0.009849260130997371
-0.019128117211612516
0.005336187538353153
-0.009849260130997371
-0.0015878847630918982
-0.005113067450539913
-0.017302093193341
0.0031129549058867365
-0.008159493054912937
0.008022243583650012
0.016344937868523327
-0.019128117211612516
0.016344937868523327
-0.017302093193341
-0.017302093193341
-0.018270770043670562
-0.01316222644489963
-0.01728406579474686
-0.01728406579474686
-0.009849260130997371
-0.0403453026215682
-0.008159493054912937
-0.012683834826881934
-0.02476675354208633
0.016344937868523327
-0.008159493054912937
-0.005113067450539913
0.0031129549058867365
-0.0403453026215682
0.005336187538353153
-0.003945957346862093
-0.004208593742837568
0.005336187538353153
0.016344937868523327
-0.004802392350118161
-0.006935347215537814
-0.0023309193236468566
-0.0015878847630918982
-0.0015878847630918982
-0.019128117211612516
0.005336187538353153
-0.014124337319329616
-0.012683834826881934
-0.004208593742837568
-0.009849260130997371
-0.004208593742837568
-0.019128117211612516
-0.013525673137443487
-0.018270770043670562
-0.009849260130997371
-0.018270770043670562
0.0031129549058867365
-0.04443002423787846
0.0031129549058867365
-0.004208593742837568
-0.014124337319329616
0.0031129549058867365
-0.009849260130997371
-0.018270770043670562
-0.008159493054912937
-0.04443002423787846
0.0031129549058867365
-0.014124337319329616
-0.006935347215537814
-0.02476675354208633
-0.004208593742837568
0.016344937868523327
-0.005113067450539913
0.008022243583650012
-0.0276363328612933
-0.012683834826881934
-0.004802392350118161
-0.017302093193341
-0.04443002423787846
-0.01154028682223664
-0.0403453026215682
-0.011069076960631459
-0.013525673137443487
-0.017302093193341
-0.005113067450539913
-0.018270770043670562
-0.04443002423787846
-0.008159493054912937
-0.0015878847630918982
-0.004208593742837568
-0.0027746775080926852
-0.004802392350118161
-0.014124337319329616
-0.019128117211612516
-0.019128117211612516
-0.006935347215537814
-0.011069076960631459
0.008022243583650012
-0.003945957346862093
-0.0015878847630918982
-0.01728406579474686
-0.013525673137443487
-0.005113067450539913
-0.004208593742837568
-0.0023309193236468566
-0.008159493054912937
-0.0027746775080926852
0.0031129549058867365
-0.004802392350118161
-0.0027746775080926852
-0.0276363328612933
-0.005113067450539913
-0.005113067450539913
0.005336187538353153
-0.01316222644489963
-0.005113067450539913
-0.006935347215537814
-0.006935347215537814
-0.0023309193236468566
-0.006935347215537814
-0.0403453026215682
-0.02476675354208633
-0.0015878847630918982
-0.005113067450539913
-0.004802392350118161
-0.009849260130997371
-0.012683834826881934
-0.0015878847630918982
-0.01728406579474686
-0.004208593742837568
-0.006935347215537814
-0.01154028682223664
0.016344937868523327
-0.008159493054912937
-0.01154028682223664
-0.003945957346862093
-0.0027746775080926852
-0.02476675354208633
-0.0403453026215682
-0.0027746775080926852
-0.004208593742837568
-0.012683834826881934
-0.02476675354208633
-0.013525673137443487
0.0031129549058867365
-0.01728406579474686
-0.008159493054912937
0.0031129549058867365
-0.004208593742837568
-0.0027746775080926852
-0.01154028682223664
-0.018270770043670562
-0.012683834826881934
-0.009849260130997371
-0.004802392350118161
-0.004208593742837568
-0.0027746775080926852
-0.02476675354208633
-0.0027746775080926852
0.008022243583650012
-0.014124337319329616
-0.014124337319329616
0.0031129549058867365
-0.013525673137443487
-0.012683834826881934
-0.013525673137443487
-0.005113067450539913
-0.009849260130997371
-0.018270770043670562
-0.04443002423787846
-0.02476675354208633
-0.011069076960631459
-0.011069076960631459
-0.04443002423787846
-0.0276363328612933
-0.0403453026215682
-0.0015878847630918982
-0.0276363328612933
-0.01728406579474686
-0.014124337319329616
-0.0276363328612933
0.016344937868523327
-0.0015878847630918982
-0.013525673137443487
0.008022243583650012
-0.01154028682223664
0.0031129549058867365
-0.0403453026215682
-0.004208593742837568
-0.014124337319329616
-0.0023309193236468566
-0.008159493054912937
-0.01316222644489963
-0.018270770043670562
-0.017302093193341
-0.02476675354208633
-0.014124337319329616
-0.04443002423787846
-0.005113067450539913
0.005336187538353153
0.005336187538353153
0.0031129549058867365
0.005336187538353153
-0.017302093193341
-0.01728406579474686
-0.012683834826881934
-0.018270770043670562
-0.008159493054912937
0.0031129549058867365
0.016344937868523327
-0.0023309193236468566
-0.004208593742837568
-0.005113067450539913
0.0031129549058867365
0.0031129549058867365
-0.0276363328612933
-0.004802392350118161
-0.017302093193341
-0.004208593742837568
-0.01154028682223664
-0.011069076960631459
-0.005113067450539913
-0.0027746775080926852
-0.004802392350118161
-0.006935347215537814
-0.01728406579474686
-0.003945957346862093
-0.009849260130997371
-0.0276363328612933
-0.005113067450539913
-0.004208593742837568
-0.017302093193341
-0.0276363328612933
-0.012683834826881934
-0.01316222644489963
-0.019128117211612516
0.008022243583650012
-0.01316222644489963
-0.012683834826881934
-0.019128117211612516
-0.0276363328612933
-0.0403453026215682
-0.02476675354208633
-0.02476675354208633
-0.013525673137443487
-0.003945957346862093
-0.0023309193236468566
0.0031129549058867365
-0.01154028682223664
-0.005113067450539913
-0.011069076960631459
-0.017302093193341
-0.04443002423787846
-0.017302093193341
-0.012683834826881934
-0.011069076960631459
-0.0276363328612933
-0.0023309193236468566
-0.004208593742837568
-0.018270770043670562
-0.01316222644489963
-0.004208593742837568
-0.017302093193341
0.008022243583650012
-0.004802392350118161
-0.01316222644489963
0.016344937868523327
0.016344937868523327
-0.04443002423787846
-0.017302093193341
-0.01728406579474686
-0.011069076960631459
-0.004208593742837568
-0.004802392350118161
-0.011069076960631459
-0.01316222644489963
0.008022243583650012
-0.004802392350118161
-0.01316222644489963
-0.014124337319329616
-0.01154028682223664
-0.003945957346862093
-0.0027746775080926852
-0.01728406579474686
-0.006935347215537814
-0.013525673137443487
-0.0403453026215682
-0.019128117211612516
-0.008159493054912937
-0.0015878847630918982
-0.0027746775080926852
-0.018270770043670562
0.008022243583650012
-0.012683834826881934
-0.019128117211612516
-0.0023309193236468566
-0.003945957346862093
-0.0027746775080926852
-0.012683834826881934
0.005336187538353153
0.0031129549058867365
-0.004208593742837568
-0.008159493054912937
-0.012683834826881934
0.0031129549058867365
-0.01728406579474686
-0.008159493054912937
-0.006935347215537814
-0.009849260130997371
-0.0027746775080926852
-0.0027746775080926852
-0.005113067450539913
-0.006935347215537814
-0.0403453026215682
-0.006935347215537814
0.0031129549058867365
-0.017302093193341
0.008022243583650012
0.008022243583650012
-0.018270770043670562
-0.005113067450539913
-0.006935347215537814
-0.0023309193236468566
-0.003945957346862093
-0.009849260130997371
-0.006935347215537814
-0.008159493054912937
-0.0023309193236468566
0.008022243583650012
-0.012683834826881934
-0.014124337319329616
-0.04443002423787846
-0.0403453026215682
-0.019128117211612516
-0.008159493054912937
-0.003945957346862093
-0.003945957346862093
-0.003945957346862093
-0.0276363328612933
-0.01316222644489963
-0.013525673137443487
-0.0015878847630918982
-0.011069076960631459
