-0.0397543221127342
-0.006521255443005427
0.007776975544357806
-0.009703262558676672
-0.036435843825616036
-0.0074016698103189765
-0.04975411720045762
-0.03053481790368794
-0.0070577332960215676
-0.000999253856264026
0.0009201070008920628
-0.014812734291216786
-0.017903835087952617
-0.008734000393948794
-0.035151290340974486
-0.011017907395927937
-0.026636788236943265
-0.01840064128306832
-0.028141577754852376
-0.009703262558676672
0.005544975489023115
-0.011017907395927937
0.007875328857784388
-0.02611469181912515
-0.0397543221127342
-0.0073194330670141765
-0.009375495752726655
-0.022582395143482814
0.017712680765132504
-0.0003670632201205044
-0.008478894719634544
-0.016465773958574043
-0.000645695235599113
-0.022582395143482814
-0.0354946302491246
-0.020447773180112382
-0.011549166791358579
0.0009201070008920628
-0.013058257483408246
-0.00465218037741749
-0.010609265561329717
-0.0074016698103189765
-0.02998500385384276
-0.022479347810222417
0.006692240432376082
-0.014812734291216786
-0.020634382141007813
-0.022816177112204242
-0.022479347810222417
-0.008727222087855606
-0.007945177651751343
-0.012533859514771109
0.020884666328943844
-0.013601681157569908
-0.008727222087855606
-0.006414274263005165
-0.03441101839050176
-0.015257939100405947
-0.013601681157569908
-0.020531855443443384
-0.0397543221127342
-0.01472525818123694
0.0005847595630492965
-0.011017907395927937
-0.02550769502579195
-0.015181993260239626
-0.05233583714419636
-0.035828970534252734
0.004370773032071679
0.002157331788125776
-0.01472525818123694
-0.035151290340974486
0.0012910293813971473
-0.006770345241713113
0.017712680765132504
-0.019989474243435692
0.004165706962128584
-0.013513670639839158
-0.0397543221127342
-0.020634382141007813
-0.015660898158658308
-0.017722255245127664
-0.02158991466228627
-0.027353569353435095
-0.006484509071555558
-0.01835321853002236
0.0012948301520420633
-0.011017907395927937
-0.02351918189154991
-0.02611469181912515
-0.009703262558676672
-0.016171802620125925
0.007776975544357806
-0.032044590340847806
-0.01019323113953453
-0.015181993260239626
-0.022816177112204242
0.004165706962128584
-0.02611469181912515
0.013249613589080765
-0.020634382141007813
-0.019815205182799275
-0.03277361533833555
-0.01762377153322705
-0.014222219107253227
-0.04626861991846656
0.002157331788125776
-0.011011304370096477
-0.02252316478485852
-0.035151290340974486
-0.0354946302491246
-0.008734000393948794
-0.01390138584603314
-0.020531855443443384
-0.012533859514771109
-0.005533891941949591
-0.015181993260239626
0.005498360229196098
-0.02304167796297305
0.0027071612688176374
-0.011637594017802972
-0.008727222087855606
-0.0070577332960215676
-0.01850832206617104
-0.011755629360019556
0.004063535976818555
-0.03176698132521812
0.008162051237568819
-0.028141577754852376
0.0012948301520420633
-0.011755629360019556
-0.022479347810222417
-0.02430361016652795
-0.013276639869360549
-0.01850832206617104
-0.007945177651751343
-0.008734000393948794
-0.017903835087952617
-0.007632018813561404
-0.006521255443005427
-0.0070577332960215676
0.0035063351802799253
-0.021748734001841748
-0.0074016698103189765
0.0019175681071984306
0.0035063351802799253
0.013630339712729145
-0.009703262558676672
-0.010609265561329717
0.006692240432376082
-0.017722255245127664
-0.010609265561329717
-0.01850832206617104
0.004063535976818555
-0.015257939100405947
-0.031541006983799864
-0.019989474243435692
-0.022816177112204242
0.013249613589080765
0.008162051237568819
-0.00801152067959523
-0.035828970534252734
-0.028141577754852376
-0.02457019493703334
-0.032920239473124314
0.004370773032071679
-0.03647176973415839
-0.0374954541215238
-0.03636148440333035
-0.01936642064171168
-0.016171802620125925
0.0019175681071984306
-0.04744150892541063
-0.000645695235599113
0.0005847595630492965
-0.008478894719634544
-0.014222219107253227
0.017712680765132504
-0.03176698132521812
-0.020185893315000765
0.020884666328943844
-0.02541906626045389
0.0005847595630492965
-0.02252316478485852
-0.008734000393948794
-0.006484509071555558
-0.006770345241713113
-0.0003670632201205044
-0.007945177651751343
-0.011637594017802972
-0.01835321853002236
-0.011519616950442086
-0.012533859514771109
-0.025051871189645424
-0.0003670632201205044
-0.00465218037741749
0.007776975544357806
-0.016465773958574043
-0.025051871189645424
-0.022479347810222417
-0.01647372917755279
-0.02158991466228627
-0.008727222087855606
0.002157331788125776
-0.04744150892541063
-0.022479347810222417
-0.02457019493703334
-0.053889776609737025
-0.02430361016652795
-0.019815205182799275
0.002157331788125776
-0.019815205182799275
-0.015660898158658308
-0.021748734001841748
-0.017722255245127664
0.004165706962128584
-0.0008642991298075393
-0.01936642064171168
-0.02550769502579195
-0.01881491686187319
-0.027625983843386756
-0.03426937134732954
-0.0073194330670141765
-0.019815205182799275
0.013249613589080765
-0.01647372917755279
-0.01019323113953453
-0.05233583714419636
-0.0003670632201205044
-0.00312873717007552
-0.0073194330670141765
0.0006060804958078717
-0.009376076004360969
-0.00312873717007552
-0.022816177112204242
-0.018971915227552108
-0.020531855443443384
-0.014222219107253227
-0.015684810453784465
-0.0074016698103189765
0.017712680765132504
-0.013601681157569908
-0.0070577332960215676
-0.016171802620125925
-0.000999253856264026
-0.03053481790368794
0.006692240432376082
-0.015516419870110584
0.004165706962128584
-0.00312873717007552
-0.015257939100405947
0.005544975489023115
-0.02134543144404731
-0.009376076004360969
-0.006414274263005165
-0.006770345241713113
-0.0008642991298075393
-0.036435843825616036
0.008162051237568819
-0.014222219107253227
-0.014812734291216786
-0.032044590340847806
-0.015037975207132523
-0.02430361016652795
-0.035151290340974486
0.0019175681071984306
-0.007978216963024039
-0.02765453328288286
-0.011553449038451786
-0.01722355695406321
-0.015516419870110584
-0.013058257483408246
-0.03743287436436627
0.0035063351802799253
-0.000999253856264026
-0.02186188990230236
0.020884666328943844
-0.009375495752726655
-0.01936642064171168
-0.025051871189645424
-0.020447773180112382
-0.019989474243435692
0.006692240432376082
-0.025051871189645424
-0.01647372917755279
-0.02541906626045389
-0.024691086222123244
-0.01472525818123694
-0.008734000393948794
-0.010609265561329717
-0.013058257483408246
-0.006815855363047213
-0.0015116806722043309
-0.03743287436436627
-0.015257939100405947
-0.000999253856264026
-0.019815205182799275
-0.0354946302491246
-0.022816177112204242
-0.032044590340847806
-0.008478894719634544
0.005498360229196098
-0.019815205182799275
-0.01722355695406321
-0.05014480607051206
-0.008478894719634544
0.0005847595630492965
0.0012910293813971473
-0.03156821601707944
-0.015037975207132523
-0.005533891941949591
-0.007945177651751343
-0.005533891941949591
-0.015257939100405947
-0.02304167796297305
-0.039774331666794706
-0.011755629360019556
0.014475353844058817
-0.04975411720045762
-0.011755629360019556
-0.04626861991846656
-0.02134543144404731
-0.0073194330670141765
-0.053889776609737025
0.005544975489023115
-0.017722255245127664
0.0005847595630492965
-0.009376076004360969
-0.026636788236943265
-0.030007122786033496
-0.020185893315000765
-0.0073194330670141765
-0.02252316478485852
-0.0073194330670141765
-0.035828970534252734
-0.006521255443005427
-0.009375495752726655
-0.006770345241713113
-0.04235981484388643
0.004063535976818555
-0.032044590340847806
-0.005533891941949591
0.008162051237568819
-0.00312873717007552
0.0036414923554433138
-0.015516419870110584
-0.015181993260239626
0.0005847595630492965
-0.03953103790397374
0.0006060804958078717
-0.027353569353435095
-0.022582395143482814
-0.032972298119770156
-0.013513670639839158
-0.015660898158658308
-0.020185893315000765
-0.008734000393948794
-0.008478894719634544
0.0012948301520420633
-0.03426937134732954
-0.053889776609737025
-0.014222219107253227
-0.025495757752602485
-0.006815855363047213
0.0005847595630492965
0.0009201070008920628
-0.0397543221127342
-0.04744150892541063
-0.0717929008700141
0.004063535976818555
-0.015516419870110584
-0.0397543221127342
-0.008478894719634544
-0.008727222087855606
-0.013276639869360549
-0.053889776609737025
-0.01472525818123694
0.017712680765132504
-0.0003670632201205044
-0.011011304370096477
-0.03441101839050176
-0.03636148440333035
-0.017903835087952617
-0.013601681157569908
-0.009376076004360969
-0.01979603636812265
-0.020185893315000765
-0.00312873717007552
-0.02351918189154991
-0.036435843825616036
0.005544975489023115
-0.030007122786033496
-0.022479347810222417
-0.01835321853002236
-0.03636148440333035
-0.020531855443443384
-0.020185893315000765
-0.003968343732280991
-0.011017907395927937
-0.027625983843386756
-0.05233583714419636
-0.03277361533833555
-0.01762377153322705
-0.015181993260239626
-0.013276639869360549
-0.007632018813561404
-0.02252316478485852
-0.011755629360019556
-0.02720619609651822
-0.03176698132521812
-0.010723781945373415
-0.014222219107253227
-0.021748734001841748
-0.024691086222123244
-0.02457019493703334
-0.02611469181912515
-0.020531855443443384
-0.022816177112204242
-0.027353569353435095
-0.017903835087952617
0.0019175681071984306
-0.014812734291216786
-0.04235981484388643
-0.031541006983799864
0.006012759167102703
-0.02550769502579195
0.004379385436404737
-0.013513670639839158
-0.0008642991298075393
0.008162051237568819
-0.000645695235599113
-0.053889776609737025
0.0005847595630492965
-0.025495757752602485
-0.010723781945373415
0.006012759167102703
-0.01019323113953453
-0.009703262558676672
-0.048782217834631325
0.017712680765132504
-0.019989474243435692
-0.02767361345046583
0.0012948301520420633
0.0036414923554433138
0.0036414923554433138
-0.027353569353435095
-0.015684810453784465
-0.012533859514771109
0.0019175681071984306
-0.04975411720045762
-0.009043169039756554
-0.013058257483408246
-0.007978216963024039
-0.053889776609737025
-0.0070577332960215676
-0.003968343732280991
-0.0354946302491246
0.004165706962128584
0.0006060804958078717
0.007875328857784388
-0.015516419870110584
-0.006770345241713113
-0.010609265561329717
-0.031541006983799864
0.0024932062454757794
-0.02351918189154991
-0.017903835087952617
-0.026636788236943265
-0.027625983843386756
-0.019815205182799275
-0.006815855363047213
-0.03277361533833555
-0.022816177112204242
0.02168849005796369
-0.02720619609651822
-0.022479347810222417
-0.008727222087855606
-0.016171802620125925
-0.020634382141007813
-0.00312873717007552
-0.013513670639839158
0.008162051237568819
-0.011637594017802972
0.004165706962128584
-0.035828970534252734
-0.02134543144404731
0.004379385436404737
-0.015037975207132523
-0.0717929008700141
0.0012910293813971473
-0.02304167796297305
0.008162051237568819
-0.036435843825616036
-0.027353569353435095
0.007776975544357806
0.0005847595630492965
-0.0717929008700141
0.0012910293813971473
-0.02611469181912515
0.0035063351802799253
-0.013601681157569908
-0.011755629360019556
0.005544975489023115
-0.01835321853002236
-0.011549166791358579
-0.012533859514771109
-0.011852262777996978
-0.0397543221127342
-0.0003670632201205044
-0.00801152067959523
-0.02720619609651822
-0.01390138584603314
-0.02457019493703334
-0.015516419870110584
-0.01762377153322705
-0.0374954541215238
-0.009703262558676672
-0.011553449038451786
-0.02351918189154991
-0.031541006983799864
0.008162051237568819
0.007875328857784388
-0.02720619609651822
-0.02158991466228627
-0.006815855363047213
-0.017903835087952617
-0.02720619609651822
-0.03647176973415839
-0.02158991466228627
-0.032972298119770156
-0.02541906626045389
-0.005533891941949591
-0.006770345241713113
0.0035063351802799253
0.0012910293813971473
-0.04626861991846656
-0.009043169039756554
-0.05014480607051206
-0.0074016698103189765
-0.014222219107253227
-0.011553449038451786
-0.053889776609737025
-0.02134543144404731
0.0005847595630492965
-0.02998500385384276
0.005498360229196098
-0.03176698132521812
-0.02611469181912515
0.014646182693290379
-0.019815205182799275
-0.05233583714419636
-0.015257939100405947
-0.053889776609737025
-0.022582395143482814
0.02168849005796369
-0.011553449038451786
-0.013323143785339563
0.0035063351802799253
-0.014812734291216786
-0.036435843825616036
-0.017722255245127664
0.0012948301520420633
-0.015257939100405947
0.02168849005796369
-0.011637594017802972
-0.0074016698103189765
0.0019175681071984306
-0.008727222087855606
-0.015684810453784465
-0.03176698132521812
-0.02720619609651822
-0.02720619609651822
-0.009043169039756554
-0.02767361345046583
-0.019989474243435692
0.014646182693290379
-0.000645695235599113
-0.01647372917755279
0.006692240432376082
0.014475353844058817
0.013249613589080765
0.004370773032071679
0.02168849005796369
-0.036435843825616036
-0.02457019493703334
0.005498360229196098
-0.0003670632201205044
-0.048782217834631325
0.006692240432376082
-0.016465773958574043
-0.03176698132521812
0.007875328857784388
-0.0070577332960215676
-0.0073194330670141765
-0.02720619609651822
-0.03647176973415839
0.014646182693290379
-0.02720619609651822
-0.014222219107253227
-0.0015116806722043309
-0.000645695235599113
-0.03636148440333035
-0.03156821601707944
-0.009043169039756554
-0.01722355695406321
-0.01722355695406321
0.0036414923554433138
0.020884666328943844
-0.048782217834631325
-0.0397543221127342
-0.02765453328288286
-0.05014480607051206
-0.014812734291216786
-0.028141577754852376
-0.025495757752602485
-0.03426937134732954
-0.008950279127820085
-0.030007122786033496
-0.0397543221127342
0.005498360229196098
-0.04626861991846656
-0.008478894719634544
-0.015037975207132523
-0.032044590340847806
-0.013276639869360549
0.013630339712729145
-0.0374954541215238
-0.013276639869360549
-0.03426937134732954
-0.000645695235599113
-0.03743287436436627
-0.013513670639839158
-0.02550769502579195
-0.011637594017802972
-0.025495757752602485
0.005498360229196098
-0.03953103790397374
0.006692240432376082
-0.020531855443443384
-0.012464793755964602
-0.006484509071555558
-0.016465773958574043
-0.04235981484388643
-0.01647372917755279
-0.03176698132521812
-0.000999253856264026
-0.020531855443443384
-0.023192377829928217
-0.011017907395927937
-0.023192377829928217
0.005498360229196098
0.004165706962128584
-0.00801152067959523
-0.053889776609737025
-0.032972298119770156
-0.027625983843386756
-0.01835321853002236
0.006692240432376082
-0.018971915227552108
0.004165706962128584
-0.006484509071555558
0.0024932062454757794
-0.011519616950442086
-0.000999253856264026
-0.02304167796297305
-0.03426937134732954
-0.010609265561329717
-0.025495757752602485
-0.030007122786033496
0.017712680765132504
-0.0015116806722043309
-0.02304167796297305
-0.035828970534252734
-0.021748734001841748
-0.036435843825616036
-0.02765453328288286
-0.04744150892541063
-0.023192377829928217
-0.013058257483408246
0.0024932062454757794
0.014646182693290379
-0.007632018813561404
-0.00312873717007552
-0.04744150892541063
-0.008734000393948794
-0.014812734291216786
-0.011519616950442086
-0.0074016698103189765
-0.031541006983799864
-0.012533859514771109
-0.015684810453784465
-0.015257939100405947
-0.019989474243435692
-0.015181993260239626
-0.02767361345046583
-0.008727222087855606
0.013249613589080765
-0.02351918189154991
-0.0374954541215238
-0.012533859514771109
-0.015516419870110584
-0.03953103790397374
-0.011519616950442086
-0.015037975207132523
-0.02351918189154991
-0.0003670632201205044
0.013249613589080765
-0.015684810453784465
-0.01835321853002236
-0.014222219107253227
0.008162051237568819
-0.010609265561329717
-0.015660898158658308
-0.02457019493703334
-0.016171802620125925
-0.019815205182799275
0.0006060804958078717
-0.016171802620125925
-0.012464793755964602
-0.04626861991846656
-0.03176698132521812
-0.027924893044738806
-0.032972298119770156
0.004379385436404737
-0.01979603636812265
-0.015684810453784465
-0.02186188990230236
-0.0015116806722043309
-0.04744150892541063
-0.04975411720045762
0.007875328857784388
-0.03636148440333035
-0.027353569353435095
-0.05233583714419636
-0.008478894719634544
-0.015660898158658308
-0.039774331666794706
0.0036414923554433138
-0.01472525818123694
-0.022816177112204242
0.004063535976818555
0.0019175681071984306
-0.011011304370096477
0.014646182693290379
-0.014812734291216786
-0.016171802620125925
-0.01835321853002236
-0.032044590340847806
0.0009201070008920628
-0.013276639869360549
0.0019175681071984306
-0.036435843825616036
-0.032920239473124314
-0.0354946302491246
-0.018971915227552108
0.005544975489023115
-0.03743287436436627
-0.02430361016652795
-0.0008642991298075393
0.007776975544357806
-0.013058257483408246
-0.015257939100405947
0.0009201070008920628
-0.010723781945373415
-0.011755629360019556
-0.006815855363047213
-0.02304167796297305
-0.032920239473124314
-0.01754681930812189
-0.015684810453784465
-0.02767361345046583
-0.02457019493703334
-0.03441101839050176
-0.015684810453784465
-0.007632018813561404
-0.0003670632201205044
-0.01722355695406321
-0.019815205182799275
-0.007632018813561404
-0.01979603636812265
-0.0374954541215238
-0.007978216963024039
0.017712680765132504
-0.015684810453784465
-0.053889776609737025
-0.016465773958574043
-0.011549166791358579
-0.011755629360019556
-0.009043169039756554
0.008162051237568819
-0.019989474243435692
-0.04235981484388643
-0.03156821601707944
-0.02134543144404731
-0.01850832206617104
-0.006815855363047213
-0.015181993260239626
-0.020447773180112382
-0.00801152067959523
-0.020634382141007813
-0.017722255245127664
-0.008478894719634544
-0.03156821601707944
0.007776975544357806
-0.015037975207132523
-0.048782217834631325
-0.015660898158658308
0.006692240432376082
-0.0070577332960215676
-0.0397543221127342
-0.02252316478485852
-0.02457019493703334
0.007776975544357806
0.0027071612688176374
-0.029920262141124993
0.005498360229196098
-0.009375495752726655
-0.053889776609737025
-0.03053481790368794
-0.011852262777996978
-0.015684810453784465
-0.02351918189154991
-0.032920239473124314
-0.006521255443005427
0.006012759167102703
-0.03636148440333035
-0.003968343732280991
-0.008478894719634544
-0.013058257483408246
-0.022816177112204242
-0.000999253856264026
-0.0003670632201205044
-0.02457019493703334
0.0012910293813971473
-0.03053481790368794
0.0006060804958078717
-0.048782217834631325
0.0036414923554433138
0.007875328857784388
-0.012464793755964602
-0.01835321853002236
-0.025495757752602485
0.0019175681071984306
-0.032920239473124314
-0.010723781945373415
-0.05233583714419636
0.0035063351802799253
-0.03953103790397374
-0.008734000393948794
-0.006815855363047213
-0.00801152067959523
-0.01979603636812265
-0.01647372917755279
-0.02767361345046583
-0.011549166791358579
-0.02765453328288286
-0.006414274263005165
-0.020447773180112382
-0.009376076004360969
-0.035151290340974486
-0.04975411720045762
0.007875328857784388
-0.009376076004360969
-0.009043169039756554
0.002157331788125776
-0.012533859514771109
-0.013601681157569908
-0.003968343732280991
-0.03953103790397374
-0.0397543221127342
-0.016171802620125925
-0.013323143785339563
-0.01762377153322705
-0.007632018813561404
-0.02541906626045389
-0.02457019493703334
-0.007632018813561404
-0.00801152067959523
-0.012533859514771109
0.0005847595630492965
-0.02998500385384276
-0.022582395143482814
0.006692240432376082
-0.0070577332960215676
-0.014812734291216786
-0.011755629360019556
-0.022479347810222417
-0.019815205182799275
-0.00312873717007552
-0.013058257483408246
-0.00465218037741749
-0.013058257483408246
-0.020531855443443384
-0.03156821601707944
-0.000645695235599113
-0.01936642064171168
0.008162051237568819
-0.00801152067959523
-0.006414274263005165
-0.007632018813561404
-0.013513670639839158
-0.026636788236943265
0.006012759167102703
-0.01762377153322705
-0.02541906626045389
0.008162051237568819
-0.013276639869360549
-0.017903835087952617
-0.02998500385384276
0.004379385436404737
-0.03426937134732954
-0.009376076004360969
-0.009703262558676672
-0.013513670639839158
-0.02550769502579195
0.0005847595630492965
0.014475353844058817
-0.011549166791358579
-0.02134543144404731
-0.006414274263005165
0.006692240432376082
-0.019815205182799275
-0.032972298119770156
-0.0070577332960215676
-0.011755629360019556
-0.03538601397300759
-0.0374954541215238
0.007875328857784388
0.007875328857784388
-0.01722355695406321
-0.048782217834631325
-0.011852262777996978
-0.012464793755964602
-0.016171802620125925
-0.006815855363047213
-0.03953103790397374
-0.020531855443443384
-0.015684810453784465
-0.02611469181912515
-0.00312873717007552
-0.013276639869360549
-0.01840064128306832
0.0005847595630492965
-0.04626861991846656
-0.011011304370096477
-0.048782217834631325
-0.011519616950442086
-0.02541906626045389
-0.020185893315000765
-0.03277361533833555
-0.015257939100405947
-0.029920262141124993
-0.0717929008700141
-0.0073194330670141765
-0.011011304370096477
-0.03636148440333035
-0.027353569353435095
-0.011519616950442086
-0.02767361345046583
-0.01936642064171168
-0.03538601397300759
-0.022816177112204242
-0.011011304370096477
-0.02457019493703334
-0.015684810453784465
0.006692240432376082
0.0005847595630492965
-0.013601681157569908
-0.027924893044738806
-0.015037975207132523
-0.026636788236943265
-0.015181993260239626
-0.027353569353435095
-0.03538601397300759
-0.006521255443005427
-0.007945177651751343
-0.01979603636812265
-0.035151290340974486
-0.008727222087855606
-0.03953103790397374
-0.016171802620125925
-0.01881491686187319
-0.015660898158658308
0.004165706962128584
-0.0015116806722043309
-0.015684810453784465
-0.04626861991846656
-0.01019323113953453
-0.019989474243435692
-0.015516419870110584
0.0005847595630492965
-0.011553449038451786
0.0035063351802799253
-0.011519616950442086
-0.01979603636812265
-0.02765453328288286
-0.02457019493703334
0.020884666328943844
0.013249613589080765
-0.028141577754852376
