-0.02986068666759305
-0.012337078562431403
-0.00963002842963711
-0.01850665145022203
-0.003483623782533461
-0.022609481973636023
-0.02182891942210111
-0.0016581718135679408
-0.029229820396170593
-0.053705244824780764
-0.007515018269278494
-0.016317011608289266
0.00020911616985100497
-0.014252154894222187
-0.022378061746603853
-0.03877985822715073
0.003875850186302771
-0.022631856817954345
-0.052246724239389135
-0.034331646238689846
-0.031434936547440485
-0.00534792785429532
-0.003483623782533461
-0.017055623647408553
-0.0047835474557580415
0.021075671078795738
-0.044470531413448075
-0.019642541480915772
-0.011589433416629557
0.010621307312266523
-0.0006142222772472941
-0.023150377225341842
-0.012030287847662356
-0.03798896983382008
-0.049374147544611745
-0.004874513891915087
0.00020911616985100497
-0.024880723034704327
-0.003652571705835044
-0.02212411768331682
-0.0030177306042795953
-0.027274553214767287
-0.006728310996858448
-0.02212411768331682
-0.021208530098401304
-0.0202368109337815
-0.01528741004099113
-0.010216318977134802
-0.016518365829578018
-0.010130206387431846
-0.016317011608289266
-0.0015996803679602656
-0.03877985822715073
-0.021208530098401304
-0.0029673904762508494
0.00595479096147249
-0.014875436313421671
-0.014252154894222187
0.010005030067224823
-0.03135209251651524
-0.02534312957798517
-0.010088542876538511
-0.0047835474557580415
-0.024365576958451016
-0.006499797132951501
-0.020822634779211247
0.007039702113399948
-0.03035426887365648
0.022685780723687807
-0.02235786507321739
-0.04902996559006463
-0.018489754331580465
-0.004550049529794155
0.02094517685333647
-0.009983527584211017
-0.034295379489108845
-0.007595559461484804
-0.007515018269278494
-0.0021628656623587433
-0.009318325650409463
0.007039702113399948
-0.009048533964042036
-0.016518365829578018
0.014190877709139356
-0.01991739205585035
-0.05380597783541709
-0.027803552540570403
-0.02337572452181621
-0.02699976636615615
0.023484739974577135
-0.027782587830363557
-0.02463553725829269
-0.04524501705704951
-0.0202368109337815
-0.02070832242612497
-0.010328850086278193
-0.018489754331580465
-0.01569553254773147
-0.01850665145022203
-0.0427364872629188
-0.015498475727548098
-0.020226972064844296
-0.03890937641052588
-0.017987117109318905
-0.023710687706715052
-0.03011028107920642
-0.03142375072262956
-0.02534312957798517
-0.06545336107060827
-0.03135209251651524
-0.029229820396170593
0.007039702113399948
0.004471035698593349
-0.0037552692005509342
0.007039702113399948
-0.028607365135416292
-0.024750835266870438
-0.052246724239389135
-0.014522822629590055
2.301374242738543e-05
-0.028607365135416292
-0.0029673904762508494
-0.0296503066268907
0.004406595171154961
-0.04947576567507867
-0.02244039174704686
-0.0562439005717312
-0.01964979139250577
0.0009438731354388639
-0.013730975191718816
-0.006630819209677342
-0.03035426887365648
-0.007515018269278494
-0.024033288104064875
-0.014568576953168098
-0.0015996803679602656
-0.006595083196972007
-0.0016135912642510622
-0.030124652007306307
-0.017055623647408553
-0.017914088799466276
-0.015540571735781024
0.008019082167025167
-0.024750835266870438
-0.011523485373861761
-0.0038649725102364867
-0.002966351897493619
-0.02840021526629557
-0.011523485373861761
-0.009048533964042036
-0.02986068666759305
-0.030549934123428234
-0.004663745160087929
-0.018508421948442242
0.022685780723687807
-0.01850665145022203
-0.002948968716986681
-0.006784660525888448
-0.0006142222772472941
0.020989514145337777
-0.011884861921593057
-0.04532471836947188
-0.009318325650409463
-0.020047101662884488
0.004036018586112566
-0.014252154894222187
-0.016518365829578018
-0.011589433416629557
-0.013044880957691659
-0.02357485934239626
-0.023986095618734937
0.0009438731354388639
-0.012030287847662356
-0.0006903349804206264
0.01299852890677792
-0.008208692670673355
-0.014832045350855654
-0.058783728482376625
-0.03188005402489773
0.010424524865232645
-0.04158659036588054
-0.03265235601611992
-0.015498475727548098
-0.04021769235384493
0.01963655271862518
-0.030303754680503513
-0.022609481973636023
-0.007595559461484804
-0.028607365135416292
-0.017914088799466276
-0.030121108166841472
-0.0012621280871804466
0.02094517685333647
-0.03890937641052588
-0.006999314062874837
-0.02534312957798517
-0.030121108166841472
-0.01528741004099113
-0.061490754879461366
-0.024928818427363615
-0.06545336107060827
-0.006784660525888448
-0.004550049529794155
-0.013730975191718816
-0.03798896983382008
-0.02357485934239626
0.003875850186302771
-0.0006903349804206264
-0.03528682577348542
-0.013939892117470074
-0.013730975191718816
-0.029575760233567262
-0.04382146196776709
-0.012337078562431403
-0.008616595156502524
-0.0003111221435875358
-0.004874513891915087
0.01500481724762041
-0.009318325650409463
-0.016317011608289266
0.004036018586112566
-0.01964979139250577
-0.02152079110718904
-0.007515018269278494
-0.02840021526629557
0.005404420198048265
-0.04947576567507867
-0.006526162167613563
-0.011743307330250297
0.01378068216007243
-0.006166699299443385
-0.023710687706715052
-0.0038649725102364867
0.021269155864119645
-0.020822634779211247
-0.04021769235384493
-0.0029168429981077954
-0.04158659036588054
-0.0021628656623587433
-0.03902397519580281
-0.02357485934239626
-0.03119375087367524
-0.004874513891915087
-0.016518365829578018
-0.011523485373861761
-0.028429154022957717
-0.0021172480429982343
-0.02192665531937901
-0.003381548447286606
0.0076173280170630546
-0.005105024840317626
-0.006160794020035589
-0.0006142222772472941
-0.006630819209677342
-0.006166699299443385
-0.03877985822715073
-0.016540110935656355
-0.0068075928716624
-0.05881120322175698
-0.0562439005717312
-0.01513695304114424
-0.02608884125996272
-0.0296503066268907
-0.05881120322175698
0.004406595171154961
-0.04532471836947188
-0.016504689472535288
-0.006999314062874837
-0.005787609653663655
-0.019642541480915772
-0.003734903460008595
-0.024750835266870438
-0.023150377225341842
-0.0059717572891451725
-0.002948968716986681
-0.02840021526629557
-0.0202368109337815
-0.06325314274535099
-0.011523485373861761
-0.06031080509840667
-0.02152079110718904
-0.034331646238689846
0.01378068216007243
-0.009537548570176793
-0.029229820396170593
-0.01566868927214488
0.0004160051596999332
-0.007588171122441205
-0.01598572170905856
-0.0021172480429982343
-0.010216318977134802
-0.016504689472535288
-0.024365576958451016
-0.023710687706715052
-0.021208530098401304
-0.004199025133619745
-0.020678052866201207
-0.011589433416629557
-0.03035426887365648
-0.02279717528203878
0.0018867328148021896
-0.004663745160087929
-0.010088542876538511
-0.013044880957691659
-0.0029168429981077954
-0.0068449782860571535
-0.03254883896385475
-0.005972680185084525
0.0019152918214186117
0.007039702113399948
-0.016518365829578018
-0.008233646574631647
-0.01964979139250577
-0.009537548570176793
-0.016540110935656355
-0.011724340790815168
-0.06325314274535099
-0.006626821618979003
-0.015540571735781024
-0.034295379489108845
-0.01850665145022203
-0.022609481973636023
-0.020165582375843826
-0.0202368109337815
0.023484739974577135
-0.03877985822715073
-0.02212411768331682
-0.028429154022957717
-0.02235786507321739
0.0019152918214186117
-0.02986068666759305
-0.018778614351889687
0.0076173280170630546
-0.010764026235501808
-0.0006903349804206264
-0.049374147544611745
-0.04902996559006463
-0.018489754331580465
0.003939005941650998
-0.032218504915719315
0.01299852890677792
-0.01964979139250577
0.0013813028551928662
0.0004160051596999332
-0.025125104228205814
-0.024033288104064875
-0.002966351897493619
-0.058783728482376625
-0.05321458637795135
0.003939005941650998
-0.0068449782860571535
-0.021240233763072845
-0.042935267327136296
-0.0016135912642510622
-0.03964996054744161
-0.01598572170905856
-0.004199025133619745
-0.010328850086278193
-0.0016581718135679408
-0.011523485373861761
-0.020226972064844296
-0.03964996054744161
0.014190877709139356
-0.02182891942210111
-0.024033288104064875
-0.03263199479784708
-0.005972680185084525
-0.0003111221435875358
-0.01513695304114424
-0.021963334516568164
-0.016518365829578018
-0.01569367046369389
0.0076173280170630546
-0.052246724239389135
-0.01513695304114424
-0.012337078562431403
0.0018867328148021896
-0.0173750808338865
-0.019642541480915772
-0.020047101662884488
-0.022378061746603853
-0.029745462559514515
-0.049374147544611745
-0.014264838655112654
-0.01797856343703816
-0.05380597783541709
-0.02608884125996272
-0.004261476459431008
0.016725535670417853
-0.04524501705704951
-0.03142375072262956
-0.06031080509840667
-0.0068449782860571535
-0.026178025218277643
-0.030189202727588613
-0.016518365829578018
-0.01551077187652184
-0.07065920220961294
-0.003483623782533461
-0.01797856343703816
-0.03715605465170407
-0.04902996559006463
-0.004199025133619745
0.009073462156587593
-0.03715605465170407
-0.03890937641052588
0.01500481724762041
-0.00963002842963711
-0.012337078562431403
0.010621307312266523
-0.0013007287955435465
-0.0047835474557580415
-0.003678426746648561
-0.018207239233730254
0.004036018586112566
-0.017987117109318905
-0.013939892117470074
-0.04532471836947188
0.008019082167025167
-0.02986068666759305
-0.02749080478992753
-0.030189202727588613
-0.005105024840317626
-0.00534792785429532
-0.0173750808338865
-0.003734903460008595
-0.01569367046369389
-0.022631856817954345
-0.009318325650409463
-0.029229820396170593
-0.027274553214767287
-0.03902397519580281
0.022685780723687807
-0.018489754331580465
-0.018508421948442242
-0.0427364872629188
-0.01797856343703816
-0.004199025133619745
-0.032218504915719315
-0.0010429107561706129
-0.022609481973636023
-0.03665424961337618
-0.013944199982534312
-0.03011028107920642
-0.008857278270240125
0.005404420198048265
-0.007595559461484804
0.003939005941650998
-0.017055623647408553
-0.003652571705835044
-0.024750835266870438
-0.015319012302895164
-0.03119375087367524
-0.007595559461484804
-0.03119375087367524
-0.0427364872629188
-0.01797856343703816
-0.02463553725829269
-0.01797856343703816
-0.02337572452181621
-0.0059717572891451725
-0.008616595156502524
-0.0013007287955435465
-0.029575760233567262
-0.029575760233567262
-0.0012621280871804466
-0.018778614351889687
-0.00534792785429532
-0.015319012302895164
-0.05881120322175698
-0.06545336107060827
-0.016540110935656355
-0.030124652007306307
-0.0202368109337815
-0.041023975284359415
0.01378068216007243
-0.05881120322175698
-0.013939892117470074
0.00020911616985100497
-0.023986095618734937
-0.02357485934239626
-0.009983527584211017
-0.04524501705704951
-0.04158659036588054
-0.030121108166841472
-0.008857278270240125
-0.022631856817954345
-0.013939892117470074
-0.011884861921593057
-0.03147947675232099
0.003939005941650998
0.003939005941650998
-0.042144472631905384
-0.0427364872629188
0.010424524865232645
-0.004663745160087929
-0.030189202727588613
-0.026412415433140244
-0.04947576567507867
-0.024880723034704327
-0.014492591717352779
-0.02109820910438893
-0.013939892117470074
-0.024033288104064875
-0.014264838655112654
-0.006160794020035589
-0.0016135912642510622
-0.03188005402489773
-0.022378061746603853
-0.011884861921593057
-0.006526162167613563
-0.030549934123428234
-0.026211177817493256
-0.0006142222772472941
-0.01641590178840558
-0.02170400329534758
0.003875850186302771
0.009093078492677509
-0.006784660525888448
-0.0030177306042795953
-0.05321458637795135
-0.03902397519580281
-0.016540110935656355
0.01378068216007243
-0.01850665145022203
-0.061490754879461366
-0.005307303061811296
-0.0030177306042795953
0.021269155864119645
-0.03035426887365648
-0.027919868906728682
-0.026412415433140244
-0.014832045350855654
-0.021240233763072845
-0.02749080478992753
-0.025691260044420787
-0.02534312957798517
0.009093078492677509
-0.003678426746648561
-0.0068449782860571535
-0.049374147544611745
-0.018508421948442242
-0.009318325650409463
-0.022609481973636023
-0.0021172480429982343
-0.005347057311907449
0.004406595171154961
-0.02986068666759305
-0.026178025218277643
-0.017055623647408553
-0.005307303061811296
-0.02699976636615615
-0.04524501705704951
-0.049374147544611745
-0.02192665531937901
-0.02170400329534758
0.009093078492677509
-0.0003111221435875358
-0.06031080509840667
-0.024750835266870438
-0.017055623647408553
-0.018508421948442242
-0.030121108166841472
-0.003483623782533461
-0.022378061746603853
-0.016518365829578018
-0.05321458637795135
-0.053705244824780764
-0.05380597783541709
-0.010328850086278193
-0.024880723034704327
-0.002966351897493619
-0.010328850086278193
-0.03147947675232099
0.010621307312266523
-0.0427364872629188
-0.02202494582765363
-0.006160794020035589
-0.003482695724595206
-0.018508421948442242
-0.03265235601611992
0.004471035698593349
-0.07065920220961294
-0.0059717572891451725
0.0076173280170630546
-0.016568945266710683
-0.007588171122441205
-0.006630819209677342
-0.02952231938405811
-0.04947576567507867
-0.026319678102253486
-0.010130206387431846
-0.028429154022957717
-0.006999314062874837
-0.02952231938405811
-0.009048533964042036
-0.0021628656623587433
-0.00534792785429532
-0.018489754331580465
-0.023150377225341842
-0.03665424961337618
-0.013044880957691659
-0.022631856817954345
-0.022378061746603853
-0.02357485934239626
-0.012825735363206166
-0.018489754331580465
-0.04158659036588054
-0.015336586509140116
-0.03798896983382008
-0.030549934123428234
-0.022631856817954345
-0.020047101662884488
-0.024928818427363615
-0.0006903349804206264
-0.013142615375972527
0.0009438731354388639
-0.01569553254773147
-0.014568576953168098
-0.014832045350855654
-0.012825735363206166
-0.020678052866201207
-0.021208530098401304
-0.015430212085928758
-0.027803552540570403
-0.004634240931207965
-0.010764026235501808
-0.0010429107561706129
-0.018508421948442242
-0.024365576958451016
-0.024750835266870438
-0.029575760233567262
-0.024880723034704327
-0.01566868927214488
-0.055937908257179224
-0.027841113398476794
0.01299852890677792
-0.030303754680503513
-0.010764026235501808
-0.0296503066268907
-0.014522822629590055
-0.008298319095563368
-0.021208530098401304
-0.032218504915719315
-0.022609481973636023
-0.0029168429981077954
-0.008616595156502524
-0.025691260044420787
0.004036018586112566
-0.015430212085928758
0.023484739974577135
-0.0021172480429982343
0.01963655271862518
-0.014264838655112654
-0.0016581718135679408
-0.03528682577348542
-0.0296503066268907
-0.008616595156502524
-0.0003111221435875358
-0.006630819209677342
-0.007595559461484804
0.004471035698593349
0.003875850186302771
-0.006728310996858448
0.0013813028551928662
-0.00534792785429532
-0.023710687706715052
-0.05380597783541709
-0.020226972064844296
-0.01569553254773147
-0.019537900638900648
-0.003652571705835044
-0.04021769235384493
-0.01964979139250577
0.005404420198048265
0.020989514145337777
-0.044848263332373094
-0.018508421948442242
-0.027803552540570403
-0.03254883896385475
-0.015256117347275808
-0.03528682577348542
-0.006499797132951501
0.003875850186302771
0.010424524865232645
-0.024750835266870438
-0.05380597783541709
-0.012337078562431403
0.020989514145337777
-0.003381548447286606
-0.028429154022957717
-0.03147947675232099
-0.022378061746603853
-0.018489754331580465
-0.015336586509140116
-0.011724340790815168
0.008019082167025167
-0.0173750808338865
-0.03964996054744161
-0.015430212085928758
-0.0010429107561706129
-0.029745462559514515
-0.027919868906728682
-0.060205184698645435
-0.012030287847662356
-0.02840021526629557
-0.0013007287955435465
-0.0047835474557580415
-0.0006142222772472941
-0.014875436313421671
-0.049374147544611745
0.0004160051596999332
-0.02192665531937901
-0.0012621280871804466
-0.05881120322175698
-0.010328850086278193
0.0068434621407450725
-0.03890937641052588
-0.005787609653663655
-0.014264838655112654
-0.010795927781026306
-0.0006903349804206264
-0.007595559461484804
-0.026178025218277643
0.0013813028551928662
-0.013044880957691659
-0.03119375087367524
-0.003734903460008595
-0.011523485373861761
-0.014832045350855654
-0.010482988420171195
-0.014832045350855654
-0.004663745160087929
-0.002302133187361531
-0.008857278270240125
-0.020226972064844296
-0.02070832242612497
-0.016518365829578018
-0.014264838655112654
-0.017681553511361445
-0.016317011608289266
-0.02182891942210111
-0.042935267327136296
-0.03254883896385475
-0.03890937641052588
-0.016518365829578018
-0.010088542876538511
-0.030303754680503513
-0.003482695724595206
0.02094517685333647
-0.030124652007306307
-0.02182891942210111
-0.008298319095563368
-0.03263199479784708
-0.017681553511361445
-0.005347057311907449
-0.02699976636615615
-0.007595559461484804
0.0013813028551928662
-0.03188005402489773
-0.04524501705704951
-0.07065920220961294
0.007039702113399948
-0.008208692670673355
-0.015319012302895164
-0.044848263332373094
-0.01810296360290166
-0.03000386816933903
-0.015430212085928758
-0.018508421948442242
-0.0006903349804206264
-0.006499797132951501
0.023484739974577135
-0.023150377225341842
-0.015319012302895164
0.009093078492677509
-0.009672248447937074
-0.006166699299443385
-0.044470531413448075
-0.0006903349804206264
-0.009318325650409463
-0.019537900638900648
-0.01513695304114424
-0.023150377225341842
-0.03142375072262956
-0.016568945266710683
0.009093078492677509
-0.01551077187652184
-0.02070832242612497
-0.03331266763487246
0.005404420198048265
-0.05380597783541709
-0.010764026235501808
-0.01569553254773147
-0.011884861921593057
-0.016627800415370257
-0.017987117109318905
-0.016317011608289266
-0.02202494582765363
0.005404420198048265
-0.0003111221435875358
-0.042935267327136296
-0.03331266763487246
-0.020822634779211247
-0.055937908257179224
-0.02192665531937901
-0.010328850086278193
-0.006630819209677342
-0.024033288104064875
-0.010764026235501808
0.010621307312266523
-0.015540571735781024
-0.009476640659607696
-0.02608884125996272
0.009093078492677509
-0.027919868906728682
-0.0296503066268907
-0.015498475727548098
-0.017055623647408553
-0.01566868927214488
-0.013142615375972527
-0.013454411815617882
-0.004634240931207965
-0.023150377225341842
-0.004550049529794155
-0.03715605465170407
-0.016317011608289266
-0.017681553511361445
-0.020822634779211247
-0.03263199479784708
0.009093078492677509
-0.02192665531937901
-0.030121108166841472
-0.06545336107060827
-0.03877985822715073
-0.020822634779211247
-0.016540110935656355
-0.03188005402489773
-0.007588171122441205
2.301374242738543e-05
0.021075671078795738
-0.04061742120532027
-0.022378061746603853
-0.009048533964042036
-0.00963002842963711
0.021075671078795738
-0.02235786507321739
-0.02699976636615615
-0.07065920220961294
-0.05881120322175698
-0.0427364872629188
-0.017914088799466276
-0.02266498320274756
-0.02182891942210111
-0.0068075928716624
-0.017914088799466276
-0.00534792785429532
0.010621307312266523
-0.030549934123428234
-0.03284447701171429
-0.017914088799466276
0.00595479096147249
-0.07065920220961294
-0.010795927781026306
-0.049374147544611745
-0.03890937641052588
-0.0006142222772472941
0.0013813028551928662
-0.0173750808338865
-0.032218504915719315
-0.03890937641052588
-0.01528741004099113
-0.018489754331580465
0.013689795189030919
-0.031434936547440485
-0.0015996803679602656
-0.028429154022957717
-0.0296503066268907
-0.031434936547440485
-0.020165582375843826
-0.013939892117470074
-0.010764026235501808
-0.03142375072262956
-0.02070832242612497
-0.005347057311907449
-0.01528741004099113
-0.044470531413448075
-0.0016135912642510622
-0.011743307330250297
-0.030189202727588613
-0.008233646574631647
-0.044848263332373094
-0.02070832242612497
-0.03135209251651524
-0.020822634779211247
-0.03798896983382008
-0.006499797132951501
-0.0016135912642510622
-0.01569553254773147
-0.02202494582765363
-0.034331646238689846
-0.06325314274535099
-0.02244039174704686
-0.025691260044420787
-0.00963002842963711
-0.00534792785429532
-0.03528682577348542
-0.002966351897493619
-0.01991739205585035
-0.018778614351889687
-0.00963002842963711
-0.018508421948442242
-0.007595559461484804
-0.006595083196972007
-0.01242576899498846
-0.02534312957798517
-0.02952231938405811
0.009093078492677509
-0.03798896983382008
0.01299852890677792
-0.012337078562431403
-0.006526162167613563
-0.011523485373861761
-0.020165582375843826
-0.009672248447937074
-0.018207239233730254
2.301374242738543e-05
-0.044470531413448075
-0.010795927781026306
-0.053705244824780764
-0.009318325650409463
-0.04382146196776709
-0.018207239233730254
-0.027274553214767287
-0.009318325650409463
-0.00963002842963711
-0.04902996559006463
0.01378068216007243
-0.005105024840317626
-0.024365576958451016
-0.002302133187361531
-0.020047101662884488
-0.007515018269278494
-0.030124652007306307
-0.016568945266710683
-0.013905225744672234
-0.02279717528203878
-0.0068075928716624
-0.03632369245367295
-0.006626821618979003
0.007039702113399948
-0.02952231938405811
-0.03135209251651524
-0.034331646238689846
-0.01551077187652184
-0.02212411768331682
-0.0006142222772472941
-0.0059717572891451725
-0.022631856817954345
-0.017987117109318905
-0.02182891942210111
-0.01598572170905856
-0.024750835266870438
-0.02212411768331682
-0.009318325650409463
-0.0021628656623587433
-0.006160794020035589
-0.017681553511361445
-0.014492591717352779
-0.004663745160087929
-0.014522822629590055
-0.02895633295811055
-0.017055623647408553
-0.03528682577348542
-0.03000386816933903
-0.0006903349804206264
-0.029229820396170593
-0.003652571705835044
-0.031434936547440485
-0.04532471836947188
0.010005030067224823
-0.01513695304114424
0.01963655271862518
-0.021240233763072845
-0.016540110935656355
-0.058783728482376625
-0.018508421948442242
-0.020047101662884488
-0.014832045350855654
0.021075671078795738
-0.06325314274535099
-0.03188005402489773
-0.015498475727548098
-0.06325314274535099
-0.008857278270240125
-0.021208530098401304
-0.0296503066268907
-0.0015996803679602656
-0.023986095618734937
-0.016627800415370257
