0.00846124652476701
-0.016287744174354503
0.0015336011323046036
-0.029312393926565063
0.005742091500502916
-0.014574615500534465
-0.0022044461726661003
-0.01413466588888667
-0.03179941148367391
0.026261535033688284
0.0015336011323046036
-0.03894615263522043
-0.04236079905390449
-0.010448943940449018
-0.03497536995921484
-0.03880204011246181
0.027881735888773795
-0.029026140113704493
-0.010448943940449018
-0.04151330109239956
-0.00754084981275654
0.0022348456057844097
-0.03894615263522043
0.030491219480988613
-0.01413466588888667
-0.013648684801244234
0.01485786162964564
-0.02295891194924934
-0.013117464665609957
-0.001952922097838922
-0.02225132682163416
-0.00754084981275654
-0.013648684801244234
0.007740035105035264
0.007740035105035264
-0.020224405960756947
-0.020224405960756947
-0.03880204011246181
-0.015736141081697276
-0.01895712784941924
0.007740035105035264
-0.043483287614226394
0.005255546981291268
0.0015336011323046036
0.0088055052586034
-0.03880204011246181
-0.001952922097838922
-0.0336042090057373
-0.013117464665609957
-0.062018119724081285
-0.009134168418858684
-0.030788408304107742
0.0036722485702930002
-0.01837453013778425
0.004210395652648143
-0.018129108917938157
0.0036722485702930002
-0.0037352755139641535
-0.03179941148367391
0.028958080414842362
-0.014574615500534465
0.004210395652648143
0.0036722485702930002
-0.04151330109239956
-0.03990262533250122
-0.018129108917938157
-0.01895712784941924
-0.03179941148367391
0.025721870528180105
-0.013117464665609957
-0.054619144106566514
-0.001952922097838922
0.0088055052586034
-0.02097804363037425
-0.01413466588888667
0.00846124652476701
-0.03880204011246181
-0.016287744174354503
0.028581152652907137
0.0022348456057844097
0.004210395652648143
-0.01895712784941924
0.011634063762954491
-0.046612977021511716
-0.0336042090057373
-0.02225132682163416
0.0015336011323046036
0.007740035105035264
-0.07065155176175578
-0.046612977021511716
0.028958080414842362
0.005742091500502916
-0.01837453013778425
0.0088055052586034
-0.013648684801244234
-0.04236079905390449
0.028958080414842362
-0.016287744174354503
-0.03168109051008034
0.003722561595028858
-0.07065155176175578
0.005680257756902589
-0.00754084981275654
-0.028054742522729794
-0.03894615263522043
-0.01413466588888667
-0.02037045912416262
0.0015336011323046036
-0.014574615500534465
0.0022348456057844097
0.01485786162964564
0.0022348456057844097
0.028958080414842362
-0.00754084981275654
0.002208157672740259
-0.043483287614226394
0.005742091500502916
-0.03179941148367391
0.005255546981291268
0.0006809065854982522
-0.043483287614226394
0.004210395652648143
-0.015994079214253384
0.0006809065854982522
-0.02037045912416262
-0.03497536995921484
-0.015736141081697276
-0.04236079905390449
0.002208157672740259
-0.03990262533250122
0.004210395652648143
-0.015736141081697276
0.00846124652476701
-0.030788408304107742
-0.004405905804641035
-0.020224405960756947
-0.016287744174354503
0.0036722485702930002
-0.03894615263522043
-0.00754084981275654
-0.010448943940449018
-0.018129108917938157
-0.0037352755139641535
-0.00754084981275654
-0.029312393926565063
-0.029026140113704493
-0.03894615263522043
-0.00754084981275654
0.030491219480988613
-0.04151330109239956
-0.010448943940449018
-0.0557533714171416
0.025721870528180105
-0.029026140113704493
-0.013648684801244234
0.026261535033688284
0.007740035105035264
-0.02225132682163416
0.0088055052586034
-0.013648684801244234
-0.04977737357307795
-0.04236079905390449
0.0088055052586034
-0.062018119724081285
-0.028054742522729794
0.0006809065854982522
0.0088055052586034
0.0037781275900831274
0.005680257756902589
0.026261535033688284
-0.018129108917938157
0.007740035105035264
-0.03894615263522043
-0.039005504955409054
-0.02037045912416262
-0.039005504955409054
-0.001952922097838922
-0.0557533714171416
-0.0557533714171416
-0.04977737357307795
-0.03894615263522043
-0.07065155176175578
-0.014574615500534465
-0.004405905804641035
0.01485786162964564
-0.013117464665609957
0.0037781275900831274
-0.039005504955409054
0.028958080414842362
-0.0022044461726661003
0.0011031159093569224
-0.02295891194924934
-0.016287744174354503
-0.04236079905390449
-0.02037045912416262
0.027881735888773795
-0.062018119724081285
-0.013648684801244234
-0.013117464665609957
-0.01837453013778425
-0.014574615500534465
0.01485786162964564
0.026261535033688284
0.0006809065854982522
-0.029026140113704493
0.027881735888773795
0.01485786162964564
-0.029026140113704493
0.026261535033688284
-0.020224405960756947
-0.009134168418858684
0.004210395652648143
0.002208157672740259
-0.03880204011246181
-0.016287744174354503
-0.020224405960756947
0.0022348456057844097
0.0036722485702930002
0.004127367864624193
-0.028054742522729794
-0.01837453013778425
-0.014574615500534465
0.0015336011323046036
-0.03880204011246181
0.028958080414842362
-0.04236079905390449
0.011634063762954491
-0.013648684801244234
-0.05433745287626945
-0.04236079905390449
-0.015736141081697276
-0.0336042090057373
-0.03497536995921484
-0.016287744174354503
0.0022348456057844097
0.0022348456057844097
-0.0336042090057373
-0.01837453013778425
-0.001952922097838922
0.0011031159093569224
-0.04977737357307795
-0.0022044461726661003
-0.015736141081697276
-0.02225132682163416
-0.07065155176175578
0.0015336011323046036
-0.03990262533250122
0.00846124652476701
-0.043483287614226394
0.026261535033688284
0.028581152652907137
0.0022348456057844097
-0.039005504955409054
0.030491219480988613
-0.013117464665609957
-0.01895712784941924
-0.015736141081697276
0.011634063762954491
-0.029312393926565063
-0.02037045912416262
-0.030788408304107742
-0.062018119724081285
-0.03990262533250122
-0.016287744174354503
-0.04236079905390449
0.005680257756902589
-0.04977737357307795
-0.054619144106566514
0.004127367864624193
-0.015736141081697276
-0.04151330109239956
-0.015736141081697276
-0.013117464665609957
-0.04236079905390449
0.007740035105035264
0.0037781275900831274
-0.04977737357307795
-0.03880204011246181
-0.03894615263522043
-0.02097804363037425
-0.020224405960756947
-0.015994079214253384
0.003722561595028858
-0.03990262533250122
0.003722561595028858
-0.039005504955409054
-0.0037352755139641535
0.0036722485702930002
-0.0022044461726661003
-0.03990262533250122
-0.013648684801244234
-0.018129108917938157
-0.015994079214253384
-0.03990262533250122
-0.05433745287626945
0.007740035105035264
-0.054619144106566514
-0.01895712784941924
-0.03168109051008034
0.00846124652476701
-0.030126216886197554
-0.01895712784941924
-0.028054742522729794
0.002208157672740259
-0.03179941148367391
-0.030788408304107742
-0.02037045912416262
-0.02295891194924934
-0.02225132682163416
0.028581152652907137
0.004127367864624193
0.005255546981291268
-0.00754084981275654
-0.03497536995921484
-0.04977737357307795
-0.015736141081697276
0.030491219480988613
-0.054619144106566514
-0.01895712784941924
0.004127367864624193
-0.018129108917938157
-0.014574615500534465
-0.020224405960756947
-0.01413466588888667
-0.046612977021511716
0.030491219480988613
-0.01413466588888667
-0.001952922097838922
0.030491219480988613
-0.030788408304107742
-0.04977737357307795
-0.02037045912416262
-0.015994079214253384
0.027881735888773795
-0.04977737357307795
-0.07065155176175578
-0.05433745287626945
-0.03880204011246181
-0.02037045912416262
-0.029312393926565063
-0.013117464665609957
0.0022348456057844097
-0.046612977021511716
-0.0037352755139641535
0.0015336011323046036
-0.00754084981275654
0.004127367864624193
-0.054619144106566514
-0.030126216886197554
-0.030126216886197554
-0.013648684801244234
0.007740035105035264
-0.013117464665609957
-0.039005504955409054
0.002208157672740259
-0.043483287614226394
0.0011031159093569224
0.005255546981291268
-0.016287744174354503
-0.015736141081697276
-0.0336042090057373
-0.0336042090057373
-0.07065155176175578
-0.030788408304107742
-0.04151330109239956
-0.015736141081697276
-0.015736141081697276
-0.0336042090057373
-0.03179941148367391
-0.0557533714171416
-0.0022044461726661003
-0.018129108917938157
-0.0557533714171416
-0.029026140113704493
0.0011031159093569224
-0.03894615263522043
-0.030126216886197554
0.028581152652907137
-0.013117464665609957
0.00846124652476701
-0.043483287614226394
-0.014574615500534465
-0.004405905804641035
0.0036722485702930002
-0.0037352755139641535
0.025721870528180105
-0.02295891194924934
-0.030126216886197554
0.004127367864624193
-0.030126216886197554
0.0006809065854982522
0.004210395652648143
0.0022348456057844097
-0.0336042090057373
-0.001952922097838922
-0.015994079214253384
-0.05433745287626945
-0.03894615263522043
0.0088055052586034
-0.04977737357307795
0.0011031159093569224
-0.015736141081697276
0.011634063762954491
-0.03179941148367391
0.0037781275900831274
0.007740035105035264
-0.001952922097838922
-0.001952922097838922
-0.04977737357307795
0.025721870528180105
-0.030126216886197554
-0.020224405960756947
0.025721870528180105
-0.02295891194924934
0.0036722485702930002
-0.030126216886197554
-0.03894615263522043
-0.02037045912416262
0.007740035105035264
-0.04977737357307795
-0.030126216886197554
-0.030126216886197554
-0.015994079214253384
-0.01413466588888667
-0.029312393926565063
-0.030788408304107742
-0.03497536995921484
0.026261535033688284
-0.02225132682163416
0.01485786162964564
0.005680257756902589
0.005255546981291268
-0.030126216886197554
-0.001952922097838922
0.025721870528180105
0.011634063762954491
-0.03894615263522043
0.01485786162964564
-0.010448943940449018
-0.07065155176175578
-0.030126216886197554
0.0006809065854982522
-0.030126216886197554
-0.028054742522729794
-0.03497536995921484
-0.015994079214253384
-0.03497536995921484
-0.015994079214253384
-0.013648684801244234
-0.013648684801244234
-0.009134168418858684
0.030491219480988613
-0.062018119724081285
-0.05433745287626945
-0.02295891194924934
0.005742091500502916
-0.054619144106566514
0.005680257756902589
0.005742091500502916
0.011634063762954491
-0.001952922097838922
-0.04236079905390449
0.004210395652648143
-0.016287744174354503
-0.043483287614226394
-0.020224405960756947
0.005680257756902589
-0.03497536995921484
-0.01837453013778425
0.0036722485702930002
-0.054619144106566514
0.011634063762954491
0.011634063762954491
0.01485786162964564
-0.03168109051008034
0.0036722485702930002
-0.010448943940449018
0.028581152652907137
0.026261535033688284
-0.014574615500534465
0.025721870528180105
-0.009134168418858684
-0.009134168418858684
0.011634063762954491
-0.04977737357307795
-0.018129108917938157
0.01485786162964564
-0.07065155176175578
-0.0557533714171416
-0.0557533714171416
0.0036722485702930002
-0.046612977021511716
0.028958080414842362
0.00846124652476701
-0.0037352755139641535
-0.014574615500534465
-0.0336042090057373
0.005680257756902589
0.0022348456057844097
-0.054619144106566514
-0.028054742522729794
0.030491219480988613
-0.0336042090057373
-0.043483287614226394
-0.028054742522729794
-0.062018119724081285
-0.004405905804641035
-0.009134168418858684
-0.046612977021511716
-0.03168109051008034
-0.039005504955409054
-0.016287744174354503
-0.02295891194924934
-0.0037352755139641535
-0.03894615263522043
-0.04977737357307795
-0.01895712784941924
0.028958080414842362
-0.01413466588888667
0.007740035105035264
-0.001952922097838922
0.005680257756902589
-0.0037352755139641535
0.030491219480988613
-0.043483287614226394
-0.013117464665609957
0.011634063762954491
-0.0037352755139641535
-0.016287744174354503
-0.0037352755139641535
-0.03894615263522043
-0.04977737357307795
-0.020224405960756947
-0.018129108917938157
-0.02097804363037425
0.0022348456057844097
-0.062018119724081285
-0.02037045912416262
-0.03168109051008034
-0.001952922097838922
-0.030788408304107742
0.005255546981291268
0.003722561595028858
-0.04977737357307795
0.01485786162964564
-0.028054742522729794
-0.010448943940449018
-0.015994079214253384
-0.030788408304107742
0.007740035105035264
-0.04236079905390449
-0.062018119724081285
0.030491219480988613
-0.03880204011246181
-0.02037045912416262
0.00846124652476701
-0.02097804363037425
-0.01837453013778425
-0.02295891194924934
0.0036722485702930002
-0.018129108917938157
-0.04151330109239956
-0.02037045912416262
-0.03179941148367391
-0.039005504955409054
-0.03880204011246181
-0.0557533714171416
0.0036722485702930002
-0.0022044461726661003
-0.01837453013778425
-0.039005504955409054
-0.04236079905390449
-0.04151330109239956
-0.04151330109239956
-0.01895712784941924
0.004127367864624193
-0.0336042090057373
-0.009134168418858684
-0.03179941148367391
-0.017991092936304524
-0.04977737357307795
-0.001952922097838922
-0.01413466588888667
-0.020224405960756947
-0.04977737357307795
-0.03168109051008034
-0.03894615263522043
-0.013648684801244234
-0.001952922097838922
-0.03168109051008034
0.003722561595028858
-0.043483287614226394
0.027881735888773795
-0.04977737357307795
-0.04977737357307795
-0.02097804363037425
-0.010448943940449018
-0.029026140113704493
-0.015994079214253384
0.005680257756902589
0.028581152652907137
-0.03497536995921484
0.0011031159093569224
0.028958080414842362
0.004127367864624193
-0.01895712784941924
0.027881735888773795
-0.0557533714171416
-0.013117464665609957
-0.04236079905390449
0.005680257756902589
-0.03497536995921484
-0.04151330109239956
-0.016287744174354503
-0.062018119724081285
0.01485786162964564
-0.010448943940449018
0.028958080414842362
-0.07065155176175578
0.00846124652476701
-0.04151330109239956
-0.02225132682163416
-0.0022044461726661003
0.011634063762954491
0.026261535033688284
-0.04977737357307795
-0.02225132682163416
-0.01413466588888667
-0.004405905804641035
0.0011031159093569224
-0.04977737357307795
-0.0037352755139641535
-0.03179941148367391
0.004127367864624193
-0.015994079214253384
-0.05433745287626945
-0.04236079905390449
0.003722561595028858
0.028958080414842362
-0.014574615500534465
-0.03894615263522043
-0.009134168418858684
-0.0336042090057373
-0.004405905804641035
-0.02037045912416262
0.030491219480988613
-0.03168109051008034
-0.018129108917938157
-0.001952922097838922
-0.054619144106566514
-0.02037045912416262
-0.03179941148367391
-0.01895712784941924
0.007740035105035264
0.011634063762954491
-0.016287744174354503
0.004127367864624193
0.003722561595028858
0.026261535033688284
-0.01413466588888667
-0.029026140113704493
-0.062018119724081285
0.027881735888773795
-0.015994079214253384
0.0037781275900831274
0.0088055052586034
-0.05433745287626945
0.011634063762954491
-0.009134168418858684
0.025721870528180105
-0.03168109051008034
0.004210395652648143
-0.03168109051008034
-0.039005504955409054
-0.015736141081697276
0.01485786162964564
-0.07065155176175578
-0.02295891194924934
-0.013648684801244234
-0.039005504955409054
-0.00754084981275654
-0.07065155176175578
-0.03497536995921484
-0.03497536995921484
0.0006809065854982522
-0.01837453013778425
-0.03168109051008034
0.0015336011323046036
0.004127367864624193
0.004210395652648143
0.0015336011323046036
-0.020224405960756947
0.005255546981291268
0.0088055052586034
0.005680257756902589
-0.014574615500534465
-0.015736141081697276
-0.029026140113704493
0.0011031159093569224
0.01485786162964564
-0.07065155176175578
-0.017991092936304524
-0.043483287614226394
-0.00754084981275654
-0.013648684801244234
0.0011031159093569224
-0.03168109051008034
0.004127367864624193
0.011634063762954491
-0.04977737357307795
-0.03179941148367391
-0.039005504955409054
-0.0557533714171416
0.003722561595028858
-0.029312393926565063
-0.010448943940449018
-0.015736141081697276
-0.001952922097838922
-0.02097804363037425
-0.0037352755139641535
0.004210395652648143
-0.03990262533250122
-0.054619144106566514
-0.0022044461726661003
-0.015736141081697276
-0.02097804363037425
-0.004405905804641035
-0.015994079214253384
-0.030788408304107742
-0.0037352755139641535
-0.02295891194924934
-0.01413466588888667
0.0006809065854982522
-0.017991092936304524
-0.02097804363037425
-0.02225132682163416
-0.04977737357307795
0.01485786162964564
-0.015736141081697276
0.025721870528180105
-0.01837453013778425
-0.02225132682163416
-0.016287744174354503
0.0015336011323046036
-0.030788408304107742
-0.01895712784941924
-0.030788408304107742
-0.017991092936304524
-0.039005504955409054
0.003722561595028858
-0.07065155176175578
0.007740035105035264
-0.00754084981275654
0.011634063762954491
0.0037781275900831274
-0.062018119724081285
-0.028054742522729794
-0.04977737357307795
-0.001952922097838922
-0.02225132682163416
-0.018129108917938157
0.005680257756902589
-0.013117464665609957
-0.015736141081697276
-0.0037352755139641535
-0.02295891194924934
0.003722561595028858
-0.062018119724081285
0.005742091500502916
-0.039005504955409054
-0.062018119724081285
-0.017991092936304524
-0.02097804363037425
-0.062018119724081285
0.003722561595028858
0.01485786162964564
0.0015336011323046036
-0.01837453013778425
0.0088055052586034
-0.02037045912416262
0.0011031159093569224
-0.0037352755139641535
0.011634063762954491
-0.020224405960756947
-0.054619144106566514
0.007740035105035264
0.025721870528180105
-0.0557533714171416
-0.013117464665609957
-0.018129108917938157
-0.013117464665609957
-0.01413466588888667
0.026261535033688284
-0.04151330109239956
-0.014574615500534465
-0.03894615263522043
0.026261535033688284
-0.001952922097838922
-0.0557533714171416
0.005742091500502916
0.026261535033688284
-0.04236079905390449
0.004210395652648143
-0.07065155176175578
-0.015994079214253384
0.004210395652648143
-0.02037045912416262
-0.01837453013778425
-0.029026140113704493
-0.039005504955409054
-0.018129108917938157
-0.001952922097838922
0.0088055052586034
0.030491219480988613
-0.017991092936304524
-0.016287744174354503
-0.03168109051008034
0.028581152652907137
-0.018129108917938157
0.011634063762954491
-0.04977737357307795
-0.004405905804641035
0.0006809065854982522
-0.054619144106566514
0.0015336011323046036
0.025721870528180105
0.0011031159093569224
0.0006809065854982522
-0.03880204011246181
0.003722561595028858
-0.03990262533250122
0.0088055052586034
-0.04236079905390449
-0.03990262533250122
-0.02037045912416262
0.005742091500502916
0.01485786162964564
-0.030788408304107742
0.030491219480988613
-0.04977737357307795
0.01485786162964564
0.0037781275900831274
-0.004405905804641035
-0.016287744174354503
-0.0037352755139641535
-0.03880204011246181
0.027881735888773795
-0.0336042090057373
-0.07065155176175578
-0.039005504955409054
0.004210395652648143
-0.0557533714171416
-0.054619144106566514
-0.07065155176175578
0.028958080414842362
-0.062018119724081285
-0.01837453013778425
-0.03179941148367391
-0.05433745287626945
-0.03168109051008034
-0.03497536995921484
-0.0022044461726661003
-0.030126216886197554
0.005680257756902589
-0.020224405960756947
-0.02097804363037425
0.002208157672740259
-0.04151330109239956
0.004127367864624193
-0.00754084981275654
-0.03990262533250122
-0.02295891194924934
-0.046612977021511716
-0.015994079214253384
0.0036722485702930002
-0.015736141081697276
-0.054619144106566514
-0.03894615263522043
0.005255546981291268
-0.03990262533250122
-0.046612977021511716
-0.030126216886197554
-0.028054742522729794
-0.0557533714171416
0.027881735888773795
-0.010448943940449018
-0.015736141081697276
-0.04236079905390449
-0.030788408304107742
0.011634063762954491
-0.018129108917938157
-0.054619144106566514
0.0037781275900831274
0.028958080414842362
-0.015736141081697276
0.027881735888773795
-0.046612977021511716
-0.054619144106566514
0.004127367864624193
-0.03990262533250122
-0.04977737357307795
-0.0022044461726661003
-0.030126216886197554
-0.013117464665609957
-0.03497536995921484
0.0088055052586034
0.025721870528180105
-0.016287744174354503
-0.029026140113704493
0.0015336011323046036
0.028581152652907137
0.025721870528180105
-0.015736141081697276
-0.05433745287626945
-0.004405905804641035
-0.0557533714171416
0.003722561595028858
0.0015336011323046036
-0.029026140113704493
-0.043483287614226394
0.026261535033688284
-0.029312393926565063
-0.04977737357307795
-0.02037045912416262
-0.0557533714171416
0.030491219480988613
-0.030126216886197554
0.003722561595028858
-0.029312393926565063
-0.017991092936304524
-0.062018119724081285
-0.07065155176175578
-0.07065155176175578
-0.04151330109239956
0.0006809065854982522
-0.01837453013778425
-0.04236079905390449
-0.029026140113704493
0.004127367864624193
-0.020224405960756947
-0.016287744174354503
0.007740035105035264
0.0037781275900831274
-0.017991092936304524
0.0088055052586034
-0.03179941148367391
-0.05433745287626945
-0.02097804363037425
-0.02225132682163416
-0.04236079905390449
0.004210395652648143
0.007740035105035264
0.00846124652476701
0.027881735888773795
0.004127367864624193
-0.01837453013778425
-0.07065155176175578
0.0015336011323046036
0.003722561595028858
-0.01837453013778425
-0.028054742522729794
-0.030126216886197554
-0.030126216886197554
-0.04151330109239956
-0.0557533714171416
-0.039005504955409054
-0.030126216886197554
-0.028054742522729794
0.027881735888773795
-0.016287744174354503
0.0011031159093569224
0.0088055052586034
-0.001952922097838922
-0.046612977021511716
-0.03894615263522043
-0.015994079214253384
-0.029312393926565063
0.005680257756902589
0.028581152652907137
-0.0336042090057373
-0.018129108917938157
-0.03894615263522043
0.004127367864624193
-0.015994079214253384
-0.029026140113704493
-0.030126216886197554
-0.054619144106566514
-0.01413466588888667
0.0011031159093569224
0.005255546981291268
-0.0336042090057373
0.0037781275900831274
-0.029312393926565063
-0.043483287614226394
-0.018129108917938157
0.005742091500502916
-0.02037045912416262
0.007740035105035264
-0.054619144106566514
-0.004405905804641035
