-0.01973523018203834
-0.02187918416706995
-0.003456363321109596
-0.024051735412374126
-0.001068621988809157
-0.027450161596577455
-0.018137261823141168
-0.024051735412374126
-0.012509770157222546
-0.018515379857526104
-0.003456363321109596
-0.008204443793367287
-0.014577648954397037
-0.003456363321109596
-0.015569094270695628
0.009071592120597686
-0.024051735412374126
-0.003456363321109596
0.009071592120597686
-0.002941531629482756
-0.018515379857526104
-0.002941531629482756
-0.012509770157222546
-0.02187918416706995
-0.002941531629482756
-0.014577648954397037
-0.0036201298566183393
-0.03138571906158194
-0.031961560455807364
-2.071703982972964e-05
-0.007472699413604845
-0.018137261823141168
-0.016162928263755094
-0.03138571906158194
0.018364073874656568
-0.018515379857526104
-0.008204443793367287
-0.02187918416706995
-0.024051735412374126
-0.03138571906158194
-0.018515379857526104
-0.02187918416706995
-0.015926500877067394
-0.0036201298566183393
-0.024051735412374126
-0.001068621988809157
-0.007605398972990665
0.00281989002473465
-0.007605398972990665
-0.019853147323899145
0.004320677423865626
-0.015926500877067394
-0.007472699413604845
-0.01418665153899533
0.018364073874656568
-0.01418665153899533
-0.018137261823141168
-0.015926500877067394
-0.008204443793367287
-0.001068621988809157
-0.03138571906158194
-0.002941531629482756
-0.031961560455807364
-0.002941531629482756
-0.015926500877067394
-0.027156900349165743
-0.018137261823141168
0.009071592120597686
-0.018515379857526104
-0.007605398972990665
-0.015569094270695628
0.004320677423865626
-0.01973523018203834
-0.018515379857526104
-0.018137261823141168
0.009071592120597686
0.004320677423865626
0.009071592120597686
-0.018515379857526104
-0.024051735412374126
-0.00938628927177489
-0.016162928263755094
-0.001068621988809157
-0.024051735412374126
-0.0011528779134010925
-0.027450161596577455
-0.027156900349165743
-0.0011528779134010925
-0.00938628927177489
-2.071703982972964e-05
-0.007605398972990665
-0.016162928263755094
-0.01418665153899533
-0.002941531629482756
-0.03138571906158194
-0.006958300742255307
-0.002941531629482756
-0.007472699413604845
-0.03138571906158194
-0.003456363321109596
0.00281989002473465
-0.001068621988809157
-0.0011528779134010925
-0.0011528779134010925
-0.00923660619612596
-0.015000930503716618
-0.01418665153899533
-0.03138571906158194
-0.0036201298566183393
0.018364073874656568
-0.01973523018203834
-0.003456363321109596
0.00281989002473465
-0.006958300742255307
-0.03138571906158194
-0.03138571906158194
-0.015000930503716618
-0.018515379857526104
-0.018137261823141168
-0.036317672943941205
-0.015569094270695628
0.004320677423865626
-0.015000930503716618
-0.0011528779134010925
-0.015926500877067394
-0.015569094270695628
-0.003456363321109596
-0.006958300742255307
0.00017393034911608864
-0.031961560455807364
-0.019853147323899145
-0.031961560455807364
-0.001068621988809157
-0.03138571906158194
-0.0036201298566183393
-0.016162928263755094
-0.0036201298566183393
-0.015926500877067394
0.007724226507778825
-0.00938628927177489
-0.003456363321109596
-0.00938628927177489
-0.003456363321109596
0.004320677423865626
-0.03138571906158194
-0.015926500877067394
-0.00938628927177489
-0.03138571906158194
-0.02187918416706995
-0.019853147323899145
-0.0036201298566183393
-0.016162928263755094
-0.007472699413604845
-0.006958300742255307
-0.001068621988809157
-0.024051735412374126
-0.024051735412374126
-0.019853147323899145
0.018364073874656568
-0.007605398972990665
-0.014577648954397037
0.018364073874656568
-0.006958300742255307
-0.012509770157222546
-0.002941531629482756
-0.008204443793367287
-0.019853147323899145
-0.02187918416706995
-0.007472699413604845
-0.027450161596577455
-0.02187918416706995
0.007724226507778825
-2.071703982972964e-05
-0.015569094270695628
-0.019853147323899145
-0.027450161596577455
-0.00923660619612596
-0.007472699413604845
-0.012509770157222546
-0.015569094270695628
-0.015926500877067394
-2.071703982972964e-05
-0.014577648954397037
-0.027156900349165743
-0.02187918416706995
-0.008204443793367287
-0.036317672943941205
-0.00938628927177489
-0.01973523018203834
-0.031961560455807364
-0.014577648954397037
-0.003456363321109596
0.00281989002473465
-0.0036201298566183393
-0.003456363321109596
-0.019853147323899145
0.007724226507778825
-0.015569094270695628
-0.00938628927177489
-0.008204443793367287
-0.007605398972990665
-0.001068621988809157
-0.024051735412374126
0.007724226507778825
-0.0036201298566183393
-0.014577648954397037
-0.015569094270695628
-0.0036201298566183393
-0.002941531629482756
-0.015569094270695628
0.009071592120597686
-0.019853147323899145
-0.027156900349165743
-0.0036201298566183393
0.00281989002473465
-0.007472699413604845
-0.01973523018203834
-0.016162928263755094
-0.007472699413604845
-0.015926500877067394
-0.018137261823141168
-0.018137261823141168
-0.0011528779134010925
0.009071592120597686
-0.006958300742255307
-0.014577648954397037
-0.019853147323899145
-0.003456363321109596
-0.00938628927177489
0.007724226507778825
-0.00923660619612596
-0.00923660619612596
-0.002941531629482756
-0.02187918416706995
-0.015926500877067394
-0.02187918416706995
-0.031961560455807364
-0.018515379857526104
-0.007472699413604845
-0.015000930503716618
-0.01418665153899533
-0.01973523018203834
-0.001068621988809157
-0.003456363321109596
0.00281989002473465
-0.003456363321109596
-0.003456363321109596
-0.027156900349165743
0.009071592120597686
-0.006958300742255307
-0.007605398972990665
0.018364073874656568
-0.008204443793367287
0.009071592120597686
-0.015569094270695628
-0.01418665153899533
-0.00938628927177489
-0.024051735412374126
-0.036317672943941205
-0.00923660619612596
-0.036317672943941205
-0.014577648954397037
-0.015926500877067394
-0.0011528779134010925
-2.071703982972964e-05
-0.015000930503716618
-0.007605398972990665
-0.014577648954397037
-0.018137261823141168
-0.015000930503716618
-0.008204443793367287
-2.071703982972964e-05
-0.00923660619612596
-2.071703982972964e-05
-0.002941531629482756
-0.00938628927177489
-0.00923660619612596
-0.002941531629482756
-0.018137261823141168
-0.002941531629482756
0.00017393034911608864
-0.0011528779134010925
-0.018137261823141168
0.009071592120597686
-0.019853147323899145
-0.007472699413604845
-0.015926500877067394
-0.024051735412374126
-0.015926500877067394
-0.0036201298566183393
-0.01418665153899533
-0.003456363321109596
-0.02187918416706995
-0.006958300742255307
-0.012509770157222546
-0.027156900349165743
-0.02187918416706995
-0.0036201298566183393
-0.00923660619612596
-0.024051735412374126
-0.036317672943941205
0.009071592120597686
-0.008204443793367287
0.007724226507778825
-0.0036201298566183393
-0.00923660619612596
-0.012509770157222546
-0.018515379857526104
-0.018137261823141168
-0.024051735412374126
-0.02187918416706995
-0.0036201298566183393
-0.012509770157222546
-0.00923660619612596
0.018364073874656568
-0.00923660619612596
-0.019853147323899145
0.00281989002473465
-0.018515379857526104
0.004320677423865626
-0.016162928263755094
-0.015000930503716618
0.009071592120597686
0.018364073874656568
-0.01973523018203834
-0.018515379857526104
-0.00923660619612596
0.004320677423865626
-0.014577648954397037
-0.006958300742255307
-0.024051735412374126
0.009071592120597686
-0.015000930503716618
0.004320677423865626
-0.015000930503716618
-0.012509770157222546
0.00281989002473465
-0.03138571906158194
-0.00923660619612596
-0.018137261823141168
-0.00923660619612596
-0.015926500877067394
-2.071703982972964e-05
0.00281989002473465
-0.019853147323899145
0.00281989002473465
-0.019853147323899145
-0.002941531629482756
-0.002941531629482756
-0.01973523018203834
-0.036317672943941205
-0.00938628927177489
-0.031961560455807364
-0.007472699413604845
-0.008204443793367287
0.00017393034911608864
0.007724226507778825
-0.016162928263755094
0.00017393034911608864
-0.006958300742255307
-0.00938628927177489
-0.006958300742255307
-0.03138571906158194
-0.001068621988809157
-0.019853147323899145
-0.0011528779134010925
-0.015000930503716618
-0.015569094270695628
-0.024051735412374126
-0.019853147323899145
-0.016162928263755094
0.00281989002473465
-0.031961560455807364
-0.018515379857526104
-0.018515379857526104
0.007724226507778825
-0.006958300742255307
-0.006958300742255307
0.004320677423865626
-0.02187918416706995
-0.027450161596577455
0.009071592120597686
0.009071592120597686
-0.03138571906158194
-0.036317672943941205
-0.018515379857526104
-0.012509770157222546
-0.012509770157222546
-0.007605398972990665
-0.02187918416706995
-0.027450161596577455
-0.006958300742255307
-0.007472699413604845
-0.00923660619612596
-0.036317672943941205
-0.0036201298566183393
0.00017393034911608864
-0.018515379857526104
-0.008204443793367287
0.004320677423865626
0.00281989002473465
-0.007472699413604845
-0.019853147323899145
-0.015926500877067394
-0.01418665153899533
-0.014577648954397037
-0.007605398972990665
-0.016162928263755094
-0.0011528779134010925
0.007724226507778825
-0.006958300742255307
-0.001068621988809157
-2.071703982972964e-05
-0.015000930503716618
-2.071703982972964e-05
-0.031961560455807364
-0.027156900349165743
-0.027450161596577455
-0.001068621988809157
-0.008204443793367287
-0.014577648954397037
-0.024051735412374126
-0.015569094270695628
-0.007472699413604845
-0.0036201298566183393
-0.015569094270695628
-0.00923660619612596
-0.01418665153899533
-0.0036201298566183393
-0.02187918416706995
0.018364073874656568
-0.007472699413604845
-0.016162928263755094
-0.014577648954397037
-0.015000930503716618
-0.015569094270695628
-0.015926500877067394
-0.006958300742255307
-0.014577648954397037
-0.001068621988809157
-0.014577648954397037
-0.024051735412374126
0.018364073874656568
-0.0036201298566183393
-0.024051735412374126
-0.02187918416706995
-0.019853147323899145
-2.071703982972964e-05
-0.008204443793367287
-0.015926500877067394
-0.0011528779134010925
-0.031961560455807364
-0.014577648954397037
-0.027450161596577455
-0.012509770157222546
0.007724226507778825
0.00017393034911608864
-0.01973523018203834
-0.0036201298566183393
0.004320677423865626
0.00017393034911608864
-2.071703982972964e-05
-0.014577648954397037
0.004320677423865626
-0.019853147323899145
-0.01973523018203834
-0.02187918416706995
-0.03138571906158194
-0.031961560455807364
-0.007605398972990665
-0.00923660619612596
-0.0036201298566183393
-0.016162928263755094
-0.007605398972990665
0.004320677423865626
-0.036317672943941205
-0.008204443793367287
-0.03138571906158194
-0.008204443793367287
-0.019853147323899145
-0.018515379857526104
-0.015569094270695628
-0.027156900349165743
-0.016162928263755094
0.018364073874656568
-0.002941531629482756
-0.03138571906158194
-0.0011528779134010925
-0.027156900349165743
-0.015569094270695628
-0.00938628927177489
-0.027156900349165743
-0.012509770157222546
-0.0036201298566183393
-0.014577648954397037
-0.024051735412374126
-0.0036201298566183393
-0.027450161596577455
-0.024051735412374126
-0.002941531629482756
-0.027450161596577455
-0.015000930503716618
-0.001068621988809157
-0.0036201298566183393
-0.0036201298566183393
0.009071592120597686
-0.019853147323899145
-0.016162928263755094
-2.071703982972964e-05
-0.036317672943941205
0.00281989002473465
-0.01418665153899533
-0.01418665153899533
-0.00938628927177489
-0.03138571906158194
-0.015569094270695628
-0.015000930503716618
-0.036317672943941205
-0.015926500877067394
-0.03138571906158194
-0.016162928263755094
0.00281989002473465
-0.001068621988809157
-0.031961560455807364
0.004320677423865626
-0.01418665153899533
0.004320677423865626
0.00281989002473465
-0.036317672943941205
-0.00938628927177489
-0.014577648954397037
-0.02187918416706995
-0.0011528779134010925
0.018364073874656568
-0.006958300742255307
-0.018515379857526104
-0.0036201298566183393
-0.018515379857526104
-0.01418665153899533
-0.0036201298566183393
-0.014577648954397037
-0.027156900349165743
-0.00938628927177489
-0.019853147323899145
-0.007472699413604845
-0.03138571906158194
-0.027156900349165743
-0.01418665153899533
-0.007605398972990665
-0.024051735412374126
-0.014577648954397037
-0.001068621988809157
-0.027450161596577455
-0.008204443793367287
0.007724226507778825
-0.027156900349165743
-0.015569094270695628
-0.02187918416706995
0.009071592120597686
0.009071592120597686
-0.006958300742255307
-0.001068621988809157
-0.00938628927177489
-0.036317672943941205
-0.018515379857526104
-0.02187918416706995
0.009071592120597686
-0.031961560455807364
-0.019853147323899145
-0.015926500877067394
-0.019853147323899145
-0.031961560455807364
-0.015569094270695628
-0.007605398972990665
-0.007472699413604845
-0.006958300742255307
-0.00938628927177489
-2.071703982972964e-05
-0.027450161596577455
-2.071703982972964e-05
-0.014577648954397037
-0.007472699413604845
-0.027450161596577455
-0.036317672943941205
-0.007472699413604845
-0.015569094270695628
-0.003456363321109596
-0.002941531629482756
-2.071703982972964e-05
0.004320677423865626
0.00281989002473465
-0.008204443793367287
-0.015000930503716618
-0.01973523018203834
-0.002941531629482756
-0.027156900349165743
-0.027156900349165743
-0.018137261823141168
-0.003456363321109596
0.00281989002473465
-0.027156900349165743
-0.02187918416706995
0.00281989002473465
0.00281989002473465
-0.02187918416706995
-0.018137261823141168
-0.036317672943941205
-0.027450161596577455
-0.031961560455807364
-0.00938628927177489
-2.071703982972964e-05
-0.019853147323899145
-0.024051735412374126
-0.01973523018203834
-0.00938628927177489
-0.016162928263755094
-0.007605398972990665
-0.031961560455807364
-2.071703982972964e-05
-0.003456363321109596
-0.015000930503716618
0.009071592120597686
-0.01418665153899533
-0.02187918416706995
-0.00923660619612596
0.004320677423865626
0.00017393034911608864
0.00281989002473465
-0.019853147323899145
-0.018515379857526104
-0.012509770157222546
-0.015000930503716618
-0.003456363321109596
-0.002941531629482756
-0.01418665153899533
-0.027450161596577455
-0.00938628927177489
-0.006958300742255307
-0.02187918416706995
-0.0036201298566183393
-0.027156900349165743
-0.002941531629482756
-0.019853147323899145
0.009071592120597686
-0.003456363321109596
-0.00938628927177489
-0.014577648954397037
-0.031961560455807364
0.007724226507778825
-0.002941531629482756
0.018364073874656568
-0.003456363321109596
-0.03138571906158194
-0.019853147323899145
-0.014577648954397037
-0.008204443793367287
-0.018137261823141168
-0.012509770157222546
-0.014577648954397037
-0.0036201298566183393
-0.0011528779134010925
0.004320677423865626
-0.001068621988809157
-0.003456363321109596
-0.007605398972990665
0.007724226507778825
-0.001068621988809157
-0.015569094270695628
-0.012509770157222546
0.00281989002473465
-0.02187918416706995
-0.003456363321109596
-0.006958300742255307
-0.031961560455807364
-0.007472699413604845
-0.012509770157222546
-2.071703982972964e-05
-0.0036201298566183393
-0.018137261823141168
-0.008204443793367287
-0.016162928263755094
-0.015926500877067394
-0.007605398972990665
-0.003456363321109596
0.009071592120597686
-0.014577648954397037
-0.008204443793367287
-0.031961560455807364
-0.014577648954397037
-0.01973523018203834
0.018364073874656568
0.00017393034911608864
-0.015569094270695628
0.018364073874656568
-0.027156900349165743
-0.031961560455807364
-0.012509770157222546
-0.007472699413604845
-0.031961560455807364
0.004320677423865626
-0.002941531629482756
-0.01973523018203834
-0.01418665153899533
-0.014577648954397037
-0.006958300742255307
-0.024051735412374126
-0.015000930503716618
-0.0036201298566183393
0.007724226507778825
-0.018515379857526104
-0.02187918416706995
-0.015926500877067394
-0.008204443793367287
-0.018137261823141168
-0.015926500877067394
-0.00938628927177489
-0.012509770157222546
-0.018515379857526104
-0.031961560455807364
-0.027450161596577455
-0.007605398972990665
-0.024051735412374126
-0.018515379857526104
-0.036317672943941205
0.00017393034911608864
-0.002941531629482756
-0.018515379857526104
-0.03138571906158194
-0.027450161596577455
-2.071703982972964e-05
-0.02187918416706995
-0.015569094270695628
-0.019853147323899145
0.00281989002473465
0.009071592120597686
-0.019853147323899145
-0.027450161596577455
0.009071592120597686
-0.03138571906158194
-0.008204443793367287
-0.012509770157222546
-0.001068621988809157
-0.027450161596577455
-0.012509770157222546
-0.036317672943941205
-0.008204443793367287
0.007724226507778825
-0.006958300742255307
-0.0036201298566183393
-0.012509770157222546
-0.018137261823141168
-0.00923660619612596
0.00017393034911608864
-0.027450161596577455
0.007724226507778825
-0.007605398972990665
-0.01418665153899533
-0.018137261823141168
-0.016162928263755094
0.00017393034911608864
-0.0011528779134010925
-0.018515379857526104
0.007724226507778825
-0.018137261823141168
-0.036317672943941205
-0.03138571906158194
-0.00938628927177489
0.00017393034911608864
0.004320677423865626
-0.00938628927177489
-0.018137261823141168
-0.0036201298566183393
0.004320677423865626
-0.001068621988809157
-0.007605398972990665
-0.014577648954397037
-0.016162928263755094
-2.071703982972964e-05
0.00281989002473465
0.007724226507778825
0.007724226507778825
0.004320677423865626
0.00281989002473465
-0.015000930503716618
-0.01418665153899533
-0.031961560455807364
-0.0011528779134010925
-0.027156900349165743
-0.007472699413604845
-0.018515379857526104
-0.018137261823141168
-0.006958300742255307
-0.027450161596577455
-0.015000930503716618
0.00281989002473465
0.018364073874656568
-0.014577648954397037
-0.00923660619612596
-0.016162928263755094
-0.024051735412374126
-0.007605398972990665
-0.00938628927177489
-0.003456363321109596
-0.007605398972990665
-0.008204443793367287
-0.019853147323899145
-0.019853147323899145
-0.003456363321109596
-0.031961560455807364
0.007724226507778825
-0.024051735412374126
-0.01973523018203834
0.004320677423865626
-0.001068621988809157
0.004320677423865626
0.00017393034911608864
-0.00923660619612596
-2.071703982972964e-05
-0.027450161596577455
-0.02187918416706995
-0.003456363321109596
0.018364073874656568
0.009071592120597686
-0.03138571906158194
-0.002941531629482756
-0.012509770157222546
-0.006958300742255307
-0.008204443793367287
0.007724226507778825
-0.01418665153899533
-0.02187918416706995
-0.01973523018203834
-0.003456363321109596
-0.006958300742255307
-0.006958300742255307
-0.018137261823141168
0.007724226507778825
-0.018137261823141168
-0.018137261823141168
-0.00938628927177489
-0.0036201298566183393
0.018364073874656568
-0.00923660619612596
-0.027156900349165743
-0.015926500877067394
-0.018515379857526104
-0.01973523018203834
0.00281989002473465
-0.027156900349165743
-0.001068621988809157
-0.001068621988809157
0.009071592120597686
0.00017393034911608864
-0.027450161596577455
-0.036317672943941205
-0.012509770157222546
-0.003456363321109596
-0.007472699413604845
-0.00923660619612596
0.009071592120597686
-0.014577648954397037
-0.015000930503716618
-0.015569094270695628
-0.018515379857526104
-0.018137261823141168
-0.0036201298566183393
0.00017393034911608864
-0.00923660619612596
-0.012509770157222546
-0.031961560455807364
0.00281989002473465
0.00281989002473465
-0.018137261823141168
-0.03138571906158194
-0.01973523018203834
-0.03138571906158194
0.009071592120597686
-0.00938628927177489
-0.024051735412374126
-0.001068621988809157
-0.02187918416706995
0.004320677423865626
-0.012509770157222546
-0.01973523018203834
-0.027156900349165743
-0.027156900349165743
-0.014577648954397037
-0.007472699413604845
-0.03138571906158194
-0.02187918416706995
-0.015569094270695628
-0.00938628927177489
0.00281989002473465
-0.018515379857526104
-0.012509770157222546
-0.018137261823141168
-0.01973523018203834
-2.071703982972964e-05
-0.015926500877067394
-0.00923660619612596
-0.00923660619612596
-0.03138571906158194
-0.014577648954397037
0.00017393034911608864
-0.001068621988809157
-0.001068621988809157
-0.00923660619612596
-0.0036201298566183393
-2.071703982972964e-05
-0.001068621988809157
-0.03138571906158194
-0.001068621988809157
-0.01418665153899533
-0.00923660619612596
-0.027450161596577455
-0.024051735412374126
-0.019853147323899145
-0.016162928263755094
-0.036317672943941205
-0.008204443793367287
-0.024051735412374126
-0.00938628927177489
-0.014577648954397037
-0.019853147323899145
-0.02187918416706995
0.009071592120597686
-0.00923660619612596
0.007724226507778825
-0.027450161596577455
-0.01418665153899533
-0.01973523018203834
-0.01973523018203834
-0.018137261823141168
-0.002941531629482756
0.009071592120597686
-0.015000930503716618
-0.008204443793367287
0.00017393034911608864
-0.00923660619612596
-0.02187918416706995
0.007724226507778825
0.00017393034911608864
0.018364073874656568
-0.018515379857526104
-0.007472699413604845
-0.00938628927177489
-0.018137261823141168
-0.003456363321109596
-0.018137261823141168
0.009071592120597686
-0.015926500877067394
-0.031961560455807364
-0.015569094270695628
-0.012509770157222546
-0.02187918416706995
-0.031961560455807364
0.00281989002473465
-0.015926500877067394
-0.006958300742255307
-0.008204443793367287
-0.001068621988809157
-0.015000930503716618
-0.015569094270695628
0.007724226507778825
-0.016162928263755094
-0.014577648954397037
-0.03138571906158194
-0.027450161596577455
0.007724226507778825
0.00017393034911608864
-2.071703982972964e-05
-2.071703982972964e-05
-0.008204443793367287
-0.00938628927177489
-0.014577648954397037
-0.0011528779134010925
-0.0011528779134010925
0.018364073874656568
0.004320677423865626
-0.036317672943941205
0.018364073874656568
-0.015000930503716618
-0.01418665153899533
0.018364073874656568
0.004320677423865626
-0.016162928263755094
-0.001068621988809157
-0.036317672943941205
-0.01418665153899533
-0.02187918416706995
-0.007472699413604845
-0.015569094270695628
-0.014577648954397037
-0.024051735412374126
-2.071703982972964e-05
-0.019853147323899145
-0.018515379857526104
-0.018515379857526104
0.004320677423865626
-0.027156900349165743
