-0.021799486690684825
-0.011009283070406894
-0.008823660313310399
0.0070598915797631745
-0.0012645902792644448
-0.012052972788870632
-0.025030579796392626
0.005651332638751959
0.009571086090090377
0.009713028949555768
0.00707561479775761
0.0035352723267582176
-0.010477279843374827
0.005651332638751959
0.009713028949555768
-0.001743872035923539
-0.006031152367043605
-0.03809682379397254
-0.0015431698654033241
-0.0012645902792644448
-0.0389186816022403
-0.005734766033851998
-0.014624591507963114
-0.015309293794483867
-0.005353381224634731
-0.0020869001070939444
-0.005220519298814886
-0.005220519298814886
-0.025754841240290382
-0.008809753791406824
-0.0012645902792644448
-0.01894911736698311
-0.008809753791406824
-0.016998900237670103
-0.015132363035616552
-0.014989516154864246
0.01801880613714644
-0.02350729771936065
-0.02350729771936065
-0.006460603808053193
0.002670624124190198
0.015854059912663657
-0.0012927205598334082
-0.014624591507963114
-0.012193019526037149
-0.023851446160805798
-0.013293341402498535
-0.016998900237670103
0.0009609079698050045
-0.009332857790733024
-0.002041208037455511
-0.014510933933288943
-0.007512675437275728
-0.00027104419852639494
-0.019135850676986733
-0.014148153404359907
-0.015309293794483867
-0.021820012410338784
-0.02350729771936065
-0.025754841240290382
-0.005353381224634731
-0.006460603808053193
0.00707561479775761
-0.0062129118940458545
-0.004813301968805414
-0.01342673231751825
-0.008123775773570534
-0.021799486690684825
-0.01894911736698311
-0.013865749780792191
-0.00721258561391769
-0.010536887486446565
-0.014194607102390669
-0.0389186816022403
-0.00922978066717372
0.00104030666244288
-0.011009283070406894
-0.005973950671665039
-0.020717926433308755
-0.012188025707962057
-0.009910298448226974
0.0019975354731994618
-0.03690855135105664
-0.006051204814970343
0.007038009655703713
-0.025030579796392626
-0.020717926433308755
-0.005067221910042296
-0.013865749780792191
-0.00894738704474167
-0.013293341402498535
-0.013363761759034162
-0.01894911736698311
-0.006051204814970343
-0.004096540466741868
-0.015132363035616552
-0.01766093889730758
-0.01894911736698311
-0.00922978066717372
-0.0300127422481981
-0.0062129118940458545
-0.00894738704474167
-0.007367577227192148
-0.020299083782227
-0.015309293794483867
-0.0389186816022403
-0.0034362879297684915
-0.012244057409508902
-0.013291731452378289
0.0035352723267582176
-0.025030579796392626
-0.013434862692335152
-0.005746652719138677
-0.01766093889730758
0.0093789803422659
-0.014148153404359907
-0.02370775897475533
-0.011829418324082897
0.0056864492061493134
-0.008809753791406824
-0.02350729771936065
0.015854059912663657
-0.006117340236509848
-0.013293341402498535
-0.005734766033851998
-0.03809682379397254
-0.001034434242298737
-0.020172075098822444
-0.003562813309265943
-0.02370775897475533
-0.03613161963492254
-0.03690855135105664
-0.008289694111457371
-0.020451364034449627
-0.013363761759034162
-0.011260143736666327
-0.0015431698654033241
-0.006117340236509848
0.0019975354731994618
-0.0015431698654033241
-0.008823660313310399
-0.00622009709077778
-0.012244057409508902
-0.032085322144768606
-0.011418595671513768
-0.0020164394468940813
-0.005746652719138677
-0.0062129118940458545
-0.03313561445498182
-0.009907008921681571
-0.0018805444568712755
-0.029464258035347045
-0.006031152367043605
-0.0062129118940458545
0.01989612103240802
-0.011009283070406894
-0.031073393446792753
0.0093789803422659
-0.0062129118940458545
0.009571086090090377
-0.016998900237670103
-0.020451364034449627
-0.019638889986604187
-0.014624591507963114
-0.013291731452378289
-0.0059071788485443285
-0.011260143736666327
-0.014148153404359907
0.009054336534230704
-0.005067221910042296
-0.03712973612435983
0.01989612103240802
-0.0028731557770510364
-0.003562813309265943
-0.020172075098822444
-0.008823660313310399
-0.03613161963492254
-0.007512675437275728
-0.01766093889730758
-0.008809753791406824
-0.014148153404359907
0.0093789803422659
-0.004096540466741868
-0.003562813309265943
0.009054336534230704
-0.02370775897475533
-0.020060587868851645
-0.006460603808053193
-0.011829418324082897
-0.0389186816022403
-0.0020869001070939444
-0.008823660313310399
-0.007512675437275728
-0.010477279843374827
0.0005570375692617519
0.005206328830579377
-0.013291731452378289
-0.013865749780792191
-0.030841825305710134
-0.026531810921524134
-0.03613161963492254
-0.016998900237670103
-0.0012645902792644448
-0.004096540466741868
-0.020060587868851645
-0.00622009709077778
-0.005973950671665039
-0.008458982750597753
-0.0028731557770510364
0.01801880613714644
0.009713028949555768
-0.02820437338312656
0.002670624124190198
-0.025030579796392626
-0.006051204814970343
0.01801880613714644
-0.015112396012965401
0.0056864492061493134
0.014155144667813013
-0.03712973612435983
-0.013363761759034162
-0.007512675437275728
0.0009609079698050045
-0.021820012410338784
-0.03620161029923677
-0.025030579796392626
-0.006031152367043605
-0.008823660313310399
0.0070598915797631745
-0.007512675437275728
-0.015132363035616552
-0.001034434242298737
-0.0020869001070939444
-0.02820437338312656
-0.011728898982153053
-0.0012927205598334082
-0.004813301968805414
-0.02370775897475533
-0.009910298448226974
-0.0035978747498315853
0.00707561479775761
-0.0028731557770510364
-0.011009283070406894
-0.016992029736283516
0.009054336534230704
-0.021820012410338784
-0.005973950671665039
-0.010477279843374827
-0.007543652462353256
-0.0059071788485443285
-0.0320437950917179
-0.01766093889730758
-0.031073393446792753
-0.013291731452378289
-0.005067221910042296
-0.015559850200787538
0.005206328830579377
-0.014989516154864246
-0.023851446160805798
-0.02350729771936065
-0.012141296629826404
-0.0018805444568712755
-0.02785444956939835
-0.03690855135105664
-0.020172075098822444
-0.03620161029923677
-0.011829418324082897
0.014155144667813013
-0.021820012410338784
-0.005067221910042296
-0.020299083782227
0.005651332638751959
-0.005220519298814886
-0.0015431698654033241
0.005651332638751959
-0.020451364034449627
0.0035352723267582176
-0.001743872035923539
0.0009609079698050045
-0.03620161029923677
-0.036400591101631005
-0.006031152367043605
-0.008809753791406824
-0.012244057409508902
-0.014989516154864246
-0.006058353694646881
-0.01342673231751825
-0.011750240059566994
-0.008522707243406463
-0.031073393446792753
0.0004599408764898058
-0.00622009709077778
0.00104030666244288
-0.011031581647273107
-0.006051204814970343
0.014155144667813013
-0.0020164394468940813
-0.011418595671513768
-0.0320437950917179
-0.00066207591580914
-0.004226025678539296
-0.02928844768117315
-0.011829418324082897
-0.023851446160805798
-0.0059071788485443285
-0.011009283070406894
0.01801880613714644
-0.011829418324082897
0.0035352723267582176
0.008985590540611725
-0.0059071788485443285
0.005651332638751959
0.009571086090090377
-0.006460603808053193
-0.020717926433308755
-0.03690855135105664
0.03641801284840559
0.0056864492061493134
-0.011197345084975148
0.0035352723267582176
-0.02785444956939835
-0.0028731557770510364
-0.020451364034449627
-0.0062129118940458545
0.009571086090090377
0.015854059912663657
0.014155144667813013
-0.020451364034449627
0.0004599408764898058
-0.011750240059566994
-0.014624591507963114
-0.014991946638147883
-0.008123775773570534
-0.0034124496569839244
-0.006209219274695667
0.008905017973394519
-0.015132363035616552
-0.020172075098822444
-0.011418595671513768
-0.00721258561391769
-0.012188025707962057
0.005651332638751959
-0.001034434242298737
-0.020637811833192046
-0.006058353694646881
-0.008458982750597753
-0.0035978747498315853
-0.0020869001070939444
-0.005734766033851998
-0.006460603808053193
-0.019135850676986733
-0.005746652719138677
-0.004359295757799886
-0.023851446160805798
0.0005570375692617519
-0.02350729771936065
-0.031073393446792753
0.0009609079698050045
-0.0389186816022403
-0.011009283070406894
-0.03613161963492254
-0.015112396012965401
-0.013293341402498535
-0.002041208037455511
-0.006058353694646881
-0.025030579796392626
-0.01342673231751825
-0.013363761759034162
-0.004096540466741868
0.0093789803422659
-0.021820012410338784
-0.01766093889730758
-0.012141296629826404
-0.0389186816022403
-0.0012645902792644448
-0.021820012410338784
0.009054336534230704
-0.031073393446792753
-0.01871711461388531
-0.0059071788485443285
0.007038009655703713
-0.004226025678539296
-0.013865749780792191
0.00707561479775761
0.0035352723267582176
-0.03712973612435983
0.007038009655703713
-0.02350729771936065
-0.010477279843374827
-0.020172075098822444
-0.025030579796392626
-0.005353381224634731
-0.009910298448226974
-0.0050910812081500475
-0.03613161963492254
-0.0062129118940458545
-0.014989516154864246
-0.01342673231751825
-0.00066207591580914
-0.03313561445498182
0.0004599408764898058
-0.003562813309265943
-0.03690855135105664
-0.0015431698654033241
-0.004813301968805414
0.0004599408764898058
-0.026531810921524134
-0.008823660313310399
-0.00027104419852639494
-0.004813301968805414
-0.019638889986604187
-0.031073393446792753
-0.006051204814970343
0.002670624124190198
-0.021820012410338784
-0.008289694111457371
-0.004359295757799886
0.014155144667813013
-0.030841825305710134
-0.006051204814970343
0.0093789803422659
0.015854059912663657
-0.015559850200787538
-0.004226025678539296
-0.020299083782227
0.005651332638751959
-0.032085322144768606
-0.031073393446792753
-0.00066207591580914
-0.008809753791406824
-0.005734766033851998
-0.008458982750597753
0.03641801284840559
-0.014510933933288943
-0.012193019526037149
-0.005067221910042296
-0.021820012410338784
-0.007543652462353256
-0.0389186816022403
-0.019135850676986733
-0.023851446160805798
-0.011418595671513768
-0.03313561445498182
0.005651332638751959
0.005206328830579377
-0.00066207591580914
0.01989612103240802
-0.011750240059566994
-0.00894738704474167
-0.0024401880221090566
-0.011829418324082897
-0.030841825305710134
-0.00622009709077778
-0.021799486690684825
0.0093789803422659
-0.02350729771936065
-0.004096540466741868
0.00104030666244288
-0.019638889986604187
-0.03690855135105664
-0.008123775773570534
-0.016404302234530873
-0.006460603808053193
-0.015309293794483867
0.0004599408764898058
-0.002041208037455511
-0.016992029736283516
-0.015132363035616552
-0.0320437950917179
-0.010536887486446565
-0.00721258561391769
-0.005067221910042296
-0.015132363035616552
-0.009252886464789766
0.0056864492061493134
-0.016992029736283516
-0.003562813309265943
-0.004096540466741868
-0.013363761759034162
0.0009609079698050045
-0.002041208037455511
0.009713028949555768
0.01801880613714644
-0.03613161963492254
0.009713028949555768
0.009571086090090377
-0.0389186816022403
-0.0050910812081500475
-0.014989516154864246
-0.005734766033851998
-0.0050910812081500475
-0.016992029736283516
-0.0320437950917179
-0.00027104419852639494
-0.0035978747498315853
-0.020299083782227
-0.03313561445498182
0.005206328830579377
-0.00721258561391769
-0.03809682379397254
-0.001743872035923539
-0.007512675437275728
0.014155144667813013
-0.006031152367043605
-0.012052972788870632
-0.006209219274695667
-0.019135850676986733
-0.01894911736698311
-0.03712973612435983
0.002670624124190198
0.00707561479775761
-0.0024401880221090566
-0.004226025678539296
-0.010536887486446565
-0.007367577227192148
-0.0015431698654033241
-0.04152825097749708
0.002670624124190198
-0.021799486690684825
-0.004096540466741868
-0.014510933933288943
-0.015559850200787538
-0.013865749780792191
-0.003562813309265943
-0.015309293794483867
-0.012193019526037149
-0.0012927205598334082
-0.03690855135105664
-0.013865749780792191
-0.009910298448226974
0.0035352723267582176
-0.011728898982153053
-0.008458982750597753
0.0004599408764898058
-0.030841825305710134
-0.01894911736698311
-0.001743872035923539
-0.009252886464789766
0.01989612103240802
-0.030841825305710134
0.01989612103240802
-0.008809753791406824
0.01801880613714644
-0.005734766033851998
0.005651332638751959
-0.011197345084975148
-0.008289694111457371
-0.02928844768117315
-0.029464258035347045
-0.036400591101631005
-0.01871711461388531
0.01989612103240802
0.005206328830579377
-0.011728898982153053
-0.011418595671513768
-0.004359295757799886
-0.013865749780792191
-0.020717926433308755
-0.01871711461388531
-0.02658677618164192
-0.03620161029923677
-0.020717926433308755
-0.03313561445498182
-0.012188025707962057
-0.019638889986604187
-0.0024401880221090566
-0.0020869001070939444
-0.03613161963492254
-0.004226025678539296
-0.004813301968805414
-0.002041208037455511
-0.019135850676986733
-0.006058353694646881
-0.013293341402498535
-0.014989516154864246
0.005651332638751959
-0.020717926433308755
-0.00027104419852639494
-0.0012645902792644448
-0.02370775897475533
-0.03620161029923677
-0.026531810921524134
-0.015559850200787538
-0.011197345084975148
-0.011009283070406894
-0.00721258561391769
-0.0024401880221090566
-0.01342673231751825
-0.023851446160805798
-0.013434862692335152
-0.009252886464789766
0.0093789803422659
-0.008522707243406463
-0.02820437338312656
-0.005353381224634731
-0.0034362879297684915
0.009713028949555768
-0.006058353694646881
-0.0015431698654033241
-0.0059071788485443285
-0.010477279843374827
-0.020299083782227
-0.014989516154864246
-0.011728898982153053
-0.04152825097749708
-0.020637811833192046
-0.006051204814970343
-0.004096540466741868
-0.0050910812081500475
-0.005353381224634731
-0.005220519298814886
-0.0034362879297684915
-0.00027104419852639494
-0.006058353694646881
0.01989612103240802
-0.02350729771936065
-0.03313561445498182
-0.023851446160805798
0.00707561479775761
-0.016404302234530873
0.01989612103240802
-0.02820437338312656
0.00707561479775761
0.002670624124190198
0.015854059912663657
-0.009332857790733024
-0.013434862692335152
-0.008123775773570534
-0.003562813309265943
-0.008123775773570534
-0.00027104419852639494
-0.009907008921681571
-0.015132363035616552
-0.005973950671665039
-0.015112396012965401
-0.015132363035616552
-0.011829418324082897
-0.02370775897475533
-0.01871711461388531
-0.0012645902792644448
-0.005734766033851998
0.002670624124190198
-0.03620161029923677
-0.01766093889730758
-0.014624591507963114
-0.007367577227192148
-0.01871711461388531
-0.021799486690684825
-0.01871711461388531
0.0009609079698050045
-0.0059071788485443285
-0.015559850200787538
-0.020451364034449627
-0.0320437950917179
-0.023851446160805798
-0.008123775773570534
-0.00721258561391769
-0.020717926433308755
-0.011260143736666327
0.002670624124190198
-0.014194607102390669
-0.02658677618164192
0.03641801284840559
0.007038009655703713
0.0019975354731994618
-0.032085322144768606
-0.008809753791406824
-0.007367577227192148
-0.004096540466741868
0.00707561479775761
-0.005067221910042296
-0.036400591101631005
-0.0024401880221090566
-0.005220519298814886
0.002670624124190198
-0.025030579796392626
-0.031073393446792753
-0.01894911736698311
-0.011031581647273107
-0.0320437950917179
-0.031073393446792753
0.00707561479775761
0.0004599408764898058
0.0056864492061493134
-0.006051204814970343
-0.004226025678539296
-0.013865749780792191
-0.00622009709077778
-0.008823660313310399
-0.006209219274695667
-0.013363761759034162
-0.004813301968805414
-0.03620161029923677
0.008905017973394519
-0.007367577227192148
-0.020717926433308755
-0.007543652462353256
-0.011009283070406894
-0.0012645902792644448
-0.014624591507963114
-0.012193019526037149
-0.006209219274695667
-0.019638889986604187
-0.007367577227192148
-0.00922978066717372
-0.021820012410338784
-0.029464258035347045
-0.004359295757799886
-0.011750240059566994
-0.00894738704474167
0.0056864492061493134
-0.021799486690684825
-0.015132363035616552
-0.014148153404359907
-0.010536887486446565
-0.001034434242298737
-0.0024401880221090566
0.01801880613714644
-0.020637811833192046
-0.001743872035923539
-0.019638889986604187
-0.03313561445498182
0.03641801284840559
-0.013363761759034162
-0.01342673231751825
-0.020451364034449627
-0.0035978747498315853
-0.006117340236509848
-0.008289694111457371
-0.014991946638147883
-0.032085322144768606
-0.011197345084975148
-0.00721258561391769
-0.03712973612435983
0.002670624124190198
-0.001034434242298737
-0.006117340236509848
-0.011418595671513768
-0.0389186816022403
-0.02785444956939835
-0.004226025678539296
-0.020299083782227
-0.0034124496569839244
-0.005067221910042296
-0.011260143736666327
-0.011260143736666327
0.03641801284840559
-0.0020869001070939444
-0.03690855135105664
-0.015112396012965401
-0.0018805444568712755
-0.005353381224634731
-0.002041208037455511
-0.00922978066717372
-0.02350729771936065
0.005651332638751959
-0.02658677618164192
0.009054336534230704
-0.015559850200787538
-0.0050910812081500475
-0.0035978747498315853
-0.013291731452378289
-0.007543652462353256
-0.013363761759034162
-0.01766093889730758
-0.029464258035347045
0.01989612103240802
-0.005220519298814886
-0.011750240059566994
-0.03313561445498182
-0.0020164394468940813
-0.014148153404359907
0.0004599408764898058
-0.019135850676986733
-0.00066207591580914
-0.020717926433308755
-0.032085322144768606
-0.00721258561391769
-0.015309293794483867
0.005651332638751959
-0.02370775897475533
-0.014991946638147883
-0.013434862692335152
-0.011031581647273107
0.015854059912663657
-0.00721258561391769
-0.011009283070406894
0.03641801284840559
0.002670624124190198
-0.011031581647273107
0.015854059912663657
0.009713028949555768
-0.004813301968805414
-0.015132363035616552
-0.0012645902792644448
-0.012193019526037149
-0.020172075098822444
-0.03690855135105664
-0.0300127422481981
-0.031073393446792753
-0.013865749780792191
-0.03809682379397254
-0.014148153404359907
0.00104030666244288
-0.001743872035923539
-0.00894738704474167
-0.012052972788870632
-0.0389186816022403
-0.008522707243406463
-0.007543652462353256
-0.0035978747498315853
-0.00721258561391769
0.009054336534230704
-0.014148153404359907
-0.008458982750597753
-0.005220519298814886
-0.013363761759034162
-0.014148153404359907
-0.006031152367043605
-0.008458982750597753
0.0019975354731994618
-0.04152825097749708
-0.008123775773570534
-0.015559850200787538
0.009713028949555768
0.015854059912663657
-0.011829418324082897
-0.0018805444568712755
-0.03613161963492254
-0.0024401880221090566
-0.008522707243406463
-0.02370775897475533
0.002670624124190198
-0.0062129118940458545
-0.016404302234530873
-0.010536887486446565
0.0070598915797631745
0.01989612103240802
-0.004359295757799886
-0.00027104419852639494
0.007038009655703713
-0.0020164394468940813
-0.008522707243406463
0.008985590540611725
0.009713028949555768
-0.01342673231751825
-0.011009283070406894
-0.005734766033851998
-0.005067221910042296
-0.00027104419852639494
-0.0020164394468940813
-0.015309293794483867
-0.03613161963492254
0.0004599408764898058
-0.0020869001070939444
-0.010536887486446565
-0.014148153404359907
-0.014148153404359907
-0.0018805444568712755
-0.0034124496569839244
-0.020299083782227
0.0070598915797631745
-0.03712973612435983
-0.011728898982153053
-0.014989516154864246
-0.005973950671665039
0.005206328830579377
0.014155144667813013
-0.0020164394468940813
-0.011009283070406894
-0.001743872035923539
-0.016404302234530873
-0.013865749780792191
-0.02785444956939835
-0.014989516154864246
0.0035352723267582176
-0.010536887486446565
0.009054336534230704
-0.002041208037455511
-0.01871711461388531
-0.014148153404359907
-0.006031152367043605
0.0070598915797631745
-0.014148153404359907
-0.0024401880221090566
-0.03712973612435983
-0.006209219274695667
-0.009332857790733024
-0.0018805444568712755
-0.02820437338312656
-0.02820437338312656
-0.011260143736666327
-0.0015431698654033241
-0.02785444956939835
-0.031073393446792753
-0.01342673231751825
-0.036400591101631005
-0.016998900237670103
-0.014624591507963114
-0.031073393446792753
-0.016404302234530873
-0.011829418324082897
0.00707561479775761
-0.013434862692335152
-0.023851446160805798
0.0056864492061493134
0.009571086090090377
-0.012052972788870632
0.0056864492061493134
-0.036400591101631005
-0.03712973612435983
-0.0034362879297684915
-0.032085322144768606
-0.008289694111457371
-0.015309293794483867
-0.016404302234530873
-0.014194607102390669
-0.014989516154864246
-0.019638889986604187
-0.020060587868851645
-0.014510933933288943
0.0035352723267582176
-0.020451364034449627
-0.011728898982153053
-0.010536887486446565
-0.006058353694646881
-0.019638889986604187
-0.0028731557770510364
-0.021820012410338784
-0.0028731557770510364
-0.016404302234530873
0.005651332638751959
-0.03809682379397254
0.0019975354731994618
-0.029464258035347045
-0.012193019526037149
-0.014989516154864246
-0.012188025707962057
0.005651332638751959
-0.014510933933288943
-0.013291731452378289
-0.0012927205598334082
-0.006058353694646881
-0.036400591101631005
-0.0050910812081500475
-0.014624591507963114
-0.004226025678539296
0.01801880613714644
-0.011009283070406894
-0.01894911736698311
-0.0028731557770510364
-0.005353381224634731
-0.013291731452378289
0.0070598915797631745
-0.020717926433308755
-0.01894911736698311
-0.004096540466741868
-0.01342673231751825
-0.0012927205598334082
-0.03613161963492254
-0.0035978747498315853
-0.03690855135105664
-0.0020869001070939444
-0.00027104419852639494
-0.020299083782227
-0.0034124496569839244
0.0004599408764898058
0.005206328830579377
-0.007543652462353256
-0.012052972788870632
-0.03690855135105664
-0.014194607102390669
-0.0012927205598334082
-0.013434862692335152
-0.007543652462353256
-0.013865749780792191
0.005206328830579377
-0.0020869001070939444
-0.012193019526037149
-0.0024401880221090566
-0.00721258561391769
-0.0050910812081500475
-0.008809753791406824
-0.001743872035923539
-0.019135850676986733
0.01989612103240802
-0.02658677618164192
-0.019135850676986733
-0.020060587868851645
-0.011829418324082897
-0.010536887486446565
-0.005746652719138677
0.0019975354731994618
-0.014991946638147883
0.008905017973394519
-0.0020869001070939444
-0.01894911736698311
-0.015112396012965401
0.009054336534230704
-0.006209219274695667
