-0.037320410674425035
0.00448440601606025
-0.06036550089886111
-0.03091750074636409
-0.06707323164372803
-0.017689977514816938
0.006087063725890738
-0.007884785415727359
-0.026153305535584998
-0.03585701114373806
-0.007884785415727359
-0.00655590751596047
-0.027328917746093168
-0.03815099953100642
-0.024328012746303217
-0.04374613431793382
-0.03815099953100642
0.00448440601606025
-0.04304171938364446
-0.01305219452956642
0.002494261309999464
-0.04057072287727784
-0.05120177697239448
-0.01803239123139602
-0.028399518258607957
-0.054010582762014654
-0.03659052790330795
-0.025353381916059254
-0.03161067946365668
0.04944218960817012
-0.02393147771263753
-0.025530234194487654
-0.022942731847080868
-0.025912716256320464
0.0012976919922260176
-0.03166242045179429
0.009515341454112397
-0.01680330501050664
-0.015642950317231737
-0.028997704231856672
-0.019958502564334474
-0.05884444493737004
0.00469267307305423
-0.0517360701267129
0.009515341454112397
-0.005988130043400704
-0.03091750074636409
-0.02014987392439369
-0.03467595472305741
-0.030630268177705405
-0.06036550089886111
-0.051925860243003746
-0.05563571791915537
-0.03436774948249911
-0.01753444681542294
-0.030630268177705405
0.035241167658803446
-0.03926029363052619
-0.0058401876488327975
-0.027592260491698623
-0.028068351337482554
-0.002866750416059804
0.0012976919922260176
-0.025353381916059254
-0.02315462117134352
-0.006871910497541772
-0.002866750416059804
-0.006871910497541772
-0.02225093120081775
-0.026153305535584998
-0.04374613431793382
-0.034195987068626095
0.002765289711605067
-0.006019879558787564
-0.030239503881042837
-0.01138609429362492
-0.017390269177923842
-0.05458449427612961
-0.006871910497541772
-0.01803239123139602
-0.0058401876488327975
0.008697146930913167
-0.018499687392550836
-0.030630268177705405
-0.0073919335473133915
-0.05458449427612961
-0.044210932993836785
-0.027859134409336423
-0.0073919335473133915
-0.05120177697239448
0.013737629554164276
-0.02135398870595814
-0.015642950317231737
-0.048442963990495615
-0.03585701114373806
-0.028997704231856672
-0.05931647357049175
0.006087063725890738
-0.025912716256320464
-0.026074632820479126
-0.04882365971114098
-0.024328012746303217
-0.034195987068626095
-0.0073919335473133915
-0.01305219452956642
-0.0008497963119964335
-0.03052341184149267
-0.027859134409336423
-0.01823005069163378
-0.03467595472305741
0.002765289711605067
-0.02452392103220203
-0.028399518258607957
-0.015642950317231737
-0.02277730953360685
-0.02608443491016216
-0.03098679045451338
-0.02315462117134352
-0.028046725811109657
-0.052990536546846996
-0.012641304893947504
-0.03446561266826712
-0.03686696754218184
-0.007884785415727359
-0.026074632820479126
0.00469267307305423
-0.01911505151675768
0.007648335102978516
-0.04057072287727784
-0.024328012746303217
-0.0058401876488327975
-0.0517360701267129
-0.0378524803272169
-0.03534935961722664
-0.03091750074636409
-0.03815099953100642
-0.03446561266826712
-0.00977815951838992
-0.03686696754218184
-0.01305219452956642
-0.026074632820479126
-0.006871910497541772
-0.02244325218610418
-0.05120177697239448
-0.02608443491016216
-0.01680330501050664
-0.00954002757105223
-0.006871910497541772
-0.012641304893947504
-0.01680330501050664
0.009515341454112397
-0.025284682257415033
-0.012942755703890632
-0.03098679045451338
-0.00847188197707159
-0.06036550089886111
-0.00847188197707159
-0.01305219452956642
-0.023048473196962297
-0.04536997985864012
-0.005955401581453109
-0.016843772477208127
-0.04536997985864012
-0.009822503177260668
-0.03052341184149267
-0.05458449427612961
-0.0008497963119964335
-0.04374613431793382
0.009515341454112397
-0.027859134409336423
-0.022333120979471117
-0.021147112536049145
-0.05884444493737004
-0.05458449427612961
-0.005988130043400704
-0.05458449427612961
-0.03659052790330795
-0.017689977514816938
-0.01911505151675768
-0.03467595472305741
0.0013131251420052815
-0.04304171938364446
-0.02608443491016216
-0.00847188197707159
-0.028399518258607957
-0.0073919335473133915
-0.036377767896751546
0.009515341454112397
-0.03647468969179261
-0.044210932993836785
-0.007254177161958283
-0.041431462423882646
-0.029319550128344366
-0.06270061148593203
-0.02225093120081775
-0.05884444493737004
-0.03091750074636409
-0.01680330501050664
-0.03897380188131877
-0.017390269177923842
-0.015642950317231737
-0.02412866173294152
-0.00977815951838992
0.009515341454112397
-0.0007422417442700177
0.014292436419277545
0.0012976919922260176
-0.0026954341864823617
-0.04304171938364446
0.014292436419277545
-0.01680330501050664
-0.028068351337482554
-0.037320410674425035
-0.03534935961722664
-0.028997704231856672
-0.030630268177705405
0.002201327523632696
-0.007802879200131269
-0.022942731847080868
-0.06707323164372803
-0.05931647357049175
-0.027859134409336423
0.008796359960378256
-0.05884444493737004
-0.0073919335473133915
-0.038155980586262565
-0.02452392103220203
-0.0008497963119964335
-0.021147112536049145
-0.05563571791915537
-0.022942731847080868
-0.02135398870595814
-0.05884444493737004
-0.0014904542142227767
-0.041960974328022045
-0.01138609429362492
-0.018499687392550836
-0.019195641885790295
-0.07076476322797348
-0.037320410674425035
-0.005988130043400704
-0.04536997985864012
-0.023022691705788703
-0.019958502564334474
-0.04985290482974825
-0.015642950317231737
-0.026153305535584998
-0.0378524803272169
-0.025353381916059254
-0.02135398870595814
-0.05120177697239448
-0.007254177161958283
-0.06707323164372803
-0.02277730953360685
0.0013131251420052815
0.002494261309999464
-0.03176185278208419
-0.006019879558787564
-0.04526610322140981
-0.06270061148593203
0.002765289711605067
-0.028399518258607957
-0.03166242045179429
0.009515341454112397
-0.02412866173294152
-0.04985290482974825
-0.03176185278208419
0.008697146930913167
-0.027328917746093168
-0.025716112474237246
-0.028997704231856672
-0.04057072287727784
-0.0039072944406957355
-0.03897380188131877
-0.036377767896751546
-0.036377767896751546
-0.007254177161958283
-0.048442963990495615
-0.01753444681542294
-0.016843772477208127
-0.01805865130462918
-0.03446561266826712
0.006087063725890738
-0.0014904542142227767
-0.02244325218610418
-0.034195987068626095
-0.044210932993836785
-0.06345867244090501
-0.03467595472305741
-0.03815099953100642
0.002494261309999464
-0.03114494987491941
-0.038155980586262565
-0.06707323164372803
-0.022333120979471117
-0.01138609429362492
-0.006871910497541772
-0.00977815951838992
-0.019195641885790295
-0.05120177697239448
-0.023282776937453654
-0.023022691705788703
-0.028068351337482554
-0.025912716256320464
-0.06286811341707116
-0.0073919335473133915
-0.06270061148593203
-0.028399518258607957
-0.051925860243003746
-0.034195987068626095
-0.03659052790330795
-0.03052341184149267
-0.04526610322140981
-0.03098679045451338
-0.0026954341864823617
-0.025284682257415033
-0.028399518258607957
-0.02452392103220203
-0.007254177161958283
0.009515341454112397
-0.0026954341864823617
-0.025284682257415033
-0.007884785415727359
-0.05931647357049175
-0.04536997985864012
-0.0008497963119964335
-0.05563571791915537
-0.019112320723211736
-0.01753444681542294
-0.01574686588621773
0.014292436419277545
-0.030630268177705405
-0.054010582762014654
-0.023022691705788703
-0.04692553404799847
-0.025353381916059254
-0.07076476322797348
-0.025530234194487654
-0.027328917746093168
-0.052990536546846996
-0.038155980586262565
0.002494261309999464
-0.028399518258607957
-0.06345867244090501
-0.023022691705788703
-0.027592260491698623
-0.00977815951838992
-0.06707323164372803
-0.023022691705788703
-0.02393147771263753
-0.027592260491698623
-0.029319550128344366
-0.0517360701267129
-0.00847188197707159
-0.03467595472305741
-0.007884785415727359
-0.025284682257415033
-0.009822503177260668
-0.01805865130462918
-0.03585701114373806
-0.015642950317231737
-0.052990536546846996
-0.03052341184149267
0.009515341454112397
-0.029366987118170304
-0.00954002757105223
-0.019958502564334474
-0.04485650994614998
-0.006871910497541772
-0.018499687392550836
-0.01305219452956642
-0.041431462423882646
-0.023282776937453654
-0.052990536546846996
-0.04143735920874337
-0.007884785415727359
-0.02277730953360685
-0.02452392103220203
-0.04374613431793382
-0.03897380188131877
-0.01305219452956642
-0.023282776937453654
-0.051925860243003746
-0.03585701114373806
-0.028068351337482554
-0.048442963990495615
-0.019958502564334474
-0.023022691705788703
-0.023022691705788703
-0.01805865130462918
-0.0039072944406957355
-0.04057072287727784
-0.04485650994614998
-0.03166242045179429
-0.0058401876488327975
-0.024328012746303217
-0.005955401581453109
-0.01803239123139602
0.04944218960817012
-0.023282776937453654
-0.02452392103220203
-0.025353381916059254
-0.00954002757105223
-0.030630268177705405
-0.025716112474237246
-0.024328012746303217
-0.03926029363052619
-0.019958502564334474
-0.06345867244090501
0.006087063725890738
-0.05458449427612961
-0.023022691705788703
-0.02393147771263753
-0.04485650994614998
-0.023022691705788703
-0.015642950317231737
-0.03166242045179429
-0.022942731847080868
-0.012942755703890632
-0.01805865130462918
-0.012641304893947504
-0.012641304893947504
-0.036377767896751546
0.00469267307305423
-0.025716112474237246
0.014292436419277545
-0.02277730953360685
-0.02412866173294152
-0.017390269177923842
-0.04938729483177955
-0.021147112536049145
0.014292436419277545
-0.00954002757105223
-0.009822503177260668
-0.01680330501050664
-0.03098679045451338
-0.02608443491016216
-0.037320410674425035
-0.00655590751596047
-0.025530234194487654
-0.037320410674425035
-0.017390269177923842
-0.03166242045179429
-0.03686696754218184
-0.06270061148593203
-0.006019879558787564
-0.051925860243003746
-0.02412866173294152
-0.00954002757105223
-0.03647468969179261
-0.024328012746303217
-0.02135398870595814
-0.0492412958471129
-0.02014987392439369
-0.03926029363052619
0.0013131251420052815
-0.0058401876488327975
-0.019958502564334474
-0.026074632820479126
-0.02135398870595814
0.031262646114331466
-0.041960974328022045
0.031262646114331466
-0.00954002757105223
-0.034195987068626095
-0.054010582762014654
-0.029319550128344366
-0.01138609429362492
-0.05563571791915537
-0.024328012746303217
0.013737629554164276
-0.034195987068626095
-0.02014987392439369
-0.03114494987491941
-0.03436774948249911
-0.026074632820479126
-0.017390269177923842
-0.03815099953100642
-0.02412866173294152
-0.021147112536049145
-0.028997704231856672
-0.03659052790330795
-0.026153305535584998
-0.02452392103220203
0.0012976919922260176
0.031262646114331466
-0.03446561266826712
-0.03114494987491941
-0.04485650994614998
-0.0073919335473133915
0.0012976919922260176
-0.03091750074636409
-0.02277730953360685
-0.03436774948249911
-0.03585701114373806
0.002494261309999464
-0.01753444681542294
-0.048442963990495615
-0.01305219452956642
-0.04057072287727784
-0.0039072944406957355
-0.028068351337482554
-0.01803239123139602
-0.038155980586262565
-0.025530234194487654
-0.01753444681542294
-0.03647468969179261
-0.03436774948249911
-0.03098679045451338
-0.038155980586262565
-0.030630268177705405
-0.01803239123139602
-0.048442963990495615
-0.05563571791915537
-0.015642950317231737
-0.028399518258607957
-0.03815099953100642
-0.02225093120081775
-0.025353381916059254
-0.025912716256320464
-0.006871910497541772
-0.044210932993836785
-0.025912716256320464
-0.0492412958471129
-0.009822503177260668
-0.019958502564334474
0.0026037283414284645
-0.029319550128344366
-0.04526610322140981
0.008796359960378256
-0.048442963990495615
0.0012976919922260176
-0.016843772477208127
-0.06345867244090501
-0.022942731847080868
-0.007254177161958283
-0.018499687392550836
-0.01680330501050664
-0.02225093120081775
-0.023048473196962297
-0.036377767896751546
-0.03534935961722664
-0.05120177697239448
-0.04304171938364446
0.002201327523632696
-0.04485650994614998
-0.02277730953360685
-0.025912716256320464
-0.05563571791915537
-0.02608443491016216
-0.0007422417442700177
-0.037320410674425035
-0.02452392103220203
-0.03161067946365668
-0.02244325218610418
0.013737629554164276
-0.0008497963119964335
-0.03686696754218184
-0.02315462117134352
0.002765289711605067
-0.03446561266826712
-0.01305219452956642
-0.0007422417442700177
-0.04985290482974825
-0.04536997985864012
-0.00977815951838992
-0.03161067946365668
-0.047149863800228994
-0.048442963990495615
-0.0039072944406957355
-0.025353381916059254
-0.007802879200131269
-0.048442963990495615
-0.030630268177705405
-0.012641304893947504
-0.006871910497541772
0.008796359960378256
-0.025530234194487654
-0.028997704231856672
-0.048442963990495615
-0.03926029363052619
-0.019112320723211736
-0.04536997985864012
-0.01805865130462918
-0.028399518258607957
-0.04057072287727784
0.0013131251420052815
-0.012942755703890632
-0.03052341184149267
0.00448440601606025
-0.00977815951838992
0.007648335102978516
-0.054010582762014654
-0.06286811341707116
-0.04374613431793382
-0.01680330501050664
-0.012942755703890632
-0.03098679045451338
-0.025716112474237246
-0.02225093120081775
-0.024328012746303217
0.006087063725890738
0.014292436419277545
-0.005988130043400704
-0.025353381916059254
-0.05207238105987763
-0.03147863357988652
-0.00954002757105223
-0.01911505151675768
-0.04882365971114098
-0.01574686588621773
-0.048442963990495615
-0.038155980586262565
-0.03161067946365668
-0.017689977514816938
-0.03176185278208419
-0.022942731847080868
-0.0014904542142227767
-0.01680330501050664
-0.03446561266826712
-0.05120177697239448
-0.026074632820479126
-0.030630268177705405
-0.025353381916059254
-0.025284682257415033
-0.04882365971114098
-0.044210932993836785
-0.025716112474237246
-0.036377767896751546
-0.06345867244090501
-0.0492412958471129
-0.05563571791915537
-0.02412866173294152
-0.03161067946365668
-0.04985290482974825
-0.018499687392550836
-0.007884785415727359
-0.03647468969179261
-0.03091750074636409
-0.00977815951838992
-0.054010582762014654
0.008796359960378256
-0.0058401876488327975
-0.0039072944406957355
-0.019112320723211736
-0.01823005069163378
0.007648335102978516
-0.027859134409336423
-0.028046725811109657
-0.016843772477208127
-0.06345867244090501
-0.027859134409336423
-0.01805865130462918
-0.002866750416059804
-0.01753444681542294
-0.05931647357049175
-0.0014904542142227767
-0.03647468969179261
0.014292436419277545
-0.025912716256320464
-0.04143735920874337
-0.07076476322797348
-0.0517360701267129
-0.025353381916059254
-0.054010582762014654
-0.01753444681542294
0.009515341454112397
-0.029366987118170304
-0.041431462423882646
-0.024328012746303217
0.006087063725890738
-0.02277730953360685
-0.04536997985864012
-0.006871910497541772
-0.0073919335473133915
-0.03446561266826712
0.035241167658803446
-0.03446561266826712
-0.02135398870595814
-0.012942755703890632
-0.03166242045179429
-0.028399518258607957
-0.054010582762014654
-0.01823005069163378
-0.06270061148593203
-0.022333120979471117
-0.03176185278208419
-0.07076476322797348
-0.0517360701267129
-0.028399518258607957
-0.037320410674425035
-0.06707323164372803
-0.029366987118170304
-0.04526610322140981
-0.017390269177923842
-0.027859134409336423
-0.027328917746093168
-0.06270061148593203
-0.006019879558787564
0.009515341454112397
-0.005955401581453109
-0.019112320723211736
-0.03052341184149267
-0.01823005069163378
-0.024328012746303217
-0.006871910497541772
-0.029319550128344366
0.006087063725890738
-0.04536997985864012
-0.02042365961538165
-0.025530234194487654
-0.06345867244090501
-0.06345867244090501
-0.012641304893947504
-0.025716112474237246
-0.01574686588621773
-0.0492412958471129
-0.025912716256320464
-0.00977815951838992
-0.03647468969179261
-0.02135398870595814
-0.048442963990495615
-0.0073919335473133915
-0.037320410674425035
-0.01570667492313653
0.009515341454112397
-0.009822503177260668
0.002201327523632696
-0.025716112474237246
-0.03436774948249911
-0.0517360701267129
-0.05884444493737004
-0.019195641885790295
-0.01305219452956642
-0.03147863357988652
-0.0026954341864823617
-0.05458449427612961
0.002201327523632696
-0.022942731847080868
-0.007254177161958283
-0.03436774948249911
-0.0039072944406957355
-0.02042365961538165
-0.05120177697239448
0.002201327523632696
-0.025353381916059254
-0.048442963990495615
-0.024328012746303217
0.009515341454112397
-0.05931647357049175
0.0026037283414284645
-0.03098679045451338
-0.022333120979471117
-0.007254177161958283
-0.02042365961538165
-0.017689977514816938
-0.06036550089886111
0.008796359960378256
-0.028046725811109657
-0.028068351337482554
-0.03647468969179261
-0.025912716256320464
-0.030239503881042837
-0.02225093120081775
-0.034195987068626095
-0.048442963990495615
-0.009822503177260668
0.008697146930913167
-0.04057072287727784
0.009515341454112397
-0.052990536546846996
-0.007884785415727359
-0.03436774948249911
0.008796359960378256
-0.025353381916059254
0.00469267307305423
-0.01803239123139602
-0.01753444681542294
-0.01803239123139602
-0.01823005069163378
-0.047149863800228994
0.002201327523632696
-0.034195987068626095
0.008796359960378256
-0.027592260491698623
-0.002866750416059804
-0.01823005069163378
0.00469267307305423
-0.017689977514816938
-0.03052341184149267
-0.03436774948249911
-0.03647468969179261
-0.005955401581453109
-0.03897380188131877
0.002494261309999464
-0.017689977514816938
-0.02412866173294152
-0.018499687392550836
-0.04143735920874337
-0.06286811341707116
-0.05563571791915537
-0.05120177697239448
-0.03467595472305741
-0.06286811341707116
-0.06345867244090501
0.014292436419277545
-0.019958502564334474
-0.0058401876488327975
-0.029366987118170304
-0.06270061148593203
-0.041960974328022045
-0.0007422417442700177
-0.01305219452956642
-0.027328917746093168
0.0012976919922260176
-0.030630268177705405
-0.0058401876488327975
-0.009822503177260668
0.013737629554164276
-0.04938729483177955
-0.0058401876488327975
-0.02315462117134352
-0.06345867244090501
-0.07076476322797348
-0.02135398870595814
-0.01753444681542294
-0.0517360701267129
0.006087063725890738
-0.007884785415727359
-0.01805865130462918
-0.0517360701267129
0.0012976919922260176
0.008697146930913167
-0.036377767896751546
-0.02042365961538165
-0.03091750074636409
-0.019958502564334474
-0.01305219452956642
-0.04692553404799847
0.008697146930913167
-0.00954002757105223
-0.048442963990495615
-0.019195641885790295
-0.01138609429362492
-0.022333120979471117
-0.01574686588621773
-0.06036550089886111
-0.017689977514816938
-0.02244325218610418
-0.029319550128344366
-0.01138609429362492
0.0026037283414284645
-0.002866750416059804
-0.03467595472305741
-0.01680330501050664
-0.05884444493737004
-0.044210932993836785
-0.025912716256320464
-0.007254177161958283
0.014292436419277545
-0.036377767896751546
-0.028046725811109657
-0.029366987118170304
-0.03467595472305741
-0.048442963990495615
-0.024328012746303217
-0.030239503881042837
-0.04882365971114098
-0.03091750074636409
-0.03436774948249911
-0.02244325218610418
-0.025284682257415033
-0.0073919335473133915
-0.0517360701267129
-0.052990536546846996
-0.019195641885790295
-0.04304171938364446
0.006087063725890738
-0.005955401581453109
0.00448440601606025
-0.02225093120081775
-0.00655590751596047
-0.01305219452956642
-0.052990536546846996
-0.051925860243003746
-0.01305219452956642
-0.03467595472305741
-0.021147112536049145
-0.041431462423882646
-0.005955401581453109
-0.012942755703890632
-0.0008497963119964335
-0.04374613431793382
-0.025353381916059254
-0.023282776937453654
-0.017390269177923842
-0.007802879200131269
-0.0378524803272169
-0.0007422417442700177
-0.016843772477208127
-0.03176185278208419
-0.06036550089886111
-0.022942731847080868
0.009515341454112397
-0.06270061148593203
-0.019195641885790295
-0.030630268177705405
0.04944218960817012
-0.05884444493737004
-0.04304171938364446
-0.028997704231856672
-0.01305219452956642
-0.04304171938364446
-0.029319550128344366
-0.01823005069163378
-0.023282776937453654
-0.041960974328022045
0.013737629554164276
-0.02135398870595814
-0.01305219452956642
-0.025912716256320464
-0.03926029363052619
-0.0026954341864823617
-0.01803239123139602
-0.007884785415727359
-0.01680330501050664
-0.007254177161958283
-0.00954002757105223
0.008697146930913167
-0.02412866173294152
0.00448440601606025
-0.02135398870595814
-0.05120177697239448
0.00469267307305423
-0.0026954341864823617
0.007648335102978516
-0.021147112536049145
-0.021147112536049145
-0.03114494987491941
-0.02412866173294152
-0.00977815951838992
-0.05884444493737004
-0.048442963990495615
-0.0008497963119964335
-0.023282776937453654
-0.06036550089886111
-0.03446561266826712
-0.06286811341707116
-0.04485650994614998
0.00469267307305423
-0.03166242045179429
-0.03446561266826712
-0.04536997985864012
-0.04143735920874337
-0.03098679045451338
-0.019112320723211736
-0.029319550128344366
-0.022333120979471117
-0.04692553404799847
-0.04143735920874337
-0.0026954341864823617
-0.04882365971114098
-0.04485650994614998
0.013737629554164276
0.002494261309999464
-0.01305219452956642
-0.023048473196962297
-0.02452392103220203
-0.025353381916059254
-0.025530234194487654
-0.0058401876488327975
-0.01570667492313653
-0.03467595472305741
-0.048442963990495615
-0.044210932993836785
-0.025716112474237246
-0.04485650994614998
-0.023022691705788703
0.008796359960378256
-0.02042365961538165
-0.02225093120081775
-0.029366987118170304
-0.02452392103220203
0.006087063725890738
-0.0007422417442700177
-0.02393147771263753
0.00469267307305423
-0.03686696754218184
-0.02315462117134352
-0.00977815951838992
-0.03091750074636409
-0.018499687392550836
-0.04304171938364446
-0.047149863800228994
-0.002866750416059804
-0.03161067946365668
0.002201327523632696
-0.02452392103220203
-0.02315462117134352
-0.018499687392550836
