0.0013397918521772044
-0.013809417429711625
-0.0006025638486461089
-0.0006025638486461089
-0.026916843723147312
-0.039617522280442276
-0.0009263811630731998
-0.0063564427100075835
-0.007381572338069521
-0.02000937890026436
-0.003829739493961402
0.010623278551362178
-0.013826509845556965
0.003021706598953014
-0.014141274743506129
0.024516462798583518
-0.0075094595885158155
-0.04246480434075449
-0.010061350131851188
-0.004925509886409736
-0.010375698208632518
0.024516462798583518
-0.008823264295758273
-0.026916843723147312
-0.0016293876240116214
0.019223787290239068
0.007524964289291043
-0.010061350131851188
-0.02000937890026436
0.0009207240030406432
-0.022330652398452444
-0.007629808799678082
-0.014497060954135915
-0.009766355095754006
-0.011185193366450045
-0.0037234991550186202
-0.058628310043653514
-0.003575155101612244
-0.028004385887499265
0.005123451339662954
-0.022067731312346933
-0.0016293876240116214
0.003021706598953014
-0.007821115738673856
-0.02832046231920865
-0.010922114579104542
0.017982360683904717
-0.0029731610739886336
-0.007629808799678082
0.002598561893697731
-0.0063564427100075835
-0.013809417429711625
0.017982360683904717
-0.005933378504463019
0.004671807653903607
-4.996464556642626e-05
0.0013259894178260345
-0.029434218234081516
-0.03090557680480128
-0.0075094595885158155
-0.0011770258254501938
-0.023865210747193246
-0.02494510468079029
-0.015462880807656539
-0.029434218234081516
-0.012895628237910772
0.005919771249406062
-0.007239364227204601
-0.0006469851036591438
-0.02007340952168779
-0.019097521812472106
-0.0036401124234913497
-0.005624372157587509
-0.0009263811630731998
-0.01299298637948957
0.010702664777833102
-0.009725085032790359
0.0009207240030406432
-0.004590022162418146
0.008444439866164147
-0.00565047554585265
-0.025427632982966655
0.009112230695660806
-0.006900901514390619
-0.004841033748990108
-0.0036401124234913497
0.006024948084720618
0.00863240629723804
-0.0020899285864785975
-0.02860486924707558
-0.009766355095754006
-0.019575401660813514
-0.004392780554626198
-0.004722867840183296
0.020231884406987272
-0.04246480434075449
0.008054690732706427
-0.012303468923408641
-0.027314681518952673
-0.014643646157846522
-0.013056884450145991
-0.016531531787207357
-0.023865210747193246
-0.0048104649826781936
-0.004925509886409736
-0.016875980923283043
-0.022661456625225
-0.006823814823161744
-0.021306401715797427
-0.025427632982966655
-0.01594635490533458
-0.013482251147082515
0.004671807653903607
-0.016322983086948475
-0.003615152574438998
0.0008493824934382749
-0.019097521812472106
-0.002055170818001694
-0.012254705758595066
0.007191789333225956
-0.018750456306568103
-0.006771489214475872
-0.01496781742749747
-0.0048104649826781936
-0.007941115113838553
-0.024488583839122464
0.005007482623359002
0.007191789333225956
0.001929229870056835
-0.022067731312346933
-0.014643646157846522
-0.030312090777543006
-0.010061350131851188
-0.011090761286996011
0.010623278551362178
-0.007220790939671458
-0.009455801370437826
0.019223787290239068
0.0028230518787062146
0.01153163507465573
-0.03433633940401173
-0.0016293876240116214
-0.03869503550615171
-0.011090761286996011
-0.027314681518952673
0.013387334895810682
-0.005624372157587509
-0.0062120615116340845
-0.01594635490533458
-0.012367751221122762
0.001600772347980889
-0.026161241004283516
-0.016875980923283043
-0.007220790939671458
-0.0029731610739886336
-0.01017206855042277
0.005007482623359002
-0.0020899285864785975
-0.006569476039432694
-0.013482251147082515
-0.003829739493961402
-0.0009335119624913797
-0.019817318093871803
-0.004392780554626198
-0.02832046231920865
-0.026916843723147312
-0.014039031217644852
-0.0020899285864785975
-0.005933378504463019
-0.002137971147804408
-0.0037234991550186202
-0.014928217689112427
-0.022138236147815828
-0.005933378504463019
0.00885995301741452
-0.015885183173768195
-0.014141274743506129
-0.010110690996711347
-0.025177886330773794
-0.017615946996782133
-0.022138236147815828
0.018646994793018165
-0.014643646157846522
0.018220833104597
0.0013397918521772044
-0.005689195977519623
0.007191789333225956
-0.009662292276506787
-0.008823264295758273
-0.02832046231920865
-0.005296353318297533
0.020231884406987272
0.010456112550826624
-0.007107384667182702
-0.011007167941462342
-0.013809417429711625
0.019223787290239068
-0.01873811498204114
0.0013397918521772044
-0.002055170818001694
-0.004392780554626198
0.002598561893697731
-0.012284968396496823
0.010623278551362178
-0.007220790939671458
-0.014355900089355327
0.0009207240030406432
-0.003055397753382921
-0.014643646157846522
-0.003829739493961402
-0.010494606558693068
0.014901959741026915
-0.02860486924707558
-0.007941115113838553
0.009112230695660806
0.00023489293423634833
-0.058628310043653514
-0.027733515768702283
-0.01558977065120886
-0.02000937890026436
-0.007121099866149679
-0.009499784076933816
-0.004841033748990108
0.021412149575780123
0.007191789333225956
-0.006501426270211078
-0.022067731312346933
-0.012895628237910772
-0.0048104649826781936
-0.02000937890026436
-0.004841033748990108
-0.0006025638486461089
-0.019575401660813514
-0.016531531787207357
-0.04246480434075449
-0.022738782508110872
-0.0009263811630731998
0.022409996922615093
-0.008823264295758273
-0.019817318093871803
0.0009207240030406432
-0.007220790939671458
-0.022067731312346933
-0.004548113394223195
-0.023441867060817197
-0.005643776446360995
-0.003829739493961402
-0.006596728231588555
-4.996464556642626e-05
-0.006298606941494663
-0.0006025638486461089
-0.0011297087297634846
-0.01518417656934034
0.024516462798583518
-0.017987602767799267
-0.01873811498204114
0.004671807653903607
-0.018834006701316387
0.005007482623359002
0.007251626669058182
-0.002055170818001694
-0.027314681518952673
0.0008493824934382749
-0.015021246256589908
-0.032466358082638355
0.018646994793018165
-0.0037234991550186202
-0.0011770258254501938
-0.02000937890026436
-0.008823264295758273
0.00467219806265539
-0.0283801461168164
0.010601899452093609
-0.009766355095754006
0.019223787290239068
-0.01978355697560461
-0.005933378504463019
-0.011007167941462342
-0.021306401715797427
-0.0283801461168164
0.0035775828044235015
-0.02007340952168779
-0.007381572338069521
-0.005861606351028094
-0.007107384667182702
-0.014141274743506129
-0.01299298637948957
-0.01496781742749747
0.00681235661161834
-0.01558977065120886
-0.017318483494887956
0.021412149575780123
-0.02007340952168779
-0.0020899285864785975
-0.016005999975318767
-0.0009335119624913797
-0.007121099866149679
-0.003575155101612244
0.0035775828044235015
0.002426808140347494
-0.002137971147804408
0.0008493824934382749
-0.016322983086948475
-0.023441867060817197
0.006024948084720618
-0.010029548790342901
-0.013056884450145991
-0.021306401715797427
-0.009843300697984168
-0.014039031217644852
-0.0211469170258868
-0.010375698208632518
-0.0006025638486461089
-0.016875980923283043
0.005007482623359002
-0.010003539821364645
0.019223787290239068
-0.005296353318297533
-0.0211469170258868
-0.007629808799678082
-0.0048104649826781936
-0.026161241004283516
-0.006569476039432694
-0.02860486924707558
-0.026161241004283516
0.0035775828044235015
-0.007381572338069521
-0.011007167941462342
-0.017615946996782133
-0.006900901514390619
-0.014355900089355327
-0.014039031217644852
-0.019817318093871803
-0.004548113394223195
-0.01299298637948957
-0.012303468923408641
-0.004859522115295518
0.010456112550826624
-0.01496781742749747
0.014235577139126154
-0.024432783730652184
-0.019097521812472106
-0.013809417429711625
-0.0220858174236734
-0.002771305409045712
-0.02000937890026436
-0.007107384667182702
0.015049706333713308
-0.007239364227204601
-0.00565047554585265
-0.019575401660813514
-0.010003539821364645
-0.021176094505569315
-0.03869503550615171
-0.005689195977519623
-0.007941115113838553
0.01153163507465573
-0.01518417656934034
0.010623278551362178
-0.012303468923408641
-0.005861606351028094
-0.0030702301163276153
-0.014928217689112427
-0.02494510468079029
-0.006763626413723812
-0.005689195977519623
0.007251626669058182
-0.007166052003951206
0.000509228255090644
0.00885995301741452
0.0008493824934382749
-0.027733515768702283
-0.014141274743506129
-0.012284968396496823
0.0028230518787062146
-0.002137971147804408
-0.010494606558693068
-0.01978355697560461
-0.014039031217644852
-0.0062120615116340845
-0.009499784076933816
-0.025361391207419155
-0.014039031217644852
-0.013346125159040762
-0.0037234991550186202
-0.00812073396245272
0.0028230518787062146
0.001600772347980889
-0.01017206855042277
-0.016531531787207357
-0.0016293876240116214
0.003021706598953014
-0.005643776446360995
-0.00812073396245272
-0.0020899285864785975
-0.002892693818564967
0.009112230695660806
-0.010494606558693068
-0.005933378504463019
-0.026916843723147312
-0.005442482286202962
-0.01873811498204114
-0.021176094505569315
-0.0020899285864785975
0.014235577139126154
-0.012504844613302906
-0.016005999975318767
-0.006596728231588555
-0.01873811498204114
-0.006596728231588555
0.014901959741026915
-0.010375698208632518
-0.02860486924707558
0.0009207240030406432
0.005123451339662954
-0.00565047554585265
-0.017318483494887956
-0.009662292276506787
-0.013826509845556965
-0.007121099866149679
0.003352337325697922
0.0014305685282245625
-0.030312090777543006
-0.006596728231588555
-0.004548113394223195
-0.002892693818564967
-0.0009263811630731998
0.020231884406987272
0.0028230518787062146
-0.011185193366450045
-0.030312090777543006
-0.01676961384412975
-0.014073445855028469
-0.019097521812472106
-0.011185193366450045
-0.019817318093871803
-0.0051988701900496
-0.004392780554626198
-0.009725085032790359
0.018646994793018165
-0.01518417656934034
0.003021706598953014
0.00863240629723804
-0.016875980923283043
0.010623278551362178
-0.022138236147815828
-0.014497060954135915
-0.021306401715797427
-0.019575401660813514
-0.025427632982966655
0.004671807653903607
-0.006823814823161744
-0.006569476039432694
-0.028004385887499265
0.0009207240030406432
-0.018377530232667135
-0.011185193366450045
-0.012895628237910772
-0.017615946996782133
-0.024488583839122464
-0.013165379670168384
-0.014073445855028469
-0.010110690996711347
-0.007121099866149679
-0.012284968396496823
0.005123451339662954
-0.004925509886409736
-0.01299298637948957
-0.01518417656934034
-0.013482251147082515
-0.04246480434075449
-0.01145666930787096
-0.016005999975318767
-0.002055170818001694
-0.009455801370437826
-0.010003539821364645
-0.0063564427100075835
-0.018484013771131305
-0.020956050193249188
-0.018456180481078423
-0.028004385887499265
-0.012367751221122762
-0.029434218234081516
-0.008611203317659348
-0.0211469170258868
-0.0051988701900496
-0.025427632982966655
-0.012254705758595066
-0.029131718647737604
-0.014928217689112427
-0.010061350131851188
-0.00565047554585265
-0.00812073396245272
0.013387334895810682
-0.014497060954135915
-0.014355900089355327
-0.006569476039432694
-0.00812073396245272
-0.002892693818564967
0.00885995301741452
0.00023489293423634833
-0.005296353318297533
-0.006763626413723812
0.008444439866164147
0.0013397918521772044
0.0008493824934382749
0.00885995301741452
-0.026161241004283516
-0.014141274743506129
-0.012367751221122762
-0.004841033748990108
-0.007941115113838553
0.01660452887699218
-0.007522692279790869
-0.008611203317659348
-0.017615946996782133
-0.025427632982966655
0.019223787290239068
-0.006596728231588555
-0.027314681518952673
-0.03433633940401173
-0.019817318093871803
-0.04246480434075449
-0.012895628237910772
-0.009455801370437826
0.01153163507465573
0.00467219806265539
-0.006596728231588555
-0.018456180481078423
-0.0036401124234913497
0.01153163507465573
-0.005689195977519623
0.002598561893697731
-0.01243524769675804
-0.01145666930787096
-0.0011770258254501938
-0.002137971147804408
-0.0011770258254501938
-0.017615946996782133
0.010601899452093609
0.0016211238695884134
-0.02007340952168779
-0.010484254000072753
-0.022661456625225
-0.02007340952168779
-0.01558977065120886
0.024516462798583518
-0.013165379670168384
-0.030312090777543006
-0.012504844613302906
-0.024488583839122464
-0.02860486924707558
0.002426808140347494
-0.005689195977519623
-0.014073445855028469
-0.026916843723147312
-0.005442482286202962
-0.022330652398452444
-0.018750456306568103
0.0013259894178260345
-0.0030702301163276153
-0.030312090777543006
0.007251626669058182
-0.030312090777543006
0.010456112550826624
-0.013056884450145991
-0.010061350131851188
-0.012284968396496823
0.017982360683904717
-0.012254705758595066
-0.007381572338069521
0.010702664777833102
-0.04246480434075449
-0.015885183173768195
-0.0011770258254501938
-0.01299298637948957
-0.011185193366450045
-0.0068250451479113525
-0.028004385887499265
-0.008823264295758273
-0.005689195977519623
-0.01437979184889535
-0.013346125159040762
-0.007107384667182702
-0.01676961384412975
-0.058628310043653514
-0.011090761286996011
-0.00094493104162144
-0.003055397753382921
0.004671807653903607
0.014901959741026915
-0.0030702301163276153
0.0008493824934382749
0.01153163507465573
0.021412149575780123
0.0014305685282245625
-0.012504844613302906
-0.01518417656934034
-0.009987160263305848
-0.021438370600854493
0.01660452887699218
-0.005689195977519623
-0.01594635490533458
-0.014643646157846522
-0.021176094505569315
-0.03433633940401173
-0.025603385976962097
-0.007381572338069521
-0.006298606941494663
-0.028004385887499265
-0.014643646157846522
0.01153163507465573
-0.017987602767799267
-0.005933378504463019
-0.018377530232667135
-0.003575155101612244
-0.012504844613302906
0.0013397918521772044
-0.00035076729367548534
-0.0006025638486461089
0.010623278551362178
0.0028230518787062146
-0.018834006701316387
-0.025177886330773794
-0.007239364227204601
-0.016322983086948475
-0.02832046231920865
-0.022138236147815828
-0.014073445855028469
-0.007107384667182702
-0.0006469851036591438
-0.0030702301163276153
-0.010029548790342901
-0.011185193366450045
-0.006501426270211078
-0.004925509886409736
-0.004841033748990108
-0.024488583839122464
0.010702664777833102
-0.022738782508110872
0.0013259894178260345
-0.017987602767799267
-0.010494606558693068
-0.0020899285864785975
-0.009499784076933816
-0.007239364227204601
-0.03433633940401173
0.018646994793018165
-0.0030702301163276153
-0.011341220145628583
0.007191789333225956
0.003352337325697922
0.020231884406987272
-4.996464556642626e-05
-0.0011297087297634846
-0.008823264295758273
-0.003575155101612244
0.006024948084720618
0.007251626669058182
-0.02007340952168779
-0.0016662963037017827
-0.00035076729367548534
-0.005861606351028094
-0.009987160263305848
-0.004590022162418146
-0.01518417656934034
-0.010375698208632518
0.008444439866164147
0.014235577139126154
-0.022067731312346933
0.018646994793018165
-0.019817318093871803
-0.058628310043653514
-0.016322983086948475
-0.010003539821364645
-0.013482251147082515
-0.026916843723147312
0.017982360683904717
-0.006900901514390619
-0.00278588582174905
-0.009662292276506787
-0.03090557680480128
-0.003055397753382921
-0.023865210747193246
-0.014039031217644852
0.005123451339662954
-0.01299298637948957
-0.03869503550615171
-0.012504844613302906
-0.005689195977519623
0.004671807653903607
-0.017987602767799267
-0.01017206855042277
-0.021438370600854493
-0.004590022162418146
-0.00278588582174905
-0.0009263811630731998
-0.0048104649826781936
-0.007821115738673856
0.010623278551362178
-0.014355900089355327
0.00885995301741452
0.015049706333713308
0.005919771249406062
-0.007107384667182702
0.021412149575780123
-0.0283801461168164
-0.0068250451479113525
0.005007482623359002
-0.023865210747193246
-0.004392780554626198
-0.0068250451479113525
-0.058628310043653514
-0.014497060954135915
-0.012254705758595066
0.00863240629723804
-0.009455801370437826
-0.0037234991550186202
-0.010003539821364645
-0.022661456625225
-0.01578812518256898
0.0003355864816384936
-0.012367751221122762
-0.0063564427100075835
-0.012504844613302906
-0.021306401715797427
-0.011341220145628583
0.002426808140347494
-0.027314681518952673
0.0009207240030406432
-0.01676961384412975
0.001929229870056835
-0.013346125159040762
-0.028004385887499265
-0.029434218234081516
-0.012284968396496823
-0.026161241004283516
-0.01578812518256898
-0.0006025638486461089
-0.006900901514390619
-0.020078987022166928
-0.006501426270211078
0.004671807653903607
-0.016322983086948475
-0.018750456306568103
0.003352337325697922
-0.014039031217644852
-0.006596728231588555
0.01660452887699218
-4.996464556642626e-05
-0.019817318093871803
-0.039617522280442276
-0.0016662963037017827
-0.0020899285864785975
-0.005933378504463019
-0.019575401660813514
-0.003829739493961402
-0.011185193366450045
-0.02494510468079029
-0.012303468923408641
-0.003055397753382921
-0.01299298637948957
-0.01978355697560461
0.0009207240030406432
0.010456112550826624
-0.013165379670168384
-0.03090557680480128
-0.01145666930787096
-0.025603385976962097
0.002598561893697731
0.010601899452093609
-0.01299298637948957
-0.022330652398452444
-0.004925509886409736
-0.058628310043653514
-0.016531531787207357
-0.005689195977519623
-0.025603385976962097
0.002598561893697731
-0.022067731312346933
-0.0211469170258868
0.003021706598953014
-0.0006025638486461089
-0.022138236147815828
-0.02007340952168779
-0.024488583839122464
-0.009499784076933816
0.003021706598953014
-0.005624372157587509
-0.0037234991550186202
-0.0032538006656289207
-0.014643646157846522
0.0028230518787062146
-0.004859522115295518
-0.0016662963037017827
-0.032466358082638355
-0.03433633940401173
0.014235577139126154
-0.028004385887499265
-0.007941115113838553
-0.003615152574438998
-0.0011297087297634846
-0.002771305409045712
-0.0048104649826781936
0.000509228255090644
-0.020956050193249188
-0.004841033748990108
-0.006501426270211078
-0.006900901514390619
-0.029434218234081516
-0.015885183173768195
-0.005643776446360995
-0.01299298637948957
-0.005663558262787648
0.001929229870056835
-0.007220790939671458
-0.0016662963037017827
-0.007220790939671458
0.009112230695660806
0.01660452887699218
-0.016322983086948475
-0.0016662963037017827
-0.009455801370437826
-0.0220858174236734
0.009112230695660806
-0.00094493104162144
-0.006763626413723812
-0.0011770258254501938
-0.012284968396496823
-0.0211469170258868
-0.019097521812472106
0.002598561893697731
0.024516462798583518
0.0003355864816384936
-0.0036401124234913497
-0.023441867060817197
-0.016875980923283043
-0.01518417656934034
-0.017318483494887956
-0.020956050193249188
-0.012504844613302906
-0.013165379670168384
-0.005689195977519623
-0.0029731610739886336
-0.02494510468079029
0.00467219806265539
-0.005861606351028094
-0.022067731312346933
-0.018377530232667135
0.006779058825122484
-0.006596728231588555
0.020231884406987272
-0.004392780554626198
-0.017615946996782133
-0.004392780554626198
-0.012504844613302906
-0.005643776446360995
-0.011090761286996011
-0.039617522280442276
0.00885995301741452
0.022409996922615093
-0.020956050193249188
0.007524964289291043
-0.0211469170258868
-0.013482251147082515
-0.004925509886409736
-0.02860486924707558
0.015049706333713308
-0.004841033748990108
0.021412149575780123
-0.017615946996782133
-0.039617522280442276
-0.010494606558693068
-0.01978355697560461
-0.029434218234081516
0.010702664777833102
-0.016875980923283043
-0.010003539821364645
-0.005933378504463019
0.00863240629723804
-0.005861606351028094
-0.0016662963037017827
-0.02832046231920865
-0.0016662963037017827
0.0003355864816384936
0.005919771249406062
-0.014355900089355327
0.006779058825122484
-0.013346125159040762
-0.007166052003951206
-0.03869503550615171
-0.002892693818564967
-0.026916843723147312
-0.006569476039432694
-0.009843300697984168
-0.010484254000072753
-0.01578812518256898
-0.004548113394223195
-0.013809417429711625
-0.0051988701900496
-0.039617522280442276
-0.011007167941462342
-0.004925509886409736
-0.004392780554626198
0.014235577139126154
-0.005643776446360995
0.00467219806265539
0.0028230518787062146
-0.007821115738673856
-0.01578812518256898
-0.015885183173768195
-0.006569476039432694
-0.0016293876240116214
-0.015885183173768195
-0.005861606351028094
0.001929229870056835
-0.021306401715797427
-0.030312090777543006
-0.0016662963037017827
-0.0220858174236734
0.006779058825122484
-0.0016662963037017827
-0.01518417656934034
-0.019097521812472106
-0.007522692279790869
-0.03869503550615171
-0.007239364227204601
-0.01243524769675804
0.0003355864816384936
-0.018456180481078423
-0.018456180481078423
0.00023489293423634833
-0.017987602767799267
-0.0068250451479113525
-0.014928217689112427
0.022409996922615093
-0.007821115738673856
-0.014643646157846522
-0.018484013771131305
-0.0036401124234913497
-0.013482251147082515
-0.01496781742749747
-0.021438370600854493
0.0014305685282245625
-0.007107384667182702
-0.025840433343410758
0.0013259894178260345
-0.014643646157846522
0.00467219806265539
0.024516462798583518
0.01153163507465573
-0.02000937890026436
-0.01145666930787096
-0.04246480434075449
-0.003575155101612244
-0.007629808799678082
-0.002771305409045712
-0.012254705758595066
0.00885995301741452
-0.003575155101612244
0.0014305685282245625
-0.03869503550615171
-0.008611203317659348
-0.003055397753382921
-0.009662292276506787
-0.0051988701900496
-0.01978355697560461
-0.004841033748990108
-0.021438370600854493
0.00467219806265539
-0.01437979184889535
-0.006569476039432694
0.018646994793018165
-0.005010872292954985
-0.01578812518256898
-0.027733515768702283
-0.0016293876240116214
-0.01578812518256898
-0.006298606941494663
0.017982360683904717
-0.002892693818564967
-0.005861606351028094
-0.010494606558693068
-0.025427632982966655
0.018646994793018165
-0.005643776446360995
-0.010922114579104542
-0.005442482286202962
0.007191789333225956
-0.010922114579104542
0.00467219806265539
0.0009207240030406432
-0.015021246256589908
-0.004859522115295518
-0.012504844613302906
-0.00094493104162144
0.003352337325697922
-0.0051988701900496
-0.009499784076933816
-0.006569476039432694
