-0.001879013346344377
-0.005813253943763544
-0.017443893521986633
-0.042990445137489064
-0.004656563397984904
-0.006983689456929793
-0.02371528125294934
-0.022227380664080802
-0.0256362428568837
-0.013456405827511717
0.006567205054895269
-0.014543202091227564
-0.003853528279241623
-0.015505319940211983
-0.008196328269236554
-0.04100002592219684
-0.008434999977678985
-0.014161442773605122
-0.029033556475356572
-0.02178164978242076
-0.011963731771194402
-0.017864052542830695
-0.010878858861985414
-0.008732752813184143
-0.022286957601159143
-0.013321513919633769
-0.001879013346344377
-0.006983689456929793
-0.013706741760557965
-0.026235383709179442
0.005526665998039642
-0.016780402078451634
-0.03922036642328158
-0.02204221153854655
-0.01503031068718604
-0.0265909393134606
-0.026235383709179442
-0.009040400310730586
0.015752162726601224
-0.04057347110973131
0.00459620983351507
-0.010390142218896236
-0.012117988771962348
-0.04281134037112343
-0.0019596836621277912
0.015752162726601224
-0.012122740582415472
0.005796487150651451
-0.014325784865230758
-0.009040400310730586
-0.05500860477374186
-0.017864052542830695
-0.02196336176761003
-0.03615018323326109
-0.02685345362385191
-0.0265909393134606
-0.024449141228962946
-0.014206661530601274
0.0032121000907612187
-0.04633665724520175
-0.03922036642328158
-0.024449141228962946
-0.010705293335053543
-0.0012508064171303337
0.002274620171585617
0.0048781542759193915
-0.027217603897236084
0.002274620171585617
-0.009040400310730586
-0.04057347110973131
-0.015537990412778415
-0.01734469659818079
-0.006713529450426257
-0.02371528125294934
-0.013456405827511717
-0.010390142218896236
-0.017579001169285943
0.0009484714806430391
-0.012117988771962348
-0.03789807597770684
-0.016422348662562886
-0.014447513629782608
-0.0462298971562289
-0.0469500642045117
-0.001879013346344377
-0.006778702445914959
-0.01591921276413357
-0.005813253943763544
-0.04633665724520175
-0.02551638554482024
-0.036186810166957045
-0.018573732457528806
-0.04089820482060875
-0.008196328269236554
-0.0326573697351781
0.00459620983351507
-0.007619865307866618
-0.059091904717527746
-0.013535202624432799
-0.018573732457528806
-0.029033556475356572
-0.005121203104085009
-0.017864052542830695
-0.0513330413801212
-0.0010962923209904283
-0.009613572080567174
-0.05500860477374186
-0.02204221153854655
-0.020219284789952673
-0.025185193941015427
-0.022286957601159143
-0.011751904514155113
-0.009613572080567174
0.003831573849815263
-0.0037240327595611127
-0.017443893521986633
-0.03769884005975895
-0.011751904514155113
-0.012122740582415472
0.011890124417883566
-0.06749252154794308
-0.01503031068718604
-0.008434999977678985
-0.02551638554482024
-0.012122740582415472
-0.03789807597770684
-0.025323531724740573
0.005796487150651451
-0.014543202091227564
-0.008434999977678985
-0.014543202091227564
-0.033094996076904075
-0.014206661530601274
-0.027217603897236084
-0.022227380664080802
-0.0471612810051739
-0.01591921276413357
-0.04281134037112343
-0.015688625541342767
-0.01509195964138582
-0.0023514311126498297
-0.04220668398027158
0.0005576783283057796
-0.014543202091227564
-0.013456405827511717
0.011890124417883566
-0.004656563397984904
-0.06733327746248313
-0.009613572080567174
-0.0042069322600208955
0.0005576783283057796
0.001457373999680346
-0.012638155192053836
-0.0042069322600208955
-0.02371528125294934
-0.006725206171352679
-0.008732752813184143
-0.008196328269236554
-0.01119223681007483
0.0032121000907612187
-0.0326573697351781
-0.0047611089058009325
-0.0265909393134606
-0.005813253943763544
-0.027917425359389347
0.013698129526901066
0.0048781542759193915
-0.004437335114150748
-0.022227380664080802
-0.0042069322600208955
-0.015537990412778415
-0.0076639817175441416
-0.0386476353560296
-0.012638155192053836
-0.0027287896003418207
-0.0010962923209904283
-0.0471612810051739
-0.0645992088751702
-0.010390142218896236
-0.008196328269236554
-0.019527010547586522
-0.042990445137489064
-0.006407338759208846
0.005796487150651451
-0.02178164978242076
-0.04633665724520175
-0.005374627131305745
-0.012151004721457479
-0.03138444612110137
-0.0014623664685315379
-0.004437335114150748
-0.03753959424605577
-0.013798142796085365
-0.024449141228962946
-0.027917425359389347
-0.033502092571051655
-0.059091904717527746
-0.004090060176601117
-0.01591921276413357
-0.011751904514155113
-0.009804797287974532
-0.006713529450426257
0.0048781542759193915
-0.011751904514155113
0.011890124417883566
-0.027350920718066492
-0.013535202624432799
0.0026186300981232515
-0.03318797685208294
-0.017864052542830695
0.002274620171585617
-0.03753959424605577
-0.047111051116672895
-0.019496829707751896
-0.013798142796085365
-0.015537990412778415
-0.027917425359389347
-0.03922036642328158
-0.014543202091227564
-0.011963731771194402
-0.02371528125294934
-0.042990445137489064
-0.04089820482060875
-0.013706741760557965
-0.014543202091227564
-0.0014623664685315379
-0.04917557791748351
-0.04089820482060875
-0.018573732457528806
-0.032205188653058575
-0.04104806024165925
-0.006407338759208846
-0.013321513919633769
-0.05500860477374186
-0.013321513919633769
-0.015537990412778415
0.005526665998039642
-0.05256257417140724
0.015752162726601224
-0.01943561878034972
-0.004502536544778884
0.015752162726601224
-0.04100002592219684
-0.0386476353560296
0.0005576783283057796
-0.025323531724740573
-0.0076639817175441416
-0.027217603897236084
-0.018573732457528806
-0.012638155192053836
-0.012866952882810801
-0.003312207764100381
-0.007619865307866618
0.0005576783283057796
-0.029033556475356572
0.0005576783283057796
0.0009484714806430391
-0.02685345362385191
-0.004090060176601117
-0.0010962923209904283
0.002721976349869508
-0.04057347110973131
-0.042990445137489064
-0.013321513919633769
-0.010390142218896236
-0.0042069322600208955
-0.024127053657031692
-0.004437335114150748
-0.006983689456929793
-0.018573732457528806
-0.013793533509056825
0.001457373999680346
-0.040073346428992
-0.02462702088477843
-0.05754709003658645
-0.016316410855996985
-0.033094996076904075
-0.007619865307866618
-0.017864052542830695
-0.04089820482060875
-0.0019596836621277912
-0.04220668398027158
-0.025323531724740573
-0.008196328269236554
-0.016748063004591904
-0.047111051116672895
-0.018573732457528806
-0.031891433380402394
-0.01836158146701543
-0.02551638554482024
-0.03566546390576133
-0.04057347110973131
-0.004437335114150748
-0.01836158146701543
-0.04089820482060875
-0.01503031068718604
-0.014325784865230758
-0.025323531724740573
-0.03318797685208294
-0.0326573697351781
-0.009613572080567174
-0.014161442773605122
-0.029912544351692535
-0.006778702445914959
-0.02196336176761003
-0.0047611089058009325
-0.012638155192053836
-0.030954623087840753
-0.007619865307866618
-0.0042069322600208955
-0.01299776355952742
-0.0645992088751702
-0.0076639817175441416
-0.003312207764100381
-0.012122740582415472
-0.020219284789952673
-0.006778702445914959
-0.008732752813184143
-0.007619865307866618
-0.024757717376685782
-0.015880456552634592
-0.0023514311126498297
-0.06733327746248313
-0.003853528279241623
-0.015505319940211983
-0.006983689456929793
-0.014325784865230758
-0.03615018323326109
-0.029033556475356572
0.015752162726601224
-0.01835526958102552
0.00459620983351507
-0.03588831192888679
-0.008196328269236554
-0.014206661530601274
0.0026186300981232515
-0.03789807597770684
-0.0256362428568837
-0.008732752813184143
-0.02371528125294934
-0.040073346428992
-0.02196336176761003
-0.04633665724520175
-0.019527010547586522
0.002721976349869508
-0.01734469659818079
-0.029831919908127846
-0.015688625541342767
-0.019839475842677468
-0.016316410855996985
-0.0471612810051739
-0.010390142218896236
-0.036186810166957045
-0.025323531724740573
-0.018573732457528806
-0.0037240327595611127
-0.016748063004591904
-0.03588831192888679
-0.029831919908127846
-0.004656563397984904
-0.0012508064171303337
-0.00438798461005511
-0.0326573697351781
-0.006713529450426257
-0.040780796406318466
-0.0019596836621277912
-0.026235383709179442
-0.024127053657031692
-0.024127053657031692
-0.040073346428992
-0.01119223681007483
-0.022286957601159143
-0.04633665724520175
-0.004502536544778884
-0.026395524476874557
-0.03753959424605577
-0.005374627131305745
-0.025323531724740573
-0.0265909393134606
-0.024757717376685782
-0.011963731771194402
-0.022227380664080802
0.001457373999680346
-0.025361709542300777
-0.004437335114150748
-0.0010962923209904283
0.002274620171585617
-0.01734469659818079
-0.010061253618828946
-0.01299776355952742
-0.02196336176761003
-0.012866952882810801
-0.0023514311126498297
-0.014543202091227564
-0.047111051116672895
-0.003853528279241623
-0.02371528125294934
0.002809249774116972
-0.01835526958102552
-0.012122740582415472
-0.01503031068718604
-0.005813253943763544
0.006567205054895269
-0.0042069322600208955
-0.016316410855996985
-0.010390142218896236
-0.02204221153854655
-0.022227380664080802
0.0009484714806430391
-0.0386476353560296
-0.019839475842677468
-0.006407338759208846
-0.03566546390576133
-0.032205188653058575
0.005526665998039642
-0.010390142218896236
-0.0645992088751702
-0.040073346428992
-0.017443893521986633
-0.018573732457528806
-0.03566546390576133
-0.032205188653058575
-0.0256362428568837
-0.024449141228962946
-0.0047611089058009325
0.015752162726601224
-0.0076639817175441416
-0.020219284789952673
-0.017270252494136176
-0.022286957601159143
-0.013082529462663129
-0.01836158146701543
-0.009613572080567174
-0.017579001169285943
-0.01835526958102552
-0.010878858861985414
-0.03789807597770684
-0.004437335114150748
0.02382538428492583
-0.015505319940211983
-0.0469500642045117
-0.0012508064171303337
-0.005121203104085009
-0.03138444612110137
-0.01299776355952742
-0.01734469659818079
-0.010390142218896236
-0.025361709542300777
-0.01835526958102552
-0.06749252154794308
-0.047111051116672895
-0.02196336176761003
-0.01835526958102552
-0.0462298971562289
-0.06749252154794308
-0.05754709003658645
-0.013535202624432799
-0.013321513919633769
-0.0010962923209904283
-0.024449141228962946
-0.032205188653058575
-0.04100002592219684
-0.026395524476874557
-0.04917557791748351
0.0032121000907612187
-0.008196328269236554
-0.04281134037112343
-0.03138444612110137
-0.025323531724740573
-0.0386476353560296
-0.018573732457528806
0.015210267405239574
-0.013706741760557965
0.00459620983351507
-0.0256362428568837
-0.046691089357472994
-0.014543202091227564
-0.06733327746248313
-0.015537990412778415
-0.025323531724740573
-0.02462702088477843
0.002809249774116972
-0.03138444612110137
-0.0251030036929934
-0.024449141228962946
-0.019527010547586522
-0.0645992088751702
-0.027217603897236084
-0.0019596836621277912
-0.015537990412778415
0.002809249774116972
-0.02204221153854655
0.0032121000907612187
-0.04633665724520175
-0.01503031068718604
-0.01119223681007483
0.00459620983351507
-0.01835526958102552
-0.01835526958102552
-0.026395524476874557
-0.040780796406318466
-0.006713529450426257
-0.046691089357472994
-0.036186810166957045
0.011890124417883566
0.0048781542759193915
-0.01943561878034972
-0.013456405827511717
-0.014447513629782608
0.002809249774116972
-0.0645992088751702
-0.03789807597770684
-0.013706741760557965
-0.009613572080567174
-0.00438798461005511
0.0048781542759193915
-0.03769884005975895
0.00459620983351507
-0.025361709542300777
-0.0265909393134606
0.0005576783283057796
-0.01835526958102552
-0.0462298971562289
-0.046691089357472994
-0.01835526958102552
-0.008196328269236554
-0.019496829707751896
-0.036186810166957045
-0.006778702445914959
-0.04104806024165925
-0.026395524476874557
-0.0014623664685315379
-0.0014623664685315379
-0.027350920718066492
-0.024127053657031692
-0.059091904717527746
-0.00438798461005511
-0.01836158146701543
-0.012151004721457479
-0.04917557791748351
-0.019527010547586522
-0.012117988771962348
-0.016748063004591904
-0.04220668398027158
-0.007728377222200073
-0.003312207764100381
-0.01836158146701543
-0.013706741760557965
-0.04100002592219684
-0.04089820482060875
-0.001879013346344377
-0.006407338759208846
-0.042990445137489064
-0.014325784865230758
-0.010705293335053543
-0.0469500642045117
-0.014325784865230758
-0.04220668398027158
-0.036186810166957045
-0.013798142796085365
-0.016316410855996985
-0.015688625541342767
-0.02204221153854655
-0.016748063004591904
-0.013706741760557965
-0.013793533509056825
0.0048781542759193915
-0.008732752813184143
-0.016876735222671784
-0.0513330413801212
-0.03769884005975895
0.002721976349869508
0.011890124417883566
0.00459620983351507
-0.027917425359389347
-0.008732752813184143
-0.0035241872876049865
-0.015880456552634592
-0.0035241872876049865
-0.013706741760557965
-0.022227380664080802
-0.017579001169285943
-0.025323531724740573
-0.05754709003658645
-0.0023514311126498297
-0.020219284789952673
0.0048781542759193915
-0.006725206171352679
-0.022227380664080802
-0.0513330413801212
-0.010061253618828946
0.02382538428492583
-0.025185193941015427
-0.027917425359389347
0.005526665998039642
-0.04220668398027158
0.002274620171585617
-0.016748063004591904
-0.003312207764100381
-0.0326573697351781
-0.019496829707751896
-0.0037240327595611127
0.005526665998039642
0.0009484714806430391
-0.014206661530601274
-0.0645992088751702
-0.012151004721457479
-0.005121203104085009
-0.02551638554482024
-0.0035241872876049865
-0.03753959424605577
-0.010061253618828946
-0.046691089357472994
-0.03615018323326109
-0.0042069322600208955
-0.02551638554482024
-0.017864052542830695
-0.019527010547586522
-0.025185193941015427
0.0032121000907612187
-0.01734469659818079
-0.022286957601159143
-0.01119223681007483
-0.015537990412778415
-0.006713529450426257
-0.006983689456929793
-0.040780796406318466
-0.01503031068718604
-0.013456405827511717
-0.01299776355952742
-0.0037240327595611127
-0.0469500642045117
-0.022286957601159143
-0.004437335114150748
-0.013793533509056825
-0.025185193941015427
-0.006407338759208846
-0.01299776355952742
-0.009613572080567174
-0.013456405827511717
-0.01119223681007483
-0.020219284789952673
-0.008196328269236554
-0.010390142218896236
0.002274620171585617
-0.033094996076904075
-0.03789807597770684
-0.005813253943763544
-0.014543202091227564
0.001457373999680346
-0.005813253943763544
-0.016876735222671784
-0.04100002592219684
0.00459620983351507
-0.01617434619814714
-0.05754709003658645
-0.019839475842677468
-0.030954623087840753
-0.01119223681007483
-0.033502092571051655
-0.019496829707751896
-0.02551638554482024
-0.004502536544778884
-0.025361709542300777
-0.006778702445914959
-0.040073346428992
-0.06733327746248313
-0.04089820482060875
-0.033094996076904075
-0.05256257417140724
-0.024127053657031692
-0.03318797685208294
-0.02371528125294934
-0.04057347110973131
-0.04633665724520175
0.02382538428492583
-0.014161442773605122
-0.046691089357472994
-0.019527010547586522
-0.005813253943763544
-0.020219284789952673
-0.042990445137489064
-0.031891433380402394
-0.014325784865230758
-0.04633665724520175
-0.0645992088751702
-0.016422348662562886
-0.011963731771194402
-0.006725206171352679
-0.0076639817175441416
-0.013798142796085365
0.005796487150651451
-0.0471612810051739
-0.017443893521986633
-0.03753959424605577
-0.015537990412778415
-0.031891433380402394
-0.03588831192888679
0.015752162726601224
-0.047111051116672895
0.005526665998039642
-0.027350920718066492
-0.016422348662562886
-0.04083713145071586
-0.01119223681007483
-0.040780796406318466
-0.03789807597770684
-0.029912544351692535
-0.01119223681007483
-0.03615018323326109
-0.009613572080567174
-0.0014623664685315379
-0.014543202091227564
-0.03615018323326109
-0.030954623087840753
-0.0469500642045117
-0.005374627131305745
-0.0326573697351781
-0.01119223681007483
-0.025323531724740573
-0.03769884005975895
-0.017270252494136176
0.015752162726601224
-0.026395524476874557
-0.010390142218896236
-0.006713529450426257
0.002721976349869508
-0.04104806024165925
-0.0386476353560296
-0.009040400310730586
-0.047111051116672895
-0.006983689456929793
-0.009804797287974532
-0.017579001169285943
0.006567205054895269
-0.027217603897236084
-0.04089820482060875
-0.04104806024165925
-0.017443893521986633
-0.006407338759208846
-0.00438798461005511
-0.033094996076904075
0.0048781542759193915
-0.0265909393134606
-0.01836158146701543
-0.029033556475356572
-0.03789807597770684
-0.017443893521986633
-0.016780402078451634
-0.012190045257452759
-0.013706741760557965
-0.004090060176601117
-0.025323531724740573
0.013698129526901066
-0.013082529462663129
-0.01119223681007483
-0.01299776355952742
-0.016422348662562886
-0.02685345362385191
-0.029831919908127846
-0.006778702445914959
-0.024757717376685782
-0.04089820482060875
-0.03753959424605577
-0.02371528125294934
-0.027917425359389347
-0.009613572080567174
-0.03789807597770684
-0.027350920718066492
-0.032205188653058575
0.013698129526901066
0.001457373999680346
-0.00438798461005511
-0.024127053657031692
-0.025361709542300777
-0.016876735222671784
-0.020219284789952673
-0.016748063004591904
-0.04633665724520175
-0.016422348662562886
-0.03588831192888679
-0.06733327746248313
-0.024449141228962946
-0.013793533509056825
-0.017864052542830695
-0.047111051116672895
-0.017579001169285943
-0.030954623087840753
0.011890124417883566
-0.040780796406318466
-0.017270252494136176
-0.012151004721457479
-0.0027287896003418207
-0.009804797287974532
-0.012638155192053836
-0.02178164978242076
-0.004502536544778884
-0.025361709542300777
-0.012638155192053836
-0.026395524476874557
-0.008434999977678985
-0.022286957601159143
-0.0047611089058009325
-0.024757717376685782
-0.013793533509056825
-0.027350920718066492
-0.01836158146701543
-0.005813253943763544
-0.0251030036929934
-0.015505319940211983
-0.03615018323326109
-0.013535202624432799
-0.03789807597770684
-0.03615018323326109
-0.017579001169285943
-0.022286957601159143
-0.018573732457528806
0.015210267405239574
-0.02462702088477843
0.0048781542759193915
-0.0265909393134606
-0.019527010547586522
0.015752162726601224
-0.012122740582415472
-0.014543202091227564
-0.0042069322600208955
-0.03753959424605577
0.003831573849815263
-0.03753959424605577
-0.008732752813184143
-0.04104806024165925
-0.036186810166957045
-0.01591921276413357
-0.010390142218896236
-0.017579001169285943
-0.0027287896003418207
-0.03615018323326109
-0.016316410855996985
-0.012866952882810801
-0.029831919908127846
-0.015505319940211983
-0.013535202624432799
-0.010390142218896236
-0.014325784865230758
-0.02196336176761003
0.015210267405239574
-0.03922036642328158
-0.019839475842677468
-0.04281134037112343
-0.04220668398027158
-0.012638155192053836
-0.0012508064171303337
-0.016316410855996985
-0.015688625541342767
-0.018573732457528806
-0.01943561878034972
-0.017270252494136176
-0.0386476353560296
-0.0027287896003418207
0.0048781542759193915
-0.014543202091227564
-0.05754709003658645
-0.0265909393134606
0.015752162726601224
-0.013637914766840974
-0.0469500642045117
-0.025361709542300777
-0.025361709542300777
-0.0014623664685315379
-0.00438798461005511
-0.013082529462663129
-0.016876735222671784
-0.005813253943763544
-0.047111051116672895
-0.013793533509056825
-0.008732752813184143
-0.01119223681007483
-0.0256362428568837
-0.0042069322600208955
-0.014325784865230758
-0.01943836388407399
-0.018573732457528806
-0.04100002592219684
-0.014161442773605122
-0.00438798461005511
-0.025185193941015427
-0.013535202624432799
-0.007619865307866618
-0.003853528279241623
-0.015537990412778415
-0.012190045257452759
-0.03566546390576133
0.0005576783283057796
-0.014161442773605122
-0.005121203104085009
-0.006778702445914959
-0.040073346428992
-0.025185193941015427
-0.040780796406318466
-0.01591921276413357
-0.013637914766840974
-0.02371528125294934
-0.014161442773605122
-0.03789807597770684
-0.01119223681007483
0.0048781542759193915
-0.018573732457528806
-0.0047611089058009325
-0.01617434619814714
-0.006407338759208846
-0.012866952882810801
-0.006983689456929793
-0.040073346428992
-0.013637914766840974
-0.02685345362385191
-0.05500860477374186
-0.030954623087840753
-0.02178164978242076
-0.01503031068718604
-0.013793533509056825
-0.005813253943763544
-0.01509195964138582
-0.033094996076904075
-0.022227380664080802
-0.019496829707751896
-0.01119223681007483
-0.04100002592219684
-0.004656563397984904
-0.006713529450426257
-0.004437335114150748
-0.018573732457528806
-0.03138444612110137
-0.024449141228962946
-0.025185193941015427
-0.030954623087840753
-0.012151004721457479
-0.03789807597770684
-0.059091904717527746
-0.013456405827511717
-0.012117988771962348
-0.022286957601159143
-0.013456405827511717
-0.0027287896003418207
-0.012151004721457479
-0.04083713145071586
-0.014161442773605122
-0.022227380664080802
-0.012151004721457479
-0.030954623087840753
-0.033502092571051655
-0.03922036642328158
-0.06749252154794308
-0.008434999977678985
-0.0027287896003418207
-0.059091904717527746
-0.04633665724520175
-0.02685345362385191
-0.0386476353560296
-0.025185193941015427
-0.013793533509056825
-0.01943561878034972
-0.0019596836621277912
-0.01734469659818079
-0.02685345362385191
-0.016748063004591904
-0.06733327746248313
-0.0251030036929934
0.006567205054895269
-0.020219284789952673
-0.02371528125294934
-0.0010962923209904283
0.006567205054895269
-0.025361709542300777
-0.01836158146701543
0.00459620983351507
0.011890124417883566
0.015210267405239574
-0.016316410855996985
-0.015880456552634592
-0.031891433380402394
-0.015537990412778415
-0.0012508064171303337
-0.02551638554482024
-0.009613572080567174
0.011890124417883566
-0.04100002592219684
-0.006725206171352679
-0.007728377222200073
0.011890124417883566
0.005796487150651451
-0.025361709542300777
-0.015505319940211983
-0.008732752813184143
-0.022286957601159143
-0.013535202624432799
-0.0265909393134606
-0.024449141228962946
-0.026395524476874557
-0.013535202624432799
-0.02551638554482024
