-0.05585388979640735
-0.02116766200305943
-0.0028311229246904194
-0.023731772558551616
-0.03830384372862589
-0.013159441389635
-0.0068487214541779655
-0.01711776883516682
-0.023731772558551616
-0.002637736271571034
0.004217742358654126
-0.011174783661456278
-0.021808496727314202
-0.0077285861213781505
-0.04127719562933372
-0.03609949286440658
-0.005060486499958657
-0.0015834516970574097
-0.007808169959175673
-0.0026154857850477034
-0.01204865650606369
-0.021959209493200734
0.011246048710049597
0.02148385138991984
-0.05172016029261354
-0.004434110500402347
-0.010949771721117557
-0.015081808110643465
-0.05818425784081919
-0.009609601561241105
0.005802299028858549
-0.011229956663146837
-0.00650727118836081
-0.0046031248416334635
-0.011174783661456278
-0.0089081264950851
0.01717923119875474
-0.002077819439373672
-0.05637669168771825
-0.009229271470273479
-0.018361005612274914
0.002722715693914539
-0.00423220547456342
-0.008307440837435742
0.011815090405741248
-0.0011153628590278508
-0.001557746071208622
-0.019755216727891413
0.0007899957405458897
-0.04840902137760829
0.001167202080350944
-0.016557766585873962
0.03665236237740406
-0.05818425784081919
-0.0028311229246904194
-0.03075337717900865
0.011246048710049597
-0.011821142740063248
-0.014939782215846326
0.029014319481709464
-0.018093406994832636
-0.014453929309504947
0.007237068526955971
-0.021959209493200734
-0.0100885711963692
-0.02116766200305943
-0.02140978677823632
-0.0356228960089728
-0.03437970795888205
0.0007899957405458897
-0.007862653068692532
-0.007401705680010397
-0.01161840456883917
-0.039301776912317746
-0.006632747285537627
0.01181434495070558
-0.02853654978771197
-0.008971040323973917
-0.0057191231807397205
-0.017497772670906863
0.03665236237740406
-0.02538997026320393
-0.006129593126702493
-0.008842074444454801
0.02535924330794742
-0.020027342209796985
-0.008971040323973917
-0.001557746071208622
-0.018863887892004952
0.019873032327586797
-0.003515608075637159
-0.05637669168771825
0.001017387411739623
0.02148385138991984
-0.012584376909044091
-0.003515608075637159
-0.0008373319881700717
-0.016253063334190566
-0.008842074444454801
-0.04411265042008931
-0.019755216727891413
-0.01112793834983641
-0.013159441389635
0.001167202080350944
0.020451579135225408
-0.007401705680010397
0.002154171071794703
-0.013159441389635
0.03282413513423845
0.002722715693914539
-0.011681542170142282
-0.04127719562933372
-0.002035749118848262
-0.04204225166882425
-0.01216132858847935
-0.006632747285537627
-0.0071422570315417865
-0.01447953253371346
-0.00020673980850587296
-0.0068487214541779655
-0.008030292572593845
-0.00436487215088322
-0.015287043831631831
0.02566522856680498
-0.05172016029261354
-0.001557746071208622
-0.0035637593365039346
-0.021673422238276226
0.001167202080350944
-0.062261626702055865
-0.023412415851725477
-0.01982339992340939
-0.01447953253371346
-0.023306396551982057
0.01181434495070558
-0.05637669168771825
-0.000918251280152613
-0.023306396551982057
-0.029996151757705935
0.006441794690361832
0.03282413513423845
-0.0009199587727457598
-0.02732572322722122
-0.023575333341696182
-0.001381644625731404
0.008672660306592517
-0.008759404703427204
0.0011445423779975889
-0.03610711425587428
0.004217742358654126
0.0064887517663801695
-0.007862653068692532
-0.013785072648234415
-0.021673422238276226
-0.02842032234197075
-0.017814274649707106
-0.011681542170142282
-0.03609949286440658
0.020451579135225408
0.0004479720768648028
-0.002416818515226149
-0.009609601561241105
0.006733608631223737
-0.037435889238103606
-0.041078432390828416
-0.02853654978771197
-0.0032251628292737328
-0.01447953253371346
-0.05637669168771825
-0.0057191231807397205
0.011973592448068157
-0.014453929309504947
0.003392914763260972
-0.012249349407725747
0.0009412636163740767
0.01872800686851934
-0.005321836995436461
-0.008971040323973917
0.0037272288685854184
-0.0028782076284367343
-0.005060486499958657
-0.019281994634338273
-0.017231696565929995
-0.017231696565929995
-0.0032251628292737328
-0.01447953253371346
-0.01447953253371346
-0.010426806881056107
-0.007808169959175673
-0.0072266808931377696
-0.02732572322722122
-0.018419252521667828
-0.018419252521667828
-0.014980053885467822
-0.017814274649707106
-0.019281994634338273
-0.023731772558551616
-0.008933967255960814
-0.0028311229246904194
0.006988095406080815
-0.021959209493200734
-0.015081808110643465
-0.023731772558551616
-0.03610711425587428
-0.007249318462007703
0.004546773727113852
-0.02894272537569255
-0.021724649388657
-0.015287043831631831
0.01517362946284468
-0.02053292587675574
0.01872800686851934
0.0004479720768648028
-0.03610711425587428
0.005692023843797562
-0.008971040323973917
-0.008971040323973917
0.0281972436994452
-0.0032251628292737328
-0.00423220547456342
-0.021673422238276226
-0.013318343815957616
-0.006468443344992382
-0.02318787721490651
0.0245871930105012
-0.03610711425587428
-0.008842074444454801
-0.0071422570315417865
0.0001407011094072327
0.019873032327586797
-0.0008072584395500677
-0.04204225166882425
0.005692023843797562
-0.04781795737730063
-0.00842274364648318
-0.021574279690316653
0.00442633116630887
0.010161292020851092
-0.01780255944958924
0.0028571484347021106
-0.028520752795430683
-0.007317844071967408
0.0050381570965864625
-0.020027342209796985
-0.037435889238103606
-0.0028311229246904194
-0.015081808110643465
-0.018093406994832636
-0.0002249831356701642
0.01171028278980165
0.0050381570965864625
-0.019634720573898857
-0.012516455613028984
-0.00509926322650705
-0.013785072648234415
-0.01668441294368264
-0.02646970661848574
-0.028520752795430683
-0.001381644625731404
-0.001557746071208622
-0.006632747285537627
-0.002416818515226149
-0.014453929309504947
-0.00650727118836081
-0.036898959438184
-0.002637736271571034
-0.007862653068692532
-0.0035637593365039346
0.0037272288685854184
0.01171028278980165
-0.03158222625951989
-0.015287043831631831
-0.006632747285537627
-0.01412321946230755
-0.01780255944958924
-0.028520752795430683
-0.01112793834983641
-0.05172016029261354
-0.005060486499958657
0.0037272288685854184
-0.02053292587675574
-0.01982339992340939
-0.04204225166882425
0.001167202080350944
-0.020027342209796985
-0.024973414157013783
-0.00020673980850587296
0.001017387411739623
-0.006468443344992382
0.001017387411739623
-0.0009199587727457598
-0.0032251628292737328
-0.018236586648591572
0.0001407011094072327
-0.01647187425154642
-0.013564754537423522
-0.03309602951790083
-0.023412415851725477
-0.007808169959175673
-0.007401705680010397
-0.008028339848629225
-0.011229956663146837
0.006945380331411127
-0.013318343815957616
-0.027516522269226153
-0.029980169246115896
-0.0356228960089728
-0.021808496727314202
0.006945380331411127
-0.008858368102088007
-0.02519770880243299
-0.017814274649707106
-0.02853654978771197
-0.0015834516970574097
0.003392914763260972
0.011815090405741248
0.0004479720768648028
-0.04204225166882425
-0.02894272537569255
0.0017156277624910646
-0.02853654978771197
0.01517362946284468
-0.009562491497220273
-0.00842274364648318
0.0004479720768648028
-0.002035749118848262
-0.01307061117711512
-0.039301776912317746
-0.03161321565424911
-0.018834906006487316
-0.017911154811856865
-0.011594641528261795
-0.00509926322650705
0.0017156277624910646
-0.002077819439373672
-0.03142622189878011
-0.0026711546606582783
-0.011435577303698053
-0.01161840456883917
0.011973592448068157
-0.0089081264950851
-0.005060486499958657
-0.018419252521667828
-0.006468443344992382
0.005802299028858549
-0.02474262675986673
-0.017497772670906863
-0.052046116366527805
-0.01161840456883917
-0.01711776883516682
-0.01321634688741571
-0.002077819439373672
-0.0057191231807397205
-0.014453929309504947
-0.0011153628590278508
-0.0072266808931377696
-0.01668441294368264
-0.008759404703427204
-0.03142622189878011
-0.0100885711963692
-0.00650727118836081
-0.035885555972733955
-0.0071422570315417865
-0.011345790107901254
-0.01711776883516682
-0.0072266808931377696
-0.01112793834983641
-0.03309602951790083
0.0028571484347021106
-0.01811293291331935
-0.02538997026320393
-0.017814274649707106
0.01717923119875474
-0.00020673980850587296
-0.012584376909044091
-0.017911154811856865
-0.01998559164989923
-0.0028782076284367343
0.03665236237740406
-0.005321836995436461
0.004322963331222585
-0.013857631121536235
-0.0026711546606582783
-0.023531577137175824
-0.011345790107901254
-0.05507877323265271
0.0028571484347021106
-0.005060486499958657
-0.00020673980850587296
0.03282413513423845
0.004322963331222585
-0.043112979403074306
-0.0356228960089728
-0.04204225166882425
-0.02853654978771197
-0.03075337717900865
0.0064887517663801695
-0.011681542170142282
-0.003515608075637159
-0.03142622189878011
0.011973592448068157
-0.01216132858847935
-0.012516455613028984
-0.014763038873579559
-0.01204865650606369
-0.02732572322722122
-0.023575333341696182
0.00442633116630887
-0.07640998170399182
-0.006632747285537627
-0.01412321946230755
-0.014980053885467822
-0.023731772558551616
0.001017387411739623
0.01946814083605705
-0.0077285861213781505
-0.0071422570315417865
0.0019993527796708056
-0.039301776912317746
-0.0035637593365039346
-0.02538997026320393
0.011815090405741248
-0.017231696565929995
-0.03609949286440658
0.02148385138991984
-0.00509926322650705
-0.07031429062031844
-0.00509926322650705
-0.00423220547456342
-0.00729571263428828
0.01872800686851934
-0.012584376909044091
-0.014892731285589988
0.001167202080350944
-0.0071422570315417865
-0.020792066078886354
-0.0015085748546018107
-0.016253063334190566
-0.018863887892004952
0.001167202080350944
-0.008307440837435742
-0.052046116366527805
-0.01647187425154642
0.017270236523545517
0.006988095406080815
-0.016253063334190566
-0.04411265042008931
-0.020792066078886354
-0.036898959438184
-0.03158222625951989
-0.02538997026320393
-0.0008072584395500677
-0.015287043831631831
-0.023412415851725477
-0.04840902137760829
-0.019281994634338273
-0.013857631121536235
-0.006161841930849849
0.024550978332005743
-0.03142622189878011
-0.039301776912317746
-0.05507877323265271
-0.0100885711963692
-0.0015834516970574097
-0.019281994634338273
-0.028520752795430683
-0.011489433612756507
-0.05585388979640735
-0.009219903567088818
-0.039301776912317746
-0.002416818515226149
-0.01998559164989923
-0.013159441389635
-0.0015834516970574097
0.02566522856680498
-0.008028339848629225
-0.028520752795430683
-0.062261626702055865
-0.014892731285589988
-0.01945842922432856
-0.005321836995436461
-0.00020673980850587296
-0.01161840456883917
-0.017911154811856865
0.005692023843797562
-0.023082544638806084
0.0011445423779975889
-0.0015085748546018107
-0.018236586648591572
-0.005321836995436461
-0.01112793834983641
-0.018863887892004952
-0.01945842922432856
0.015247781867832249
-0.02474262675986673
-0.01412321946230755
0.001017387411739623
-0.008842074444454801
-0.01161840456883917
-0.0009199587727457598
-0.014939782215846326
-0.02164054259057271
-0.0068487214541779655
-0.028520752795430683
-0.012516455613028984
-0.01711776883516682
-0.012060245421282707
0.0037272288685854184
0.005802299028858549
-0.03161321565424911
-0.009510455792621206
-0.011435577303698053
-0.0015834516970574097
-0.005822720439291985
-0.023306396551982057
-0.0015085748546018107
-0.020792066078886354
0.015247781867832249
-0.04411265042008931
-0.028520752795430683
-0.01412321946230755
-0.02053292587675574
-0.008933967255960814
-0.02116766200305943
0.015247781867832249
-0.0028311229246904194
-0.0008072584395500677
-0.011229956663146837
-0.021041805123394205
-0.03212955923452676
0.015598885003165119
-0.04204225166882425
-0.008858368102088007
0.006441794690361832
-0.03212955923452676
-0.03437970795888205
-0.03158222625951989
-0.023412415851725477
-0.023731772558551616
-0.0032251628292737328
-0.030810251520947872
0.0011310101435370822
-0.016253063334190566
-0.030810251520947872
-0.017814274649707106
-0.0009199587727457598
-0.00842274364648318
-0.017925675570361094
-0.030810251520947872
0.024173781310914286
-0.023412415851725477
0.0019993527796708056
-0.006632747285537627
0.00442633116630887
-0.02538997026320393
-0.011681542170142282
-0.0057191231807397205
-0.011260517877940402
-0.02853654978771197
-0.004106364796665683
-0.0023796040463368528
-0.053572101116782275
-0.0356228960089728
-0.01711776883516682
-0.0023796040463368528
0.007237068526955971
-0.03610711425587428
-0.01161840456883917
0.02566522856680498
-0.014892731285589988
-0.036898959438184
-0.011260517877940402
-0.009219903567088818
0.019873032327586797
-0.021673422238276226
-0.016557766585873962
-0.013857631121536235
-0.014892731285589988
-0.01601485531578428
0.015247781867832249
-0.009562491497220273
-0.05507877323265271
0.019873032327586797
-0.017911154811856865
-0.018236586648591572
-0.010949771721117557
0.011246048710049597
-0.0052809538444569875
-0.01668441294368264
0.006441794690361832
-0.017814274649707106
-0.011345790107901254
0.020648025512226713
0.006441794690361832
-0.012196003166458661
-0.02646970661848574
0.006945380331411127
-0.028520752795430683
-0.009562491497220273
-0.017497772670906863
0.03282413513423845
-0.04781795737730063
0.02148385138991984
0.007237068526955971
-0.011489433612756507
0.008672660306592517
-0.021041805123394205
-0.009219903567088818
0.0019993527796708056
-0.024973414157013783
-0.002416818515226149
0.020661018271275033
0.008672660306592517
0.006733608631223737
-0.002416818515226149
0.006441794690361832
0.01181434495070558
-0.015081808110643465
-0.02842032234197075
-0.0089081264950851
-0.00729571263428828
-0.002035749118848262
-0.00043691835387028654
0.006988095406080815
-0.008028339848629225
-0.008062060663900751
-0.018361005612274914
-0.013177318031224971
-0.011821142740063248
-0.04840902137760829
0.006945380331411127
-0.01601485531578428
-0.010949771721117557
-0.062261626702055865
-0.02140978677823632
0.00442633116630887
-0.007808169959175673
0.0004479720768648028
0.0011445423779975889
-0.016253063334190566
-0.005060486499958657
-0.02140978677823632
-0.002416818515226149
-0.02519770880243299
0.0001407011094072327
-0.020792066078886354
-0.02318787721490651
-0.00423220547456342
-0.01321634688741571
0.00564389842719941
0.0037272288685854184
-0.011345790107901254
0.024550978332005743
-0.039301776912317746
-0.009609601561241105
-0.0028782076284367343
-0.0023796040463368528
0.004217742358654126
0.003128542824287203
-0.013159441389635
-0.035885555972733955
-0.0028311229246904194
0.02535924330794742
-0.002035749118848262
-0.00509926322650705
-0.03212955923452676
0.011246048710049597
-0.0008072584395500677
-0.012060245421282707
0.011246048710049597
0.01872800686851934
-0.002077819439373672
-0.01711776883516682
-0.053572101116782275
0.004546773727113852
-0.023082544638806084
-0.018863887892004952
-0.01982557022827524
0.01946814083605705
0.00564389842719941
0.004322963331222585
0.003392914763260972
-0.00842274364648318
-0.027516522269226153
-0.04651686316396191
-0.015287043831631831
-0.030810251520947872
0.006095750233307505
-0.01161840456883917
0.01171028278980165
-0.026289176926484022
0.003392914763260972
-0.01447953253371346
-0.01945842922432856
-0.04781795737730063
0.0011310101435370822
0.0017156277624910646
-0.0100885711963692
-0.000918251280152613
-0.012060245421282707
-0.01307061117711512
-0.018834906006487316
-0.03142622189878011
-0.02053292587675574
-0.011229956663146837
-0.02519770880243299
-0.008660768804511073
-0.0052809538444569875
-0.009510455792621206
-0.0026711546606582783
0.0007899957405458897
0.020661018271275033
-0.0015834516970574097
0.020451579135225408
-0.005321836995436461
-0.018834906006487316
-0.011229956663146837
0.019873032327586797
-0.017497772670906863
-0.03142622189878011
-0.052046116366527805
-0.02538997026320393
0.006733608631223737
0.006441794690361832
-0.001557746071208622
-0.05507877323265271
-0.012060245421282707
-0.0015085748546018107
-0.01562530645203953
-0.05637669168771825
-0.020792066078886354
-0.007634882217982313
-0.021041805123394205
-0.026289176926484022
-0.018093406994832636
-0.007634882217982313
-0.02116766200305943
-0.01562530645203953
-0.023082544638806084
-0.01711776883516682
0.004546773727113852
-0.008759404703427204
-0.027516522269226153
-0.0009199587727457598
-0.02318787721490651
-0.005060486499958657
-0.0057191231807397205
0.0281972436994452
-0.014939782215846326
-0.041078432390828416
-0.00020673980850587296
-0.007808169959175673
-0.04651686316396191
-0.01447953253371346
-0.0028311229246904194
0.011973592448068157
-0.011260517877940402
-0.013857631121536235
-0.012060245421282707
0.02535924330794742
-0.012196003166458661
-0.039301776912317746
-0.0023796040463368528
-0.03158222625951989
-0.036898959438184
-0.02853654978771197
0.0064887517663801695
-0.0028311229246904194
-0.011594641528261795
0.0009412636163740767
-0.026289176926484022
0.006733608631223737
-0.023731772558551616
-0.04840902137760829
-0.011681542170142282
-0.0068487214541779655
0.015247781867832249
0.020451579135225408
0.0011310101435370822
-0.01945842922432856
-0.016253063334190566
-0.008062060663900751
-0.00729571263428828
-0.009567884193258705
-0.005822720439291985
-0.0028782076284367343
-0.023082544638806084
-0.020995406005298797
-0.017497772670906863
-0.019281994634338273
-0.006632747285537627
-0.021221140898137602
-0.00020673980850587296
-0.03309602951790083
-0.018834906006487316
-0.011260517877940402
-0.01562530645203953
-0.014980053885467822
0.0007899957405458897
-0.01780255944958924
-0.017911154811856865
-0.029996151757705935
0.005692023843797562
-0.0071422570315417865
-0.05507877323265271
-0.004434110500402347
0.019873032327586797
0.002154171071794703
0.006988095406080815
-0.01982557022827524
-0.013318343815957616
-0.04411265042008931
-0.008842074444454801
0.01517362946284468
-0.041078432390828416
-0.023412415851725477
-0.03158222625951989
0.006733608631223737
0.005692023843797562
0.004322963331222585
-0.04840902137760829
0.005692023843797562
-0.03830384372862589
-0.005822720439291985
-0.023731772558551616
-0.05585388979640735
-0.023082544638806084
-0.01998559164989923
-0.011260517877940402
-0.009510455792621206
0.0050381570965864625
-0.017925675570361094
-0.03158222625951989
-0.015287043831631831
-0.039301776912317746
-0.02140978677823632
-0.0100885711963692
0.020661018271275033
-0.016557766585873962
0.024550978332005743
0.008672660306592517
0.010161292020851092
-0.010426806881056107
-0.01412321946230755
0.0017156277624910646
-0.006632747285537627
-0.028095868964916716
-0.021808496727314202
-0.029980169246115896
-0.018603067615215154
-0.02732572322722122
-0.029996151757705935
0.043222375272496866
-0.01447953253371346
-0.007317844071967408
0.001017387411739623
-0.011435577303698053
-0.011435577303698053
-0.011174783661456278
-0.05818425784081919
-0.018863887892004952
-0.0089081264950851
-0.0077285861213781505
-0.023531577137175824
0.011815090405741248
-0.028520752795430683
-0.023527183358107127
-0.013159441389635
-0.039301776912317746
-0.0100885711963692
0.006733608631223737
-0.01112793834983641
-0.05585388979640735
-0.01161840456883917
-0.007634882217982313
-0.00650727118836081
-0.01321634688741571
0.004322963331222585
-0.014892731285589988
-0.009567884193258705
-0.000918251280152613
-0.007249318462007703
-0.005060486499958657
-0.013785072648234415
-0.043112979403074306
-0.01704218495999677
0.02535924330794742
-0.011229956663146837
-0.02853654978771197
-0.0026154857850477034
-0.0057191231807397205
-0.007249318462007703
-0.017497772670906863
-0.018419252521667828
-0.003541780700950702
-0.008842074444454801
-0.043782834796788225
0.011246048710049597
0.011973592448068157
-0.008971040323973917
-0.0015834516970574097
0.0009412636163740767
0.0011310101435370822
-0.003515608075637159
0.005692023843797562
-0.04651686316396191
-0.019634720573898857
-0.029996151757705935
-0.0026154857850477034
0.001017387411739623
-0.011229956663146837
-0.007634882217982313
0.00564389842719941
-0.028520752795430683
-0.0100885711963692
-0.0032251628292737328
-0.00020673980850587296
0.043222375272496866
0.019873032327586797
-0.020792066078886354
-0.03075337717900865
-0.001381644625731404
-0.009562491497220273
-0.014980053885467822
-0.037435889238103606
-0.00043691835387028654
-0.028095868964916716
-0.021808496727314202
-0.028520752795430683
-0.02318787721490651
0.005802299028858549
0.0009412636163740767
-0.015287043831631831
0.006095750233307505
0.01517362946284468
-0.001557746071208622
-0.05172016029261354
0.03282413513423845
-0.04127719562933372
-0.01412321946230755
0.007237068526955971
-0.010426806881056107
-0.007969726975531506
-0.037435889238103606
-0.002077819439373672
-0.008030292572593845
0.0028571484347021106
-0.01447953253371346
0.01717923119875474
-0.014939782215846326
-0.028095868964916716
-0.020027342209796985
-0.006129593126702493
-0.021959209493200734
0.010029784489814144
-0.04411265042008931
-0.04840902137760829
-0.029980169246115896
-0.021959209493200734
0.001167202080350944
0.03665236237740406
-0.0089081264950851
-0.05172016029261354
-0.041078432390828416
-0.008307440837435742
-0.05637669168771825
-0.01412321946230755
-0.005060486499958657
0.03665236237740406
-0.018603067615215154
-0.02474262675986673
-0.036898959438184
-0.015081808110643465
-0.009229271470273479
-0.015081808110643465
-0.039301776912317746
-0.05637669168771825
0.0011445423779975889
-0.03309602951790083
0.011815090405741248
-0.024973414157013783
-0.005822720439291985
-0.01601485531578428
-0.011489433612756507
-0.0100885711963692
-0.0089081264950851
0.0019993527796708056
-0.01161840456883917
-0.013177318031224971
-0.012060245421282707
-0.027516522269226153
-0.023306396551982057
-0.009609601561241105
0.03282413513423845
-0.01447953253371346
-0.0046031248416334635
-0.024973414157013783
-0.0015085748546018107
-0.0356228960089728
-0.017911154811856865
