1453
1247
529
4243
489
945
2361
2752
451
361
2340
1716
645
1932
2395
2932
4327
384
3012
2648
394
1132
1430
2331
1925
1080
865
896
852
1455
520
645
3814
785
1322
515
1231
1852
1284
561
2783
568
3649
427
3301
934
2159
3363
2869
4576
464
1100
894
513
920
527
555
4313
976
558
4607
3850
993
1773
1629
795
2160
3252
2939
373
667
2112
2017
603
491
805
874
1161
1259
2859
1132
3874
714
769
425
1162
2931
2567
1893
1468
506
2715
390
1134
611
1301
809
931
1838
408
392
352
2552
755
3026
2985
1963
619
382
2618
999
573
2015
2076
661
579
2877
601
972
4486
555
854
1541
703
499
379
3446
977
568
1904
803
496
4194
542
549
1715
2329
3662
2095
3652
604
418
1386
1437
745
541
536
585
1112
1776
991
896
450
2659
3596
1732
952
3219
3097
546
625
731
693
880
721
710
709
908
703
1046
4576
2667
3341
826
888
692
1487
3746
2824
2585
1154
352
1058
400
2131
4062
1334
858
1315
1915
779
1453
1252
478
785
894
586
608
2745
725
620
4528
1189
2094
3225
897
1300
522
478
651
1255
659
606
1142
1164
1778
979
1136
3693
1120
617
2039
515
3926
3344
643
2030
552
4068
1101
603
882
1035
1871
1709
777
1032
1845
2446
3035
730
566
765
1126
462
646
349
437
640
626
605
1298
1805
2022
694
532
524
501
638
3938
2806
733
2360
2524
588
809
2565
3598
3286
759
3074
874
1668
1616
3389
732
2646
734
1615
563
692
526
1890
325
817
1630
887
631
659
681
630
2958
415
1082
1012
2257
1183
3031
1228
377
2259
778
2489
2200
2075
4517
599
576
2998
2672
735
563
2811
1064
642
467
1014
2565
366
769
1558
2095
4065
2153
803
1682
2889
3999
348
609
846
631
533
513
570
971
1851
516
2216
1020
1573
1581
2847
886
2772
1914
1549
2677
479
686
1068
1048
3491
698
818
1392
480
2302
772
3848
331
4350
525
1038
1588
3526
564
1412
3584
481
1072
2223
649
3452
4122
3304
369
578
394
406
1734
1687
988
1142
2774
633
2333
1143
1674
3029
2390
574
641
2134
2131
1151
2985
3677
526
2326
946
558
665
1642
630
2240
756
1503
934
603
1858
370
432
617
1295
543
737
1382
3588
641
1147
1878
653
919
641
4407
4049
1743
551
968
3999
1468
489
509
689
2142
1749
2261
685
728
358
1182
326
2822
934
3275
1259
1031
587
868
709
534
1909
3712
4038
556
1016
2992
550
1887
758
1714
1496
3955
2744
2833
3091
1353
1203
4312
793
1107
596
311
734
2307
857
1005
682
534
409
3614
440
544
4350
1113
403
1991
484
1783
359
1092
643
597
992
2719
636
1785
1555
310
678
3670
1804
2524
551
1541
615
2669
3632
4241
4391
713
514
875
1084
622
630
3968
1387
1426
445
1939
1231
697
2305
1840
1865
2477
3525
2602
3843
662
1142
1005
403
3130
2772
2008
1542
1672
500
775
2233
519
1187
667
490
2821
4601
4506
743
624
486
545
894
3961
1131
3009
2310
2019
1548
548
1707
3608
422
1826
1387
647
357
902
793
837
1062
496
791
1502
1001
2994
729
2255
965
882
4278
3670
577
738
4180
747
1845
1697
4055
1496
2977
520
3811
605
1543
2640
868
3428
3541
4075
440
494
4473
667
817
1649
2527
541
2635
480
2566
4441
2348
1740
916
1739
619
656
379
874
3833
348
574
2000
621
389
677
1842
4713
963
2337
2568
681
2500
579
523
761
569
367
1661
2367
604
2486
516
1663
512
3300
697
654
870
1733
943
2836
1787
668
1749
922
1435
4701
1045
436
902
1890
492
608
2284
2523
716
2556
933
782
2304
2122
2721
751
1148
1464
547
540
949
1299
3072
2868
3539
1257
871
542
1398
664
1838
734
442
2006
2152
3382
1309
4028
690
2606
524
1235
1825
514
2172
2834
625
553
528
457
643
1946
1029
417
593
709
477
553
2360
533
3449
385
1014
744
464
567
4615
545
1353
1260
751
785
1623
719
474
1233
1110
1767
1132
2933
3563
3648
801
1706
3529
3019
506
352
1950
636
1272
625
548
3163
615
4311
2771
4223
3153
1504
934
650
717
1343
675
1871
947
423
4690
838
2707
3789
3350
1430
1213
496
1426
1620
3343
748
671
1400
3749
4241
670
353
370
888
2410
727
559
2516
3551
1747
568
356
3019
1748
1288
1005
770
375
2250
2051
406
1067
1171
1797
2704
3746
1997
549
1295
906
1556
568
2617
385
803
619
4571
997
3964
3397
3798
2868
995
2006
419
3844
2465
711
1878
394
2930
774
3647
1223
2776
621
3426
2716
566
4301
2748
448
3109
604
2978
3161
1389
4360
809
445
3609
556
1459
2813
710
912
2981
591
541
482
783
1011
4147
1284
392
3057
2652
3434
2505
663
464
3185
750
946
1907
4026
945
2360
3297
456
723
2898
1711
337
1085
1990
4659
709
444
794
968
351
456
966
2650
2749
892
1873
1872
1581
629
1400
506
4125
3960
1349
1699
687
499
2219
2133
388
3176
821
766
1545
1155
1213
345
3289
1330
718
1024
1906
1210
984
573
698
607
509
1194
2909
1023
1858
2900
1538
1920
822
1600
928
3036
743
1255
826
415
1122
3847
677
785
914
1678
2751
533
1756
600
634
616
1905
847
765
1493
664
311
2003
1417
993
1408
461
861
1447
526
3190
942
765
2359
650
4317
1134
546
1740
1384
465
3683
1085
1015
3730
1301
1132
700
3196
1985
3867
654
671
2924
1214
752
2275
4430
906
3202
2669
709
985
907
966
2500
331
3403
1004
526
2664
958
902
679
2601
1942
1841
648
947
1359
1039
1511
3343
3743
684
2911
565
2293
428
490
2086
387
504
1748
473
507
326
497
1766
2463
1141
2771
2322
442
1541
4427
2313
547
661
1294
631
3074
553
2082
784
1076
471
438
731
4275
381
1647
1679
1838
3754
341
904
3554
598
667
3147
2383
1261
4203
611
2071
1627
2058
3132
1872
1871
711
2193
4138
339
1284
764
948
4388
749
733
1676
2300
4389
781
1021
1225
966
2117
744
869
789
703
627
466
1944
791
597
940
2371
2551
768
792
716
391
1541
4683
3653
890
967
577
576
1983
1924
1168
649
2244
1312
771
1544
2034
790
2107
2377
1189
1691
510
555
1220
661
926
437
2952
3024
640
853
606
831
1055
383
1263
1350
2012
408
4103
1172
1078
611
449
713
1791
1352
718
477
2255
2488
2954
1409
1981
2417
1081
1069
1743
2208
669
349
661
495
515
439
463
2387
2550
815
547
326
4061
3231
1116
4214
590
710
706
1901
1732
968
437
542
1074
1633
2082
1313
4673
703
547
678
365
2975
823
591
483
420
757
761
733
781
465
805
2779
2367
3720
1602
3341
1033
2314
706
1712
527
647
826
3219
1295
1046
2906
3765
455
548
1187
2221
431
970
1521
1599
3639
682
3750
549
2876
864
607
3737
733
3433
515
3100
863
4351
424
972
1218
2519
824
328
1381
757
502
772
860
3935
853
1068
3410
1030
615
404
666
2556
3464
1611
756
412
388
1581
1185
663
2209
557
2116
2719
304
3843
611
2194
427
678
767
683
845
606
3914
591
522
4317
3983
394
1241
934
3069
2916
1016
900
1281
1043
417
448
607
462
416
572
925
609
2718
1017
508
336
415
2268
4712
2051
1508
590
782
1139
3510
606
1237
623
1758
580
1986
1330
2793
863
293
1649
1313
722
496
819
594
367
1514
2312
1140
480
701
3110
1735
2737
1016
1696
4021
433
411
1046
423
2161
1910
1102
1251
2554
1228
524
465
326
3156
1030
476
420
384
309
579
665
1850
329
636
678
803
2380
351
1169
1138
3604
2748
1189
619
2158
4068
3680
813
495
2011
443
1536
1808
3110
2237
1486
1707
1772
3018
1783
982
2815
567
2701
582
1141
3304
637
631
1053
983
3250
2198
2190
4683
2099
710
1676
381
953
448
2280
2068
507
4733
978
583
4229
810
2199
2243
2823
808
2001
504
2248
906
4240
2122
398
3259
993
620
2310
3742
3985
2156
4132
428
1468
331
2198
831
894
867
900
1117
388
533
2304
574
3180
774
619
398
742
3638
2288
576
2420
2270
1436
2052
1747
822
1774
648
805
604
576
2089
2442
796
706
594
2512
3136
3035
907
660
689
730
602
2739
1418
760
1797
1855
451
604
676
431
3644
479
2073
672
2661
364
3252
779
915
555
2514
2666
645
3679
576
393
2817
749
663
1711
346
505
746
3104
953
1760
2787
2069
477
1781
2779
1102
471
1629
1071
537
593
770
370
1001
2061
445
2887
980
1038
3847
593
1192
2563
2458
2417
664
1087
1359
2244
476
518
1050
576
704
2084
617
3683
688
527
497
996
1314
3662
554
366
866
3403
479
567
671
829
1962
1833
1329
1509
1783
4091
679
786
1202
4376
1387
966
3349
647
1553
476
2541
520
825
608
726
2014
617
1893
4389
1879
4484
647
1981
4262
4492
2014
2108
1080
697
1563
951
539
574
2770
1171
1696
614
1570
816
3135
3669
2623
529
2224
566
2505
454
465
2439
1070
2765
761
4734
470
3092
1387
406
4192
1406
584
657
939
1719
1477
2616
604
4419
1862
1104
2078
524
1158
4152
2634
820
1091
976
722
531
2197
1878
455
2440
1733
686
503
2783
495
509
2307
601
548
553
3777
3863
733
1903
986
2901
981
420
3530
2322
3961
1527
846
2439
993
839
1132
542
451
667
468
2048
951
2397
4769
1007
371
1477
3505
744
408
3986
2391
3985
2390
2963
968
4208
1777
454
3704
1142
323
465
4589
2892
2860
798
385
2532
1183
582
712
464
321
1054
1364
3179
1474
2060
555
956
1746
3747
565
2024
1145
911
477
3293
558
764
804
640
366
3627
689
4111
782
672
647
2644
2946
687
2251
1633
780
388
625
2857
1254
1175
615
887
2001
694
1239
1049
432
445
3138
2512
862
1817
536
1657
1421
3496
3645
2374
2227
3695
1626
358
2780
811
1011
688
1150
2553
1252
3189
911
2386
555
375
448
2679
884
1102
369
1367
1072
2446
3125
726
512
650
1303
959
2120
1250
1055
2836
889
651
604
4483
3778
1709
722
1263
389
686
1820
928
3472
703
1377
686
457
672
2635
935
2251
661
2282
797
3863
2392
3033
2058
2073
474
3600
474
3170
1237
2021
503
3195
697
913
567
1250
992
552
1293
395
1173
734
1179
573
735
698
491
396
430
532
2509
571
1921
411
348
4095
1708
477
547
1578
562
572
2718
413
1054
2303
1618
370
634
1147
1896
890
1856
599
359
421
3044
416
2613
977
1019
557
776
2255
586
2591
825
1012
634
1267
696
4738
1335
777
427
3387
857
720
706
471
927
1844
614
1356
583
1411
711
504
2682
378
2835
920
2967
475
1075
843
3728
443
1142
907
645
916
690
599
3360
368
1084
594
1068
706
2613
4524
1581
1041
816
779
472
1093
1783
3919
1010
1744
838
887
371
1451
636
646
2115
692
1417
643
467
881
1884
973
895
380
794
490
433
825
1199
1951
539
909
1010
4615
1185
2428
638
475
570
4479
655
406
536
798
612
741
3426
739
2137
951
375
1947
1431
3454
1560
943
2501
984
1727
1084
433
1140
639
854
2806
814
641
554
573
575
2672
1825
2314
3101
882
620
696
1204
1802
468
458
860
696
838
2110
1170
1614
392
746
524
1247
3731
1041
1229
2024
3059
1540
801
436
538
841
3098
734
681
3440
4675
565
724
3595
773
1240
598
3383
639
2056
439
864
1239
1846
368
1047
3774
1194
585
614
551
3582
2009
644
855
2926
4554
659
1223
3356
684
506
899
3096
397
300
629
1490
1082
2404
2045
1921
482
1155
1988
436
918
3023
1559
2147
862
589
4170
480
4635
2194
2107
4443
466
1691
2335
1051
450
2813
4335
1662
527
1757
731
2462
311
1984
1386
505
572
817
647
642
2906
578
661
611
1069
1707
4255
2860
1139
2911
387
1429
3139
1300
774
2115
495
1779
665
2004
1129
4710
487
2071
867
1946
761
3239
420
379
471
1968
477
930
555
2387
786
435
1716
646
641
3114
1223
728
458
3536
739
463
796
1468
3740
606
922
1559
763
1064
402
2762
889
4284
997
867
1433
753
480
1993
1014
381
814
919
4042
3510
662
1534
1886
1055
881
685
3811
1510
4133
436
1145
630
3042
793
4316
2787
1886
2481
751
690
699
1580
697
4375
2367
473
436
2480
2629
501
4025
1246
3967
4711
590
1163
780
969
413
494
2082
860
2102
2798
3301
3239
2404
775
1326
598
850
641
2284
1039
3854
1710
415
572
2007
497
4683
1120
3140
1524
2468
312
1764
624
400
679
677
365
917
967
369
661
764
2477
567
280
618
443
3702
1250
2060
1969
2430
765
3597
962
2115
598
3965
4035
383
732
2022
665
547
2793
650
2962
1982
2714
927
975
1037
3479
640
2612
898
3860
1073
685
4489
628
4027
412
3927
1300
1922
2548
458
448
491
1022
725
1992
672
2334
394
534
1201
1746
755
3178
2680
543
1798
2239
2277
1508
790
396
3059
647
732
1540
430
710
1844
3186
4727
599
3581
1795
598
1911
3642
564
3803
472
850
348
416
994
539
2079
1033
1105
673
374
426
1853
1389
874
1847
1832
1650
860
529
690
373
3923
625
581
1451
3032
965
463
656
593
956
508
2054
4111
2524
4355
428
1296
372
2727
453
2018
2201
1044
404
1586
380
1003
2149
2523
654
2690
1608
381
1109
544
585
3459
1796
554
810
473
1139
462
918
701
2133
379
4068
2407
1229
1061
1423
498
1727
1033
569
3730
3434
2812
467
1026
2205
839
743
2513
496
1336
994
2675
1479
481
2524
471
4176
480
915
743
569
424
2105
546
2182
588
631
405
3125
3513
976
3036
3509
992
426
408
3233
1703
3007
432
875
422
1500
343
407
462
1623
2770
2294
642
828
488
2969
667
1395
710
525
439
2980
2848
2595
449
567
786
2390
1376
1959
460
599
946
749
899
602
1352
558
1905
442
1145
542
4154
1916
366
750
411
952
2548
2662
896
4765
399
1837
2370
2096
826
463
1176
821
2467
776
4365
850
445
554
504
1206
864
2522
1846
552
970
2807
2393
2879
1958
1253
485
613
1631
693
361
2927
1054
872
1507
2951
1014
3485
695
3353
663
1397
1770
3140
879
665
543
673
4435
1413
662
678
532
686
1217
410
334
399
1517
514
488
3577
696
3920
569
743
500
931
457
3460
410
1324
663
490
611
2008
893
308
2221
1012
566
2624
1102
3659
753
2861
1638
1136
2779
2893
483
1784
4487
919
1962
1022
3499
2891
1261
4043
751
627
3417
810
1055
796
1889
3578
578
974
667
756
439
2150
1652
4217
778
559
1566
423
1246
1001
376
3015
585
438
4740
551
712
1178
3785
455
1053
490
1669
429
2611
341
436
1356
837
2560
516
607
1318
397
3929
1979
845
1964
1072
1481
1019
912
3829
568
831
361
699
1508
2942
801
1497
476
1230
3017
846
1317
1025
631
1231
1637
2936
2439
1021
1458
3314
605
2292
554
1850
1375
927
843
500
528
3022
2059
667
1826
934
3179
439
2869
3645
918
560
956
774
2787
1052
860
2558
2111
584
744
1702
1020
666
1128
1875
2756
4163
1423
492
4514
639
2273
2339
600
3120
3683
753
951
948
462
2392
418
1088
886
376
1015
636
1083
787
509
4514
541
640
339
552
1707
654
443
1453
577
3764
536
529
643
738
2496
4751
2071
1012
383
2730
673
845
1393
817
537
827
570
683
491
375
655
1079
2323
2165
723
664
1057
4425
362
3451
2233
1316
2223
1833
683
469
518
2408
3074
3448
397
829
565
1216
562
1957
497
641
1042
463
718
447
705
3057
488
1339
674
340
3723
1483
2159
622
1880
395
3039
1297
992
442
424
1048
333
593
4488
772
561
850
538
1991
614
1903
1123
501
1646
1485
621
457
643
587
339
4004
1710
1380
1800
2259
1179
613
920
836
327
2408
543
640
520
1057
1721
656
632
749
4509
2018
480
788
4403
399
762
347
588
560
1626
576
1296
671
548
1039
1501
452
3194
406
688
950
600
1714
1348
713
2309
4550
604
911
1645
4595
887
496
527
567
488
1866
1149
702
811
629
1812
1209
1671
3668
2541
454
1417
706
3043
379
502
2794
1392
520
737
3022
699
3800
622
2635
499
433
805
1405
808
3332
3402
413
361
810
521
1789
1633
668
630
365
401
1932
2692
1123
4754
1452
1048
3036
1263
2673
445
1194
451
369
1225
1062
630
719
2837
2217
355
3016
443
2078
363
3470
978
1031
1007
4477
623
4701
657
1960
1190
2365
555
506
2464
389
4357
1772
816
1153
428
528
453
632
3529
792
2215
791
892
2777
1191
608
1513
586
2020
527
1089
4347
3397
2271
849
595
2039
2511
417
666
1041
1627
3441
2634
2226
1900
533
829
4164
712
2428
686
479
1763
1935
1584
976
854
819
4524
2631
1296
1731
3292
589
782
412
2651
1111
429
983
3613
505
778
1523
1193
386
2287
3098
1373
651
2829
763
3502
3856
559
1888
842
356
1082
507
948
510
1586
2490
412
2228
408
3657
3103
429
478
1810
1051
798
659
462
2238
1526
2513
1556
544
1934
1609
1159
2155
739
1083
1879
516
2717
1804
3627
858
784
3163
1843
3554
2579
2005
1296
461
2407
421
1014
2093
753
409
470
3281
347
468
2915
1642
966
674
3680
582
2885
1776
512
3109
4706
1306
2307
453
412
2865
4649
990
798
1100
1080
1212
838
1226
2633
4737
1746
950
3049
2281
747
3148
2646
806
501
883
623
1105
464
444
1637
841
1166
1147
3796
581
3012
1635
2401
1764
406
1574
667
2385
1113
767
1651
1107
4075
2734
845
2607
772
388
1982
706
1583
428
4060
3612
490
847
509
2095
465
685
3054
616
1733
1974
747
388
663
921
508
2657
3270
1529
684
1642
800
1315
394
626
429
1013
2661
3820
4172
483
786
2140
455
1155
2322
1508
428
548
669
2051
877
2272
1634
284
424
1760
2751
456
652
1859
3435
978
2154
440
397
683
4675
1200
2582
3018
1198
643
531
2313
1061
564
2716
954
845
1549
1102
769
1088
3339
4262
656
409
501
616
1125
768
2564
802
328
1528
1834
716
4012
2253
345
940
423
474
815
4653
4064
4775
1131
1647
2634
3312
2345
1135
1522
4213
638
937
344
3472
739
697
415
509
897
3539
546
845
461
1147
3018
1576
1126
1007
737
573
1198
985
3842
542
1633
534
4683
1698
4371
1526
671
603
751
901
4085
3535
1636
2010
813
706
960
1912
1279
440
509
579
2299
1867
498
874
4708
1063
2955
664
1444
1058
926
600
481
457
1584
500
467
2105
942
1709
1835
541
1475
838
2889
4295
1150
1852
755
701
364
831
685
2510
747
369
416
1379
767
894
2071
1912
430
689
1543
3149
477
4619
1374
1588
369
758
4435
504
2206
3064
580
3305
1421
597
4732
2220
1213
2894
860
3327
773
1342
1143
1019
2113
1126
397
3084
692
2969
761
4474
2394
1923
549
682
1203
2652
1007
3629
448
4060
413
3637
900
657
1461
459
3847
4282
1928
658
814
862
639
1037
3841
386
1696
3622
1438
982
713
557
3280
3160
669
1899
563
731
698
1582
2533
3007
1174
1633
2382
3837
629
1007
617
659
791
1686
774
3542
1565
908
799
1018
844
427
1004
918
943
1483
1221
2122
2480
636
539
2246
4544
4337
356
2681
1264
612
1032
1013
3349
654
500
2042
2438
548
3769
2661
2558
1982
2639
3029
458
3109
386
746
590
2830
2609
535
539
1367
564
1194
1975
2947
685
1993
2722
370
1349
2283
1905
1120
452
469
351
1148
609
842
719
1033
2484
1252
512
1458
3527
292
1069
2102
3788
406
552
1268
3274
3085
523
2496
601
892
441
627
1056
968
1099
1520
538
793
751
957
574
3952
1985
1705
407
901
1596
3158
1051
728
4350
581
1880
2039
1275
616
673
4161
442
583
1227
996
2987
1057
1443
717
2872
834
1112
796
1056
1123
944
1083
2375
1169
1644
3459
502
1192
668
2941
1521
3331
4019
4044
1537
1532
699
354
2929
419
502
4238
1034
728
1334
4343
485
425
608
426
558
1721
459
535
996
1341
811
561
550
1454
425
1740
479
683
1163
881
3623
4277
1885
516
1129
380
2000
1316
1102
401
815
1131
2195
1191
2252
554
1122
1653
2932
1375
1458
444
1192
627
1449
4688
679
1884
2270
709
2185
2288
3160
4070
614
417
2501
1360
1440
1193
461
457
514
2977
844
639
365
3673
1746
521
659
3572
2586
2654
1121
508
4198
1483
563
1761
2887
3079
4595
486
4639
2105
783
595
2289
1427
2620
1111
1105
654
3237
915
1275
2154
730
2169
393
1174
2582
2924
2457
1631
4089
2320
2919
626
1963
1421
454
2229
592
891
1208
491
574
771
740
555
1883
1091
442
780
573
1056
1123
1282
4700
3753
621
2087
581
424
2580
3005
621
1123
694
672
983
760
756
1047
2529
3734
1134
3311
792
1842
447
2776
2575
4460
891
2538
3066
2301
587
2031
717
774
3069
537
547
671
2492
422
528
678
1136
3277
2466
1015
2343
344
2403
451
866
1139
1404
2637
1545
1397
2358
1470
4117
2292
867
4670
584
798
901
689
3296
2516
496
918
1452
920
3592
1072
2527
3343
699
437
2024
1719
346
681
1099
1134
3152
2217
636
1264
798
850
973
4196
1689
1824
2621
1283
1746
643
4550
624
612
679
1014
632
2699
637
876
400
560
2001
947
2673
623
2109
1069
543
1920
402
3113
868
1037
473
1057
1118
869
3353
705
1638
1547
1727
4018
650
690
2020
473
708
2391
994
1820
2446
4680
1708
1452
2212
543
3827
3999
1702
1491
632
636
4396
880
4467
440
606
3627
1781
1785
445
3936
715
2322
730
490
3595
3294
614
480
453
1047
795
419
4579
853
1306
1658
3316
418
1534
3999
1340
372
2264
3625
1143
378
659
1246
1367
457
382
661
3160
2702
432
561
432
430
585
1688
640
1660
3405
629
2776
517
381
2692
4579
775
4123
889
1939
3056
3120
676
1987
2162
901
1056
1452
4434
2181
529
4139
1713
2831
546
1028
625
570
506
741
764
3862
405
2125
2716
921
612
873
2518
3621
1064
3667
2202
636
1730
3560
741
1391
580
681
4792
729
649
662
625
1876
1262
1401
2598
4185
383
4176
3693
1492
614
2532
883
1464
1146
412
1044
645
323
697
314
966
1280
1520
745
2353
2662
4526
401
3152
1365
1392
668
865
4403
926
2912
3105
514
764
3260
553
648
1900
1058
1077
1603
437
530
1574
800
935
718
1061
381
700
737
1445
477
431
2947
459
2845
1787
403
1176
2164
998
2411
1646
718
2058
558
355
1018
774
2171
555
2318
1902
609
438
715
667
687
756
798
593
561
591
702
4182
4712
620
2926
776
1663
2247
3802
1016
577
3749
712
1946
561
479
2551
627
480
740
818
1200
3768
734
3240
897
396
2450
1247
1729
431
1657
4365
2696
1978
561
1497
961
438
770
647
665
3801
399
4368
712
2195
2619
4699
603
1005
1479
566
420
1047
2788
3198
2004
1644
700
657
4782
1328
3472
2408
2758
811
1134
1126
1133
1090
1815
1547
459
1724
493
595
4410
2020
4028
1148
648
1354
684
504
388
887
635
2247
464
455
902
741
4276
820
2699
809
3594
4089
1880
654
3049
1621
561
640
309
1530
2098
623
1226
739
3569
1972
337
2427
2999
4334
304
322
3877
588
2940
726
952
1354
3754
397
2253
2367
1822
1193
4514
1712
806
563
439
4609
511
747
1717
708
810
356
418
779
578
1832
636
4664
1026
2125
545
609
643
803
306
1348
1818
2488
1975
651
528
827
455
3075
437
1359
1167
530
836
1055
2804
2765
1026
1993
541
776
1189
1887
2489
439
466
1043
843
632
536
953
838
2047
706
463
1287
2462
1189
882
2661
436
3096
1031
624
429
556
926
671
593
3346
994
3213
3311
710
1054
404
3079
3343
3513
1656
912
3450
752
4185
551
491
1726
401
1143
1847
1656
362
387
1818
2747
1772
683
468
1916
3436
3121
677
778
1002
580
1966
491
1660
455
2854
428
2287
3476
2342
3454
1797
2814
3453
623
1231
374
443
1243
4250
2277
2343
1785
3778
623
1712
1268
577
607
1574
1062
681
412
345
3682
548
393
1142
887
1152
400
2114
802
3678
434
382
1206
2773
3619
946
558
332
564
869
4141
1068
1176
825
1870
4459
679
4514
1739
786
1037
1089
1011
1416
853
799
431
959
618
4255
1432
541
872
1076
912
3354
769
1409
627
3509
467
4658
1892
3393
1002
1863
794
1109
686
432
1780
2199
2512
319
2418
3268
3919
4029
2025
2742
2571
844
4187
415
432
3409
604
530
674
1653
3901
699
3685
3222
1030
2115
2453
872
2382
1525
1472
466
1386
395
537
2261
837
677
694
614
1549
4723
2578
1083
339
587
2175
668
4036
855
1500
2240
794
997
2118
950
537
1123
2009
1464
834
2197
1667
608
1971
387
1211
889
1522
1763
2245
818
2870
459
684
853
4286
1073
930
1081
1875
461
813
635
3110
432
535
2154
882
922
1565
1396
406
2180
2797
1046
688
2181
683
1221
1688
2959
2072
1101
4652
1377
723
668
1424
1415
1995
757
3317
613
2514
2224
2093
1905
745
2522
532
2118
1053
403
622
1206
394
4054
412
1612
675
941
1416
3246
2059
733
444
927
1032
1159
2896
2225
959
882
894
923
853
1059
1797
1846
1535
379
1672
3065
842
3902
398
4332
2127
623
688
766
577
955
667
3566
395
919
541
3638
2302
2906
447
2697
2457
2113
412
2633
1024
514
545
1283
4012
668
956
449
4806
964
548
1716
717
2893
561
475
3333
2188
1097
4450
753
3206
1003
472
3432
3275
1271
1526
370
679
2069
439
458
800
423
702
434
956
375
1134
4344
825
3549
3648
3841
449
1842
525
1048
794
947
1045
660
2568
706
1728
2662
675
3921
3770
3125
374
1196
673
1200
1999
1998
648
328
614
1325
324
662
406
2525
2349
943
3967
566
997
532
1924
526
617
1326
1928
532
793
455
2889
1033
453
2463
349
1859
2215
1765
752
1283
907
3036
502
538
3328
388
597
4559
577
1132
316
4101
572
430
2838
1796
1165
2816
2619
1197
982
468
398
1007
3330
386
960
2183
1470
2039
1651
776
1245
1953
637
1406
1195
2846
2863
4024
374
3853
3817
805
1159
2287
1267
1650
1030
980
930
746
2896
1174
1131
363
1541
1989
1003
690
2320
2178
2534
2062
497
589
1453
824
603
1084
1111
670
644
289
2773
3929
1300
407
3385
428
2066
400
815
1268
2137
565
397
928
709
2331
1060
3683
477
3636
680
4574
626
2621
1358
1376
2737
4365
1636
1787
2465
889
3651
1613
2444
1523
1064
1967
900
524
2947
2049
623
530
740
1103
500
593
3265
1127
3053
1313
348
4614
482
3587
2028
563
2197
828
2161
1194
462
563
1147
1923
2217
639
672
1285
535
1207
605
1492
999
577
1142
1251
610
2046
429
2672
2280
1432
3401
3504
3818
3882
640
490
858
369
433
1969
2771
529
548
417
940
830
720
3617
3922
1255
1811
825
1450
1210
3411
2830
1656
2370
511
491
809
847
747
1458
1800
431
485
1013
1244
460
1129
801
3085
769
280
1417
662
430
3692
536
1516
3410
2843
2298
1710
707
4372
1923
3051
1103
723
1483
1966
722
1073
742
2499
789
568
576
450
1602
1816
942
496
1105
380
565
2013
540
1252
1055
325
4136
354
831
2269
2571
394
235
2130
1655
469
1874
2323
2825
4209
298
2941
2528
270
980
1234
2237
1746
966
796
800
739
1278
393
568
3723
678
1232
410
1044
1684
1167
433
2587
478
3524
326
3192
799
2000
3239
2770
4436
337
1000
723
417
705
449
447
4169
919
485
4488
3685
917
1655
1468
686
2018
3060
2837
290
571
1980
1895
523
377
637
738
1084
1083
2772
1049
3701
630
648
339
1055
2840
2483
1815
1357
389
2628
314
1052
518
1156
734
792
1699
296
298
244
2415
581
2914
2907
1834
458
324
2554
942
501
1909
1857
592
408
2664
495
857
4375
464
734
1415
515
379
283
3362
842
470
1789
737
347
4125
450
439
1542
2136
3497
1966
3539
463
343
1272
1304
680
399
401
451
978
1699
930
687
344
2565
3481
1657
838
3128
3031
428
517
612
586
787
575
601
588
763
566
846
4491
2535
3200
709
775
557
1342
3628
2672
2464
1067
235
945
325
1969
3845
1271
644
1133
1834
677
1337
1156
360
719
792
382
498
2618
515
444
4348
1006
2007
3085
691
1156
429
390
459
1185
558
498
1033
1037
1676
894
1053
3538
1047
531
1884
431
3822
3272
557
1883
472
3880
963
465
720
864
1793
1596
644
897
1678
2311
2959
601
460
586
1042
335
503
258
335
553
479
416
1181
1728
1914
611
448
394
427
527
3874
2591
538
2263
2356
516
670
2496
3509
3076
604
2876
784
1535
1482
3212
604
2559
650
1545
488
536
429
1734
257
754
1528
801
553
535
525
549
2859
280
975
853
2194
1007
2890
1156
276
2112
693
2367
2095
1950
4333
458
483
2814
2587
572
449
2679
985
449
368
889
2465
269
581
1375
2032
3856
2035
641
1546
2785
3858
252
499
708
495
315
412
462
821
1751
405
2043
903
1492
1471
2700
777
2700
1803
1433
2580
318
479
955
911
3370
569
712
1243
280
2224
643
3737
260
4170
453
938
1458
3347
499
1350
3485
312
981
2112
523
3264
4025
3246
311
499
284
303
1674
1552
885
1015
2630
557
2203
1031
1598
2850
2193
397
576
2052
2001
1055
2794
3557
455
2260
862
472
548
1492
498
2156
654
1420
781
433
1765
298
337
535
1136
429
635
1283
3470
519
979
1751
555
721
498
4246
3925
1614
458
879
3901
1336
297
406
520
2079
1593
2162
560
526
265
1024
261
2631
832
3101
1170
869
479
671
634
410
1833
3622
3859
439
917
2908
437
1719
631
1616
1383
3858
2648
2708
2920
1241
992
4178
686
993
517
240
636
2148
776
911
611
411
282
3510
361
448
4235
968
328
1884
366
1692
285
979
544
438
871
2646
460
1683
1438
242
533
3535
1704
2459
428
1422
520
2531
3516
4157
4250
571
400
778
1024
473
550
3878
1300
1305
385
1873
1110
579
2177
1709
1754
2277
3450
2515
3756
595
1036
930
240
2982
2697
1935
1447
1570
348
595
2134
340
993
585
415
2633
4445
4344
677
513
349
428
781
3856
979
2906
2185
1957
1438
464
1563
3475
270
1765
1263
559
296
819
715
720
971
434
710
1346
837
2881
584
2186
766
778
4087
3586
481
544
3982
574
1763
1562
3958
1363
2827
301
3602
506
1382
2433
686
3363
3429
3958
300
374
4314
548
744
1514
2404
457
2467
405
2396
4291
2278
1624
757
1586
543
582
255
726
3651
289
387
1885
415
298
547
1701
4599
878
2218
2438
478
2374
454
304
611
467
289
1485
2255
489
2359
389
1550
389
3236
516
575
746
1517
758
2697
1677
549
1619
817
1342
4620
965
307
806
1733
382
529
2161
2440
537
2482
721
674
2197
1986
2555
632
1091
1381
387
430
766
1205
2963
2783
3416
1158
777
375
1298
513
1630
575
385
1859
2041
3255
1167
3870
600
2513
439
1111
1690
305
2113
2748
456
421
333
371
470
1870
948
289
433
601
357
378
2297
426
3334
277
956
626
318
485
4515
444
1212
1047
665
714
1566
634
335
1113
1040
1653
1034
2858
3433
3496
657
1594
3340
2907
404
223
1755
534
1182
493
451
3049
531
4209
2692
4026
3047
1343
720
571
570
1244
554
1687
863
268
4587
748
2595
3621
3175
1309
1124
303
1340
1554
3245
589
597
1273
3659
4178
570
287
282
679
2266
572
423
2369
3433
1649
396
235
2887
1653
1125
860
672
285
2083
1913
247
889
1029
1594
2597
3662
1926
460
1156
795
1483
444
2552
244
701
489
4463
864
3783
3289
3707
2743
922
1888
330
3769
2337
586
1749
279
2829
698
3519
1118
2674
511
3328
2614
376
4208
2661
382
3021
460
2845
3091
1212
4228
611
384
3445
457
1282
2691
601
838
2808
489
460
327
578
896
4069
1200
300
2874
2587
3260
2421
552
249
3107
598
864
1775
3899
886
2192
3140
308
641
2812
1511
220
888
1831
4454
612
339
707
875
283
315
909
2447
2653
794
1729
1718
1509
422
1337
330
3942
3837
1222
1578
492
379
2144
2015
295
3018
655
665
1477
983
1008
287
3112
1270
636
931
1847
1053
878
440
611
454
361
1107
2802
868
1681
2775
1457
1849
702
1452
850
2827
548
1166
748
343
999
3696
551
598
807
1531
2640
330
1570
515
531
555
1790
670
579
1428
478
239
1839
1338
879
1310
387
783
1266
421
3115
846
555
2295
570
4225
1031
425
1587
1210
361
3530
976
905
3624
1174
969
486
3098
1830
3653
578
543
2811
1149
656
2200
4294
811
3030
2467
560
871
765
896
2393
229
3256
886
464
2506
794
775
535
2504
1789
1736
531
736
1180
901
1420
3281
3623
529
2818
418
2094
285
327
1924
318
381
1542
359
361
261
353
1656
2377
957
2684
2199
367
1447
4339
2142
434
540
1178
526
2980
491
1944
674
950
360
277
637
4114
298
1473
1568
1701
3610
265
777
3476
519
457
3078
2269
1117
4036
527
1964
1525
1960
3053
1754
1800
535
2074
3956
237
1075
639
800
4324
596
670
1582
2235
4192
655
909
1081
779
1978
651
769
637
562
473
364
1845
618
514
864
2248
2400
600
623
648
319
1404
4614
3443
799
828
487
495
1803
1838
1035
498
2071
1141
629
1478
1859
655
2008
2260
1074
1573
396
374
1147
564
863
349
2756
2893
556
748
501
703
906
238
1171
1217
1865
296
4032
1039
954
554
332
630
1617
1269
599
406
2170
2289
2829
1262
1877
2212
985
960
1610
2031
534
247
554
420
428
378
380
2235
2488
696
345
241
3870
3035
933
4072
501
584
589
1810
1659
813
315
368
905
1557
1900
1150
4583
491
470
495
250
2872
708
520
301
289
655
614
664
605
376
719
2598
2296
3549
1491
3221
948
2257
565
1594
407
444
684
3069
1216
960
2782
3677
355
424
1010
2046
323
877
1416
1493
3512
487
3675
432
2782
739
532
3608
549
3270
355
3008
804
4164
307
898
1154
2380
676
253
1225
608
306
702
783
3810
680
927
3350
897
541
293
496
2481
3372
1550
655
238
285
1398
1105
556
2057
432
2005
2620
238
3760
552
2121
247
621
609
484
745
477
3809
433
438
4200
3895
319
1176
794
2955
2745
880
796
1170
898
342
300
448
342
345
427
794
493
2566
956
352
258
294
2183
4528
1988
1431
495
725
1044
3414
548
1159
496
1587
501
1894
1181
2705
676
231
1590
1188
618
361
681
530
290
1421
2120
980
391
613
3000
1599
2608
943
1598
3863
337
282
909
344
2046
1814
958
1100
2475
1075
466
316
222
3043
904
309
282
279
229
469
491
1792
263
474
549
633
2318
278
1046
994
3439
2687
1035
490
2083
3980
3612
739
337
1874
310
1478
1675
2972
2137
1314
1614
1600
2940
1589
883
2719
428
2610
478
1034
3193
499
545
954
861
3099
2099
2058
4513
2007
569
1578
219
778
384
2162
1861
434
4633
850
465
4033
681
2053
2097
2752
710
1874
355
2073
794
4077
2012
223
3088
867
454
2152
3595
3856
2088
4063
319
1277
254
2049
666
832
717
840
1005
307
401
2206
476
3037
641
448
304
600
3495
2193
505
2315
2186
1306
1947
1598
723
1598
578
675
484
481
1912
2308
611
634
413
2305
2988
2846
822
575
509
530
520
2665
1266
694
1613
1765
321
506
506
303
3572
291
2008
544
2511
240
3158
583
764
373
2397
2561
483
3586
471
334
2737
575
444
1550
289
402
540
3033
818
1643
2694
1973
355
1609
2619
895
299
1536
1003
417
440
594
249
880
1948
355
2812
876
852
3700
474
1133
2436
2365
2342
514
987
1236
2125
364
395
936
448
564
1885
488
3572
601
390
378
924
1248
3469
432
240
770
3307
349
450
486
616
1871
1734
1181
1438
1651
4020
586
582
1117
4272
1300
871
3256
567
1351
354
2475
343
718
488
585
1909
514
1797
4306
1786
4335
537
1849
4093
4429
1941
1969
984
583
1497
845
418
471
2620
1017
1576
527
1478
684
2989
3605
2455
424
2131
462
2380
278
392
2266
945
2630
703
4647
351
2998
1207
348
4045
1255
510
498
849
1649
1284
2411
469
4298
1752
993
1952
446
1006
3948
2488
754
933
792
631
456
2125
1799
296
2326
1661
569
440
2655
378
311
2126
492
472
425
3616
3728
646
1717
823
2831
886
282
3401
2231
3754
1414
694
2329
936
708
1044
451
352
475
333
1859
868
2212
4604
923
259
1399
3320
575
318
3894
2277
3802
2203
2831
881
4139
1574
337
3564
1023
219
291
4469
2697
2778
688
280
2422
1098
465
595
301
250
857
1208
3087
1319
1950
462
852
1658
3613
352
1921
1028
712
393
3198
487
552
717
573
227
3504
595
4031
668
565
479
2456
2868
578
2160
1544
707
279
456
2703
1164
986
519
765
1875
552
1087
953
315
295
3030
2416
778
1646
352
1588
1322
3323
3470
2317
2110
3511
1528
251
2625
721
932
547
987
2409
1145
3114
764
2315
492
268
353
2595
792
1014
295
1168
1000
2321
2983
615
414
574
1204
816
2062
1111
935
2719
752
562
459
4334
3609
1608
531
1197
218
580
1752
808
3381
515
1170
579
381
594
2536
826
2117
481
2195
727
3662
2329
2889
1977
2006
331
3543
300
3044
1114
1907
374
3079
551
788
426
1078
918
415
1200
308
965
626
1089
415
605
520
395
259
339
342
2387
505
1832
322
240
3902
1515
373
463
1460
450
462
2598
284
945
2160
1436
289
513
1008
1812
722
1641
491
229
299
2942
283
2458
914
902
434
668
2180
490
2462
715
796
503
1126
579
4595
1176
693
340
3314
691
570
564
301
797
1647
464
1153
511
1298
574
426
2598
252
2642
826
2874
397
985
738
3642
326
944
788
441
796
580
443
3274
283
977
402
907
549
2520
4406
1481
843
648
680
331
936
1707
3778
927
1580
625
755
294
1350
514
579
2019
573
1267
574
299
681
1732
833
697
283
686
356
316
742
1056
1773
385
817
859
4546
1058
2272
532
361
359
4398
552
313
348
669
548
630
3354
568
2068
776
291
1771
1359
3362
1461
874
2290
888
1632
931
346
1008
579
707
2714
663
562
404
457
476
2507
1693
2173
2971
787
478
518
1110
1704
384
305
690
627
691
1975
1018
1496
272
640
431
1131
3599
917
1115
1825
2900
1431
626
353
449
765
3008
566
478
3377
4606
438
577
3507
677
1176
474
3254
457
1956
287
738
1107
1664
283
949
3698
1125
434
449
432
3430
1802
533
719
2845
4455
549
1115
3207
539
399
713
2936
298
221
501
1370
966
2287
1955
1771
351
1043
1877
286
851
2881
1466
2080
685
476
4111
284
4578
2106
1966
4352
377
1569
2226
837
348
2627
4131
1563
455
1582
550
2392
222
1810
1296
357
489
757
559
568
2802
472
554
507
917
1640
4130
2782
966
2762
297
1301
3027
1175
629
1988
318
1665
580
1942
1053
4554
341
1989
758
1855
635
3173
318
268
353
1861
394
711
397
2303
669
352
1578
499
566
3037
1100
551
264
3438
600
338
625
1315
3577
490
859
1473
664
1001
321
2623
760
4196
856
794
1291
630
348
1880
901
304
690
785
3922
3425
532
1466
1680
935
761
535
3749
1423
4013
341
981
549
2881
639
4228
2717
1789
2357
678
575
541
1444
559
4241
2285
403
305
2374
2568
370
3920
1179
3823
4502
488
1089
682
840
347
375
1963
748
1984
2664
3156
3087
2336
675
1221
431
775
465
2113
939
3713
1633
352
362
1874
390
4556
976
3039
1405
2335
238
1618
529
297
486
556
300
766
775
286
529
682
2365
426
222
443
348
3626
1154
1957
1843
2343
707
3475
857
1960
457
3832
3958
300
574
1943
529
352
2703
517
2869
1900
2505
825
889
858
3350
542
2526
729
3744
967
504
4329
563
3958
316
3868
1126
1799
2461
358
302
405
891
584
1885
541
2259
322
467
1049
1597
628
3079
2616
358
1700
2164
2154
1415
691
284
2900
579
648
1410
342
632
1696
3063
4649
411
3489
1660
538
1812
3508
385
3725
361
712
249
314
880
464
1983
918
889
526
304
345
1685
1223
799
1771
1651
1500
803
375
622
291
3818
480
454
1346
2885
897
361
509
517
788
432
1845
3983
2450
4244
318
1126
299
2625
272
1848
2117
942
288
1459
259
880
2001
2433
575
2539
1502
291
1002
429
474
3342
1590
479
714
299
990
339
699
586
1915
256
3887
2268
1157
990
1294
318
1517
915
430
3546
3326
2676
329
942
2075
682
588
2318
291
1230
916
2611
1347
288
2398
373
4040
307
740
678
446
292
1920
372
1977
435
475
317
3005
3372
849
2914
3313
813
309
299
3082
1522
2914
306
712
308
1320
218
290
278
1483
2633
2185
538
686
413
2902
568
1279
521
441
308
2914
2764
2536
313
468
719
2265
1253
1834
340
464
750
642
786
521
1267
417
1807
326
939
357
4020
1820
258
625
220
784
2416
2554
754
4586
306
1716
2235
1940
720
289
1015
692
2305
692
4261
682
362
397
408
1114
787
2408
1738
425
813
2664
2201
2697
1850
1138
396
478
1556
613
282
2759
938
795
1421
2838
927
3369
524
3267
490
1231
1679
3082
820
577
452
586
4303
1236
569
571
421
571
1113
235
271
220
1428
373
309
3429
566
3726
487
568
401
801
330
3294
309
1183
594
427
472
1798
722
249
2160
889
477
2520
960
3528
601
2701
1487
985
2679
2788
264
1592
4420
824
1794
925
3387
2810
1124
3895
667
525
3355
615
995
688
1705
3434
512
910
490
650
310
2033
1464
4115
718
448
1382
259
1059
912
284
2870
462
315
4587
476
604
1009
3681
332
964
391
1496
347
2479
258
351
1199
680
2447
427
534
1244
279
3828
1792
699
1854
934
1347
918
837
3629
458
679
272
635
1352
2825
687
1359
330
1145
2894
729
1213
881
545
1123
1458
2860
2337
924
1252
3224
526
2095
475
1792
1284
792
761
290
367
2960
1912
570
1709
850
3071
372
2773
3504
723
411
871
627
2646
911
790
2387
2043
483
617
1618
939
553
1006
1792
2639
4060
1330
344
4313
548
2169
2162
438
3007
3566
611
738
855
379
2281
267
953
802
304
936
561
954
683
393
4424
448
547
265
468
1572
592
375
1320
470
3567
459
396
447
548
2344
4569
1966
910
305
2558
532
762
1218
691
447
725
405
601
286
291
580
967
2186
2045
609
557
939
4319
288
3323
2038
1223
2056
1688
482
375
394
2315
2965
3318
300
736
382
1088
498
1882
432
518
930
298
533
315
577
2985
367
1236
535
271
3621
1393
2063
551
1711
300
2898
1117
913
334
328
862
236
440
4386
693
471
741
382
1921
533
1807
937
429
1569
1357
454
355
477
425
271
3945
1491
1223
1673
2083
1000
523
769
739
221
2339
443
510
357
973
1587
569
453
618
4298
1855
361
698
4233
300
619
287
503
455
1524
414
1184
566
425
977
1426
367
3072
295
575
825
531
1521
1224
510
2209
4418
496
720
1542
4517
768
418
425
422
416
1662
1082
600
745
526
1656
1027
1455
3519
2435
380
1215
572
2941
223
364
2666
1269
393
579
2938
601
3645
549
2476
356
325
613
1340
736
3187
3333
333
261
663
429
1645
1483
566
567
238
308
1820
2502
958
4616
1278
897
2872
1100
2570
318
1134
354
297
1096
978
447
548
2713
2111
251
2848
252
1922
250
3348
914
838
836
4318
421
4621
540
1865
1022
2217
467
399
2322
312
4267
1641
737
1024
295
375
372
509
3348
670
2133
691
726
2561
1041
535
1331
471
1916
375
983
4177
3271
2194
708
478
1951
2392
344
570
924
1493
3375
2496
2102
1699
423
732
4105
635
2320
516
371
1661
1813
1488
826
712
732
4407
2503
1229
1614
3205
459
711
268
2492
936
369
887
3441
438
711
1382
1067
281
2116
2956
1216
572
2739
630
3362
3730
403
1738
768
244
903
374
856
447
1462
2371
323
2104
327
3534
3019
290
314
1712
859
648
588
382
2079
1445
2408
1443
468
1841
1535
1032
2061
629
995
1774
432
2534
1732
3497
691
591
3054
1713
3427
2499
1805
1143
390
2329
335
862
1992
592
300
300
3190
231
272
2829
1578
803
563
3549
519
2775
1717
410
3024
4603
1197
2147
376
322
2770
4538
864
740
1019
945
1053
741
1133
2432
4569
1602
760
2923
2093
553
3022
2571
684
418
799
487
1015
352
299
1550
742
1052
1021
3601
476
2841
1454
2214
1623
280
1445
547
2190
1046
623
1589
991
4011
2655
756
2522
621
324
1826
599
1479
311
3897
3515
378
743
420
1957
284
583
2930
462
1616
1778
663
300
553
765
385
2450
3204
1406
600
1439
733
1223
298
487
283
870
2512
3763
4104
352
717
1963
348
1044
2206
1309
358
357
467
1942
727
2178
1527
218
300
1606
2617
338
559
1701
3312
863
2079
244
333
578
4606
1046
2453
2906
1075
557
456
2155
878
439
2597
755
720
1390
968
552
995
3268
4202
574
299
364
519
991
653
2490
702
270
1417
1774
575
3907
2088
269
821
335
357
670
4583
3911
4613
975
1554
2507
3188
2131
1008
1354
4113
572
741
256
3321
631
580
319
415
772
3321
428
699
340
1074
2884
1460
969
829
642
409
1048
927
3654
414
1502
374
4611
1491
4286
1368
501
522
624
758
3956
3321
1526
1923
703
559
879
1805
1117
348
316
512
2232
1701
353
772
4610
977
2742
574
1297
938
787
432
355
372
1433
421
285
2012
817
1538
1659
423
1306
733
2769
4218
1000
1775
639
569
235
686
564
2325
680
257
297
1217
680
743
1984
1730
305
548
1477
2995
367
4481
1279
1462
277
672
4304
406
2127
2913
421
3147
1342
499
4616
2068
1081
2769
772
3113
662
1253
1013
877
2044
1035
300
2876
559
2843
671
4388
2265
1826
469
607
1141
2586
794
3548
244
3859
271
3544
741
509
1370
303
3726
4173
1813
526
607
673
499
964
3739
295
1535
3408
1370
904
497
407
3221
3099
528
1781
434
614
527
1492
2365
2811
1035
1458
2291
3765
460
871
520
558
655
1541
586
3395
1395
811
682
898
641
304
939
730
781
1269
1083
2032
2318
542
409
2161
4365
4178
235
2598
1177
542
948
939
3245
531
382
1922
2327
396
3687
2489
2443
1885
2574
2867
343
3019
275
607
468
2747
2483
472
470
1310
428
1121
1780
2872
570
1850
2604
298
1243
2121
1737
1033
349
364
275
1063
481
733
652
826
2400
1132
446
1385
3397
225
975
2020
3710
344
421
1187
3145
2983
394
2399
539
739
320
482
904
829
995
1401
437
646
541
882
479
3831
1890
1602
305
839
1487
3062
924
562
4180
457
1732
1915
1196
403
530
4089
307
470
1168
913
2771
967
1259
593
2782
723
1012
667
911
1047
806
888
2266
992
1567
3303
425
1107
602
2812
1330
3211
3892
3926
1383
1383
600
288
2848
354
355
4104
851
599
1224
4281
384
344
493
341
442
1579
289
415
898
1200
666
452
458
1367
285
1637
370
539
1003
759
3448
4060
1760
385
961
275
1788
1111
928
276
740
998
2086
1064
2097
451
948
1554
2846
1201
1278
312
1076
425
1333
4531
545
1762
2108
637
2095
2078
3100
3985
490
359
2438
1277
1325
1136
332
297
375
2881
638
499
298
3597
1602
436
526
3385
2485
2570
937
295
4119
1387
483
1693
2774
2910
4511
373
4567
1909
696
442
2180
1251
2511
1034
928
463
3108
732
1114
2034
596
2084
300
1089
2496
2851
2323
1457
3915
2232
2792
519
1855
1318
346
2104
436
728
1110
407
470
670
536
461
1751
878
247
686
395
947
1024
1120
4575
3695
514
2026
501
277
2487
2839
535
1049
557
586
879
554
620
837
2385
3668
1057
3166
664
1769
289
2719
2500
4326
729
2352
2871
2203
491
1947
636
648
2964
447
421
572
2279
326
443
593
1032
3210
2321
924
2238
283
2339
288
764
968
1269
2458
1407
1322
2266
1364
4049
2195
769
4500
425
586
730
549
3139
2420
280
861
1322
749
3429
930
2420
3224
557
333
1898
1617
267
574
1002
1027
3059
2130
489
1108
583
694
892
4026
1603
1675
2490
1131
1626
548
4345
504
458
507
948
522
2501
543
773
305
392
1935
821
2501
419
1957
1002
403
1858
238
3035
681
875
374
939
1023
740
3232
534
1548
1478
1668
3852
573
602
1858
348
594
2258
855
1656
2304
4587
1582
1351
2085
486
3725
3839
1594
1328
525
528
4335
762
4358
355
530
3503
1715
1679
292
3835
498
2179
628
316
3497
3166
474
317
293
971
674
278
4477
710
1110
1574
3172
335
1395
3861
1203
223
2091
3491
1002
310
573
1069
1198
342
268
592
2986
2494
298
432
343
273
457
1528
541
1480
3243
555
2612
408
240
2549
4473
699
4025
794
1877
2978
2998
486
1865
2052
781
939
1309
4345
2088
428
3986
1576
2713
384
954
532
400
419
618
633
3745
307
2032
2627
792
483
812
2428
3535
852
3542
2073
468
1624
3428
665
1178
445
528
4630
616
515
464
507
1749
1174
1314
2456
4037
254
3993
3519
1414
442
2363
726
1281
944
238
977
558
249
569
224
886
1220
1415
630
2275
2544
4427
298
3001
1228
1320
575
733
4244
790
2747
3042
367
612
3113
494
484
1742
893
937
1524
292
467
1500
701
871
574
868
285
543
560
1330
299
339
2787
279
2763
1650
322
999
2028
912
2344
1513
607
1987
459
281
942
626
2027
447
2104
1710
460
306
588
451
567
600
677
495
402
412
624
4039
4564
506
2857
696
1584
2108
3656
898
421
3644
588
1880
413
353
2492
456
395
594
646
1072
3657
599
3027
809
262
2346
1167
1648
288
1528
4298
2527
1911
449
1378
878
303
703
521
564
3699
309
4293
635
2012
2515
4527
445
859
1398
397
297
960
2645
3079
1835
1568
623
592
4640
1223
3354
2300
2610
715
1007
992
1054
1013
1646
1408
317
1562
309
522
4323
1852
3860
1064
546
1231
561
388
307
754
482
2054
292
332
790
651
4135
681
2538
659
3445
3888
1763
536
2832
1553
392
517
236
1404
1931
539
1080
591
3381
1832
260
2365
2870
4209
223
229
3720
487
2880
610
778
1277
3689
298
2114
2235
1675
1041
4438
1651
630
494
312
4509
426
660
1621
536
686
259
279
659
459
1694
489
4563
932
2016
412
526
438
626
235
1273
1704
2409
1819
570
465
729
272
3001
340
1181
972
352
739
980
2591
2560
911
1902
436
712
1096
1694
2421
301
360
858
680
522
379
790
735
1844
523
336
1162
2341
1034
712
2496
353
2954
958
526
358
450
813
558
516
3272
855
3133
3211
550
933
286
3022
3262
3375
1557
772
3326
649
3992
469
378
1645
282
1049
1761
1539
273
300
1648
2598
1648
517
400
1832
3351
3030
540
708
927
490
1872
388
1523
389
2788
250
2144
3333
2275
3325
1655
2670
3256
490
1099
293
336
1130
4122
2168
2276
1727
3601
473
1592
1150
487
497
1473
885
616
243
279
3532
467
238
1063
771
991
274
1986
742
3532
284
288
1082
2569
3521
744
452
233
438
806
4075
929
1032
741
1788
4317
568
4436
1634
644
873
892
886
1349
679
712
299
793
503
4128
1280
401
796
933
772
3204
681
1313
552
3426
288
4460
1688
3216
886
1738
724
980
574
344
1658
2102
2428
237
2327
3140
3807
3902
1905
2630
2450
753
4109
294
326
3208
445
436
536
1483
3793
570
3588
3079
860
1977
2255
791
2266
1419
1311
287
1260
258
396
2102
779
582
526
510
1449
4628
2372
945
239
448
2048
483
3958
753
1362
2136
587
782
2011
797
416
966
1893
1371
684
2059
1567
545
1888
299
1146
762
1462
1616
2129
644
2698
339
588
730
4190
936
832
1020
1726
314
687
551
3027
326
461
2085
719
747
1346
1322
325
2040
2587
885
604
2014
592
1052
1594
2882
1899
1017
4576
1168
594
558
1291
1267
1897
677
3216
520
2430
2086
2001
1729
559
2459
438
1980
958
292
539
1143
281
3921
251
1477
593
735
1260
3036
1981
676
370
718
911
1083
2759
2131
866
812
717
784
777
893
1693
1713
1430
291
1601
2880
701
3759
298
4204
1911
498
499
701
487
883
566
3397
318
844
460
3512
2152
2829
296
2505
2327
2015
344
2455
922
448
471
1218
3951
599
866
342
4603
893
347
1573
523
2777
477
305
3231
2086
957
4357
679
3024
897
303
3298
3070
1198
1320
268
547
1997
345
279
743
271
567
344
785
238
955
4234
635
3423
3544
3686
312
1698
352
863
657
852
932
520
2412
555
1657
2566
468
3783
3679
3039
311
1080
575
1089
1891
1852
503
250
542
1238
247
546
333
2309
2226
831
3869
486
850
430
1804
400
459
1142
1764
418
637
390
2679
895
376
2276
220
1756
2125
1708
657
1224
821
2835
399
386
3172
269
510
4451
438
1007
221
4023
472
283
2753
1610
1031
2684
2523
1061
917
268
266
935
3218
297
743
2037
1329
1969
1542
641
1169
1890
507
1297
997
2705
2793
3894
279
3679
3609
681
1061
2159
1193
1578
851
781
791
603
2775
1076
966
253
1420
1832
881
567
2246
2108
2412
1917
431
507
1395
679
448
957
1014
582
468
229
2661
3838
1242
268
3255
351
1983
235
692
1197
2007
389
306
796
583
2222
951
3538
270
3481
577
4476
555
2472
1253
1318
2632
4251
1579
1669
2353
728
3573
1458
2356
1411
893
1803
802
400
2850
1963
470
448
590
939
300
431
3180
978
2907
1201
258
4417
410
3517
1859
458
2092
656
2093
1090
296
422
1069
1807
2070
494
521
1143
451
1045
434
1369
928
477
1015
1072
511
1923
319
2498
2158
1317
3321
3391
3725
3757
582
417
751
264
270
1847
2616
312
483
238
867
735
591
3415
3763
1170
1610
740
1359
1089
3339
2692
1591
2266
336
412
641
784
648
1282
1714
311
368
939
1124
379
952
729
2932
694
220
1305
562
302
3632
376
1385
3350
2772
2198
1535
580
4232
1831
2967
950
544
1314
1831
581
865
652
2409
572
448
487
268
1473
1738
848
439
967
223
403
1811
401
